Problema 1
-------------------------------------------------------
LAO*:
Tiempo requerido: 3.411
Nodos expandidos: 389
Porcentajes del conjunto Z: [0.25, 0.5, 0.75, 1.0, 1.25, 1.25, 1.25, 1.5, 1.5, 1.75, 2.0, 2.25, 2.25, 2.0, 2.75, 3.0, 3.0, 3.25, 3.5, 3.5, 1.75, 4.25, 2.5, 5.0, 4.75, 3.5, 6.0, 3.25, 3.5, 3.75, 4.0, 1.5, 1.75, 2.0, 4.75, 4.75, 5.0, 5.25, 5.5, 5.75, 6.0, 6.25, 6.5, 6.5, 6.75, 6.75, 6.75, 6.75, 8.25, 8.75, 5.0, 5.25, 5.5, 5.75, 6.0, 6.25, 6.5, 6.75, 7.0, 7.25, 7.5, 7.75, 8.0, 8.25, 8.5, 8.75, 7.25, 6.25, 6.5, 6.75, 10.0, 10.25, 11.25, 10.0, 10.25, 10.5, 10.75, 11.0, 11.25, 11.5, 11.75, 12.0, 12.25, 12.5, 11.5, 12.75, 13.0, 12.75, 9.25, 6.5, 6.75, 7.0, 7.25, 7.5, 10.5, 20.25, 20.5, 7.75, 8.0, 8.25, 8.5, 22.5, 22.75, 12.5, 12.5, 12.75, 12.75, 13.25, 23.5, 23.75, 24.0, 13.5, 24.75, 26.0, 26.25, 25.0, 25.25, 27.25, 27.5, 25.5, 13.5, 13.5, 14.0, 11.75, 14.25, 9.25, 9.5, 17.5, 17.75, 18.0, 18.25, 18.5, 17.25, 17.5, 17.75, 18.0, 31.0, 18.25, 18.5, 18.75, 30.5, 19.0, 19.25, 19.5, 11.5, 11.75, 19.75, 12.0, 20.0, 20.25, 20.5, 21.0, 21.25, 21.25, 21.75, 22.0, 22.25, 21.5, 21.5, 22.25, 9.75, 10.0, 10.25, 11.25, 11.5, 11.75, 12.0, 12.25, 12.5, 12.5, 24.75, 12.75, 13.0, 13.25, 13.5, 23.25, 3.5, 23.75, 12.5, 14.0, 13.25, 13.75, 13.5, 13.75, 15.5, 15.75, 42.25, 14.0, 14.25, 14.5, 15.25, 14.75, 15.0, 15.25, 15.5, 17.25, 15.5, 15.75, 16.0, 29.5, 16.5, 18.5, 18.75, 19.0, 19.25, 19.5, 31.75, 19.75, 20.0, 20.25, 21.0, 34.0, 19.75, 20.0, 34.75, 22.75, 23.0, 23.25, 23.5, 19.25, 19.5, 19.75, 20.0, 20.25, 20.5, 20.0, 21.0, 21.25, 21.5, 20.25, 20.5, 22.25, 21.25, 22.75, 37.75, 38.0, 38.0, 38.25, 38.75, 38.75, 39.5, 39.75, 23.0, 23.25, 23.5, 23.75, 52.25, 24.0, 24.25, 24.5, 24.75, 24.5, 24.75, 25.0, 25.25, 25.25, 25.5, 26.25, 26.5, 23.0, 23.25, 24.5, 24.75, 30.5, 24.75, 23.75, 27.25, 45.25, 24.25, 24.5, 47.25, 24.75, 25.0, 47.75, 29.5, 28.5, 28.75, 29.0, 48.75, 27.75, 34.75, 49.5, 50.0, 50.25, 50.5, 50.75, 51.0, 51.25, 51.5, 51.75, 52.0, 52.25, 52.5, 52.75, 53.0, 53.25, 53.5, 53.75, 54.0, 54.25, 54.5, 54.75, 55.0, 55.25, 55.5, 55.75, 56.0, 56.25, 56.25, 56.75, 57.0, 57.25, 57.5, 57.75, 58.0, 58.25, 58.5, 58.75, 59.0, 59.25, 59.5, 59.75, 64.0, 64.25, 64.5, 64.75, 65.0, 65.25, 65.5, 65.75, 66.0, 66.25, 66.5, 66.75, 67.0, 67.25, 67.5, 67.75, 68.0, 68.25, 68.5, 68.75, 69.5, 69.0, 69.25, 69.5, 70.75, 69.75, 74.0, 70.0, 70.25, 81.5, 86.5, 71.0, 77.5, 87.5, 80.25, 80.5, 80.75, 81.0, 81.25, 75.0, 75.25, 75.5, 75.75, 82.5, 82.75, 90.75, 84.75, 85.0, 85.25, 91.75, 92.0, 92.25, 92.5, 92.75, 93.0, 93.25, 94.0, 94.25, 94.5, 94.75, 95.0, 95.25, 95.5, 95.75, 96.0, 96.25, 96.5]

ILAO*:
Tiempo requerido: 0.107
Nodos expandidos: 399

RLAO*:
Tiempo requerido: 0.143
Nodos expandidos: 394

BLAO*:
Tiempo requerido: 0.091
Nodos expandidos: 392

VI:
Tiempo requerido: 0.115
Numero de iteraciones: 22743
-------------------------------------------------------
Problema 2
-------------------------------------------------------
LAO*:
Tiempo requerido: 2.908
Nodos expandidos: 393
Porcentajes del conjunto Z: [0.25, 0.5, 0.75, 0.75, 1.0, 1.25, 1.5, 1.75, 1.5, 2.25, 2.25, 2.5, 2.75, 3.0, 3.25, 3.5, 3.75, 3.5, 3.5, 4.0, 4.25, 3.75, 4.75, 5.0, 4.75, 5.0, 5.25, 5.5, 5.75, 6.0, 6.5, 6.75, 7.0, 7.25, 7.5, 4.25, 8.0, 8.25, 8.5, 2.25, 2.5, 1.0, 1.25, 1.5, 10.0, 8.75, 8.0, 9.0, 9.25, 9.5, 9.75, 10.0, 10.25, 10.5, 10.75, 11.0, 11.25, 11.5, 11.75, 12.0, 12.25, 12.5, 12.75, 13.0, 8.5, 8.75, 13.5, 13.75, 15.5, 5.5, 9.25, 6.0, 6.25, 6.5, 6.75, 7.0, 7.25, 6.25, 6.5, 6.75, 8.25, 19.25, 8.0, 8.75, 12.0, 12.25, 12.5, 12.75, 13.0, 13.25, 11.25, 10.5, 2.5, 2.75, 3.0, 3.25, 3.5, 3.75, 5.0, 3.75, 5.5, 19.75, 20.0, 20.25, 5.5, 6.5, 6.75, 4.0, 4.25, 4.5, 4.75, 5.0, 5.25, 5.5, 8.75, 3.75, 3.25, 4.25, 4.5, 4.75, 5.0, 5.5, 13.0, 2.0, 6.0, 6.25, 6.5, 6.5, 6.75, 7.0, 22.75, 15.25, 23.0, 15.5, 15.75, 18.5, 18.75, 6.75, 7.0, 33.0, 33.25, 8.0, 8.25, 8.5, 8.75, 9.0, 9.25, 9.5, 9.75, 10.0, 10.25, 10.5, 10.75, 10.75, 7.25, 7.25, 11.0, 6.25, 6.5, 6.75, 24.75, 6.75, 6.0, 12.25, 16.25, 16.5, 16.5, 14.75, 18.5, 18.75, 19.0, 19.25, 19.5, 19.75, 20.0, 20.25, 20.5, 20.75, 21.25, 21.5, 21.75, 22.0, 22.25, 22.5, 23.75, 24.0, 24.25, 24.0, 24.25, 24.5, 24.5, 25.0, 24.75, 25.0, 25.25, 25.5, 26.0, 26.25, 26.5, 4.75, 22.25, 29.5, 23.0, 30.5, 31.0, 31.5, 2.25, 2.5, 28.5, 23.75, 38.0, 24.0, 43.0, 28.5, 29.5, 45.75, 31.25, 46.25, 52.0, 46.5, 46.75, 47.0, 12.75, 31.75, 15.5, 35.5, 35.75, 48.5, 9.0, 9.25, 9.5, 9.75, 10.0, 10.25, 10.5, 10.75, 10.75, 11.0, 11.5, 11.75, 12.0, 55.0, 55.25, 35.75, 36.75, 37.0, 56.25, 40.5, 24.75, 25.0, 25.25, 25.5, 42.0, 20.75, 63.75, 58.25, 42.5, 42.75, 43.0, 43.25, 43.5, 43.75, 44.0, 44.0, 44.5, 44.75, 21.25, 21.5, 21.75, 22.0, 61.75, 45.75, 62.5, 62.25, 64.0, 64.25, 64.5, 64.75, 69.5, 69.75, 70.0, 70.25, 70.5, 70.75, 71.0, 71.25, 71.5, 71.75, 72.0, 72.25, 72.75, 73.0, 73.25, 73.5, 73.75, 74.0, 74.25, 74.5, 74.75, 75.0, 38.0, 38.25, 38.5, 38.75, 42.75, 76.5, 76.75, 77.0, 77.25, 77.5, 77.75, 78.0, 78.25, 78.5, 78.75, 79.0, 79.25, 79.5, 79.75, 80.0, 79.75, 80.0, 80.25, 80.5, 80.75, 81.0, 81.25, 81.5, 81.75, 82.0, 82.25, 82.5, 82.75, 83.0, 83.25, 84.0, 84.25, 84.5, 84.75, 85.0, 85.25, 85.5, 85.75, 86.0, 86.25, 86.5, 86.75, 87.0, 87.25, 87.5, 87.75, 88.0, 88.25, 88.5, 88.75, 89.0, 89.25, 89.5, 88.75, 39.75, 40.0, 40.25, 41.5, 41.75, 42.0, 42.0, 42.25, 42.5, 42.25, 43.0, 40.5, 40.75, 43.75, 44.25, 44.5, 44.75, 45.0, 45.25, 45.5, 45.75, 95.25, 51.0, 46.25, 46.5, 96.25, 51.75, 52.0, 52.25, 52.5, 47.75, 48.0, 48.25, 48.5]

ILAO*:
Tiempo requerido: 0.167
Nodos expandidos: 399

RLAO*:
Tiempo requerido: 0.17
Nodos expandidos: 399

BLAO*:
Tiempo requerido: 0.097
Nodos expandidos: 400

VI:
Tiempo requerido: 0.125
Numero de iteraciones: 22743
-------------------------------------------------------
Problema 3
-------------------------------------------------------
LAO*:
Tiempo requerido: 3.481
Nodos expandidos: 392
Porcentajes del conjunto Z: [0.25, 0.5, 0.75, 1.0, 0.5, 0.75, 1.0, 1.5, 1.75, 2.0, 2.25, 2.5, 2.5, 3.0, 3.25, 3.25, 2.75, 3.0, 3.25, 3.25, 3.75, 4.0, 2.75, 3.25, 3.75, 3.0, 1.25, 3.5, 4.25, 3.0, 5.0, 5.25, 5.5, 5.75, 6.0, 6.0, 6.75, 7.0, 7.25, 7.5, 6.25, 2.5, 2.75, 8.5, 8.75, 9.0, 9.5, 9.5, 9.75, 7.75, 2.0, 2.25, 3.0, 11.0, 10.25, 11.5, 11.75, 12.0, 12.25, 12.5, 12.75, 13.0, 13.25, 13.5, 13.75, 13.0, 13.25, 14.5, 7.75, 8.0, 8.25, 8.5, 8.75, 9.0, 9.25, 9.5, 9.75, 9.75, 10.0, 10.25, 10.5, 15.0, 10.5, 10.75, 11.0, 11.25, 11.25, 11.5, 11.5, 11.75, 11.75, 12.5, 12.75, 13.25, 13.5, 13.75, 14.0, 14.25, 13.75, 15.0, 14.0, 15.5, 15.75, 20.0, 13.0, 22.25, 20.5, 10.75, 9.25, 11.5, 14.5, 16.5, 27.25, 7.0, 7.25, 7.5, 6.5, 8.0, 17.75, 18.0, 18.25, 18.5, 18.75, 25.0, 19.0, 19.25, 19.5, 19.75, 20.0, 20.25, 20.25, 20.5, 20.75, 21.0, 21.25, 21.25, 21.5, 22.0, 22.25, 22.5, 22.75, 28.0, 20.75, 23.25, 23.5, 27.0, 16.25, 14.5, 14.75, 15.0, 15.25, 17.5, 17.75, 18.0, 18.25, 15.5, 15.75, 16.0, 16.0, 16.25, 16.5, 29.5, 14.75, 15.0, 15.0, 15.5, 15.75, 16.0, 16.25, 16.5, 21.25, 10.0, 17.5, 12.25, 12.75, 13.0, 13.0, 11.25, 11.5, 11.75, 12.0, 12.5, 12.75, 13.0, 13.25, 12.75, 40.5, 19.25, 14.5, 14.75, 30.75, 31.0, 31.25, 31.5, 31.75, 31.5, 15.75, 16.5, 16.75, 17.0, 17.5, 17.75, 17.75, 33.0, 33.25, 33.5, 33.75, 34.0, 34.25, 34.5, 34.5, 34.75, 35.0, 35.5, 35.75, 36.0, 36.25, 36.5, 36.75, 43.0, 36.75, 37.0, 37.5, 37.75, 37.25, 38.25, 46.5, 38.5, 38.75, 39.0, 39.25, 39.5, 41.75, 42.0, 42.25, 42.5, 41.25, 41.75, 42.0, 50.25, 39.75, 43.25, 43.5, 43.5, 44.0, 44.25, 44.5, 44.75, 44.25, 44.5, 45.0, 45.25, 45.5, 45.75, 46.75, 47.0, 47.25, 47.5, 47.75, 32.5, 32.75, 33.0, 33.25, 33.5, 16.5, 34.25, 34.5, 34.75, 35.0, 35.25, 35.5, 35.75, 60.25, 36.0, 60.75, 35.5, 35.5, 36.75, 16.5, 24.25, 37.25, 24.5, 16.75, 17.0, 17.25, 18.25, 18.5, 71.0, 27.25, 18.75, 39.5, 64.75, 65.0, 65.25, 72.5, 72.75, 73.0, 67.75, 68.0, 68.25, 68.5, 68.75, 69.0, 69.25, 69.5, 69.75, 70.0, 70.25, 70.25, 70.5, 70.75, 71.0, 71.25, 71.5, 71.75, 72.0, 72.25, 72.5, 72.75, 73.0, 73.25, 73.25, 73.75, 74.0, 74.25, 74.5, 74.5, 75.0, 75.25, 75.5, 75.5, 75.75, 76.0, 76.5, 76.75, 77.0, 77.25, 77.5, 77.75, 78.0, 78.5, 78.75, 79.0, 79.25, 79.5, 80.0, 80.25, 80.5, 80.75, 81.0, 82.0, 82.25, 82.5, 82.75, 44.75, 50.25, 89.0, 80.75, 81.0, 89.75, 50.75, 90.25, 53.75, 54.0, 54.25, 54.5, 54.75, 92.0, 55.0, 55.25, 92.75, 93.0, 93.25, 93.5, 93.75, 94.0, 94.25, 94.5, 94.75, 95.0, 95.25, 95.5, 95.75, 96.0, 96.25, 96.5, 96.75, 97.0, 97.25, 97.5, 48.0, 48.25]

ILAO*:
Tiempo requerido: 0.109
Nodos expandidos: 399

RLAO*:
Tiempo requerido: 0.116
Nodos expandidos: 393

BLAO*:
Tiempo requerido: 0.091
Nodos expandidos: 394

VI:
Tiempo requerido: 0.117
Numero de iteraciones: 22743
-------------------------------------------------------
Problema 4
-------------------------------------------------------
LAO*:
Tiempo requerido: 2.865
Nodos expandidos: 393
Porcentajes del conjunto Z: [0.25, 0.5, 0.75, 0.75, 1.0, 1.25, 1.5, 1.75, 1.5, 2.25, 2.25, 2.5, 2.75, 3.0, 3.25, 3.5, 3.75, 3.5, 3.5, 4.0, 4.25, 3.75, 4.75, 5.0, 4.75, 5.0, 5.25, 5.5, 5.75, 6.0, 6.5, 6.75, 7.0, 7.25, 7.5, 4.25, 8.0, 8.25, 8.5, 2.25, 2.5, 1.0, 1.25, 1.5, 10.0, 8.75, 8.0, 9.0, 9.25, 9.5, 9.75, 10.0, 10.25, 10.5, 10.75, 11.0, 11.25, 11.5, 11.75, 12.0, 12.25, 12.5, 12.75, 13.0, 8.5, 8.75, 13.5, 13.75, 15.5, 5.5, 9.25, 6.0, 6.25, 6.5, 6.75, 7.0, 7.25, 6.25, 6.5, 6.75, 8.25, 19.25, 8.0, 8.75, 12.0, 12.25, 12.5, 12.75, 13.0, 13.25, 11.25, 10.5, 2.5, 2.75, 3.0, 3.25, 3.5, 3.75, 5.0, 3.75, 5.5, 19.75, 20.0, 20.25, 5.5, 6.5, 6.75, 4.0, 4.25, 4.5, 4.75, 5.0, 5.25, 5.5, 8.75, 3.75, 3.25, 4.25, 4.5, 4.75, 5.0, 5.5, 13.0, 2.0, 6.0, 6.25, 6.5, 6.5, 6.75, 7.0, 22.75, 15.25, 23.0, 15.5, 15.75, 18.5, 18.75, 6.75, 7.0, 33.0, 33.25, 8.0, 8.25, 8.5, 8.75, 9.0, 9.25, 9.5, 9.75, 10.0, 10.25, 10.5, 10.75, 10.75, 7.25, 7.25, 11.0, 6.25, 6.5, 6.75, 24.75, 6.75, 6.0, 12.25, 16.25, 16.5, 16.5, 14.75, 18.5, 18.75, 19.0, 19.25, 19.5, 19.75, 20.0, 20.25, 20.5, 20.75, 21.25, 21.5, 21.75, 22.0, 22.25, 22.5, 23.75, 24.0, 24.25, 24.0, 24.25, 24.5, 24.5, 25.0, 24.75, 25.0, 25.25, 25.5, 26.0, 26.25, 26.5, 4.75, 22.25, 29.5, 23.0, 30.5, 31.0, 31.5, 2.25, 2.5, 28.5, 23.75, 38.0, 24.0, 43.0, 28.5, 29.5, 45.75, 31.25, 46.25, 52.0, 46.5, 46.75, 47.0, 12.75, 31.75, 15.5, 35.5, 35.75, 48.5, 9.0, 9.25, 9.5, 9.75, 10.0, 10.25, 10.5, 10.75, 10.75, 11.0, 11.5, 11.75, 12.0, 55.0, 55.25, 35.75, 36.75, 37.0, 56.25, 40.5, 24.75, 25.0, 25.25, 25.5, 42.0, 20.75, 63.75, 58.25, 42.5, 42.75, 43.0, 43.25, 43.5, 43.75, 44.0, 44.0, 44.5, 44.75, 21.25, 21.5, 21.75, 22.0, 61.75, 45.75, 62.5, 62.25, 64.0, 64.25, 64.5, 64.75, 69.5, 69.75, 70.0, 70.25, 70.5, 70.75, 71.0, 71.25, 71.5, 71.75, 72.0, 72.25, 72.75, 73.0, 73.25, 73.5, 73.75, 74.0, 74.25, 74.5, 74.75, 75.0, 38.0, 38.25, 38.5, 38.75, 42.75, 76.5, 76.75, 77.0, 77.25, 77.5, 77.75, 78.0, 78.25, 78.5, 78.75, 79.0, 79.25, 79.5, 79.75, 80.0, 79.75, 80.0, 80.25, 80.5, 80.75, 81.0, 81.25, 81.5, 81.75, 82.0, 82.25, 82.5, 82.75, 83.0, 83.25, 84.0, 84.25, 84.5, 84.75, 85.0, 85.25, 85.5, 85.75, 86.0, 86.25, 86.5, 86.75, 87.0, 87.25, 87.5, 87.75, 88.0, 88.25, 88.5, 88.75, 89.0, 89.25, 89.5, 88.75, 39.75, 40.0, 40.25, 41.5, 41.75, 42.0, 42.0, 42.25, 42.5, 42.25, 43.0, 40.5, 40.75, 43.75, 44.25, 44.5, 44.75, 45.0, 45.25, 45.5, 45.75, 95.25, 51.0, 46.25, 46.5, 96.25, 51.75, 52.0, 52.25, 52.5, 47.75, 48.0, 48.25, 48.5]

ILAO*:
Tiempo requerido: 0.113
Nodos expandidos: 399

RLAO*:
Tiempo requerido: 0.151
Nodos expandidos: 399

BLAO*:
Tiempo requerido: 0.096
Nodos expandidos: 400

VI:
Tiempo requerido: 0.116
Numero de iteraciones: 22743
-------------------------------------------------------
Problema 5
-------------------------------------------------------
LAO*:
Tiempo requerido: 3.353
Nodos expandidos: 389
Porcentajes del conjunto Z: [0.25, 0.5, 0.75, 1.0, 1.25, 1.25, 1.25, 1.5, 1.5, 1.75, 2.0, 2.25, 2.25, 2.0, 2.75, 3.0, 3.0, 3.25, 3.5, 3.5, 1.75, 4.25, 2.5, 5.0, 4.75, 3.5, 6.0, 3.25, 3.5, 3.75, 4.0, 1.5, 1.75, 2.0, 4.75, 4.75, 5.0, 5.25, 5.5, 5.75, 6.0, 6.25, 6.5, 6.5, 6.75, 6.75, 6.75, 6.75, 8.25, 8.75, 5.0, 5.25, 5.5, 5.75, 6.0, 6.25, 6.5, 6.75, 7.0, 7.25, 7.5, 7.75, 8.0, 8.25, 8.5, 8.75, 7.25, 6.25, 6.5, 6.75, 10.0, 10.25, 11.25, 10.0, 10.25, 10.5, 10.75, 11.0, 11.25, 11.5, 11.75, 12.0, 12.25, 12.5, 11.5, 12.75, 13.0, 12.75, 9.25, 6.5, 6.75, 7.0, 7.25, 7.5, 10.5, 20.25, 20.5, 7.75, 8.0, 8.25, 8.5, 22.5, 22.75, 12.5, 12.5, 12.75, 12.75, 13.25, 23.5, 23.75, 24.0, 13.5, 24.75, 26.0, 26.25, 25.0, 25.25, 27.25, 27.5, 25.5, 13.5, 13.5, 14.0, 11.75, 14.25, 9.25, 9.5, 17.5, 17.75, 18.0, 18.25, 18.5, 17.25, 17.5, 17.75, 18.0, 31.0, 18.25, 18.5, 18.75, 30.5, 19.0, 19.25, 19.5, 11.5, 11.75, 19.75, 12.0, 20.0, 20.25, 20.5, 21.0, 21.25, 21.25, 21.75, 22.0, 22.25, 21.5, 21.5, 22.25, 9.75, 10.0, 10.25, 11.25, 11.5, 11.75, 12.0, 12.25, 12.5, 12.5, 24.75, 12.75, 13.0, 13.25, 13.5, 23.25, 3.5, 23.75, 12.5, 14.0, 13.25, 13.75, 13.5, 13.75, 15.5, 15.75, 42.25, 14.0, 14.25, 14.5, 15.25, 14.75, 15.0, 15.25, 15.5, 17.25, 15.5, 15.75, 16.0, 29.5, 16.5, 18.5, 18.75, 19.0, 19.25, 19.5, 31.75, 19.75, 20.0, 20.25, 21.0, 34.0, 19.75, 20.0, 34.75, 22.75, 23.0, 23.25, 23.5, 19.25, 19.5, 19.75, 20.0, 20.25, 20.5, 20.0, 21.0, 21.25, 21.5, 20.25, 20.5, 22.25, 21.25, 22.75, 37.75, 38.0, 38.0, 38.25, 38.75, 38.75, 39.5, 39.75, 23.0, 23.25, 23.5, 23.75, 52.25, 24.0, 24.25, 24.5, 24.75, 24.5, 24.75, 25.0, 25.25, 25.25, 25.5, 26.25, 26.5, 23.0, 23.25, 24.5, 24.75, 30.5, 24.75, 23.75, 27.25, 45.25, 24.25, 24.5, 47.25, 24.75, 25.0, 47.75, 29.5, 28.5, 28.75, 29.0, 48.75, 27.75, 34.75, 49.5, 50.0, 50.25, 50.5, 50.75, 51.0, 51.25, 51.5, 51.75, 52.0, 52.25, 52.5, 52.75, 53.0, 53.25, 53.5, 53.75, 54.0, 54.25, 54.5, 54.75, 55.0, 55.25, 55.5, 55.75, 56.0, 56.25, 56.25, 56.75, 57.0, 57.25, 57.5, 57.75, 58.0, 58.25, 58.5, 58.75, 59.0, 59.25, 59.5, 59.75, 64.0, 64.25, 64.5, 64.75, 65.0, 65.25, 65.5, 65.75, 66.0, 66.25, 66.5, 66.75, 67.0, 67.25, 67.5, 67.75, 68.0, 68.25, 68.5, 68.75, 69.5, 69.0, 69.25, 69.5, 70.75, 69.75, 74.0, 70.0, 70.25, 81.5, 86.5, 71.0, 77.5, 87.5, 80.25, 80.5, 80.75, 81.0, 81.25, 75.0, 75.25, 75.5, 75.75, 82.5, 82.75, 90.75, 84.75, 85.0, 85.25, 91.75, 92.0, 92.25, 92.5, 92.75, 93.0, 93.25, 94.0, 94.25, 94.5, 94.75, 95.0, 95.25, 95.5, 95.75, 96.0, 96.25, 96.5]

ILAO*:
Tiempo requerido: 0.105
Nodos expandidos: 399

RLAO*:
Tiempo requerido: 0.118
Nodos expandidos: 394

BLAO*:
Tiempo requerido: 0.088
Nodos expandidos: 392

VI:
Tiempo requerido: 0.118
Numero de iteraciones: 22743
-------------------------------------------------------
Problema 6
-------------------------------------------------------
LAO*:
Tiempo requerido: 3.398
Nodos expandidos: 392
Porcentajes del conjunto Z: [0.25, 0.5, 0.75, 1.0, 0.5, 0.75, 1.0, 1.5, 1.75, 2.0, 2.25, 2.5, 2.5, 3.0, 3.25, 3.25, 2.75, 3.0, 3.25, 3.25, 3.75, 4.0, 2.75, 3.25, 3.75, 3.0, 1.25, 3.5, 4.25, 3.0, 5.0, 5.25, 5.5, 5.75, 6.0, 6.0, 6.75, 7.0, 7.25, 7.5, 6.25, 2.5, 2.75, 8.5, 8.75, 9.0, 9.5, 9.5, 9.75, 7.75, 2.0, 2.25, 3.0, 11.0, 10.25, 11.5, 11.75, 12.0, 12.25, 12.5, 12.75, 13.0, 13.25, 13.5, 13.75, 13.0, 13.25, 14.5, 7.75, 8.0, 8.25, 8.5, 8.75, 9.0, 9.25, 9.5, 9.75, 9.75, 10.0, 10.25, 10.5, 15.0, 10.5, 10.75, 11.0, 11.25, 11.25, 11.5, 11.5, 11.75, 11.75, 12.5, 12.75, 13.25, 13.5, 13.75, 14.0, 14.25, 13.75, 15.0, 14.0, 15.5, 15.75, 20.0, 13.0, 22.25, 20.5, 10.75, 9.25, 11.5, 14.5, 16.5, 27.25, 7.0, 7.25, 7.5, 6.5, 8.0, 17.75, 18.0, 18.25, 18.5, 18.75, 25.0, 19.0, 19.25, 19.5, 19.75, 20.0, 20.25, 20.25, 20.5, 20.75, 21.0, 21.25, 21.25, 21.5, 22.0, 22.25, 22.5, 22.75, 28.0, 20.75, 23.25, 23.5, 27.0, 16.25, 14.5, 14.75, 15.0, 15.25, 17.5, 17.75, 18.0, 18.25, 15.5, 15.75, 16.0, 16.0, 16.25, 16.5, 29.5, 14.75, 15.0, 15.0, 15.5, 15.75, 16.0, 16.25, 16.5, 21.25, 10.0, 17.5, 12.25, 12.75, 13.0, 13.0, 11.25, 11.5, 11.75, 12.0, 12.5, 12.75, 13.0, 13.25, 12.75, 40.5, 19.25, 14.5, 14.75, 30.75, 31.0, 31.25, 31.5, 31.75, 31.5, 15.75, 16.5, 16.75, 17.0, 17.5, 17.75, 17.75, 33.0, 33.25, 33.5, 33.75, 34.0, 34.25, 34.5, 34.5, 34.75, 35.0, 35.5, 35.75, 36.0, 36.25, 36.5, 36.75, 43.0, 36.75, 37.0, 37.5, 37.75, 37.25, 38.25, 46.5, 38.5, 38.75, 39.0, 39.25, 39.5, 41.75, 42.0, 42.25, 42.5, 41.25, 41.75, 42.0, 50.25, 39.75, 43.25, 43.5, 43.5, 44.0, 44.25, 44.5, 44.75, 44.25, 44.5, 45.0, 45.25, 45.5, 45.75, 46.75, 47.0, 47.25, 47.5, 47.75, 32.5, 32.75, 33.0, 33.25, 33.5, 16.5, 34.25, 34.5, 34.75, 35.0, 35.25, 35.5, 35.75, 60.25, 36.0, 60.75, 35.5, 35.5, 36.75, 16.5, 24.25, 37.25, 24.5, 16.75, 17.0, 17.25, 18.25, 18.5, 71.0, 27.25, 18.75, 39.5, 64.75, 65.0, 65.25, 72.5, 72.75, 73.0, 67.75, 68.0, 68.25, 68.5, 68.75, 69.0, 69.25, 69.5, 69.75, 70.0, 70.25, 70.25, 70.5, 70.75, 71.0, 71.25, 71.5, 71.75, 72.0, 72.25, 72.5, 72.75, 73.0, 73.25, 73.25, 73.75, 74.0, 74.25, 74.5, 74.5, 75.0, 75.25, 75.5, 75.5, 75.75, 76.0, 76.5, 76.75, 77.0, 77.25, 77.5, 77.75, 78.0, 78.5, 78.75, 79.0, 79.25, 79.5, 80.0, 80.25, 80.5, 80.75, 81.0, 82.0, 82.25, 82.5, 82.75, 44.75, 50.25, 89.0, 80.75, 81.0, 89.75, 50.75, 90.25, 53.75, 54.0, 54.25, 54.5, 54.75, 92.0, 55.0, 55.25, 92.75, 93.0, 93.25, 93.5, 93.75, 94.0, 94.25, 94.5, 94.75, 95.0, 95.25, 95.5, 95.75, 96.0, 96.25, 96.5, 96.75, 97.0, 97.25, 97.5, 48.0, 48.25]

ILAO*:
Tiempo requerido: 0.119
Nodos expandidos: 399

RLAO*:
Tiempo requerido: 0.117
Nodos expandidos: 393

BLAO*:
Tiempo requerido: 0.091
Nodos expandidos: 394

VI:
Tiempo requerido: 0.123
Numero de iteraciones: 22743
-------------------------------------------------------
Problema 7
-------------------------------------------------------
LAO*:
Tiempo requerido: 3.447
Nodos expandidos: 389
Porcentajes del conjunto Z: [0.25, 0.5, 0.75, 1.0, 1.25, 1.25, 1.25, 1.5, 1.5, 1.75, 2.0, 2.25, 2.25, 2.0, 2.75, 3.0, 3.0, 3.25, 3.5, 3.5, 1.75, 4.25, 2.5, 5.0, 4.75, 3.5, 6.0, 3.25, 3.5, 3.75, 4.0, 1.5, 1.75, 2.0, 4.75, 4.75, 5.0, 5.25, 5.5, 5.75, 6.0, 6.25, 6.5, 6.5, 6.75, 6.75, 6.75, 6.75, 8.25, 8.75, 5.0, 5.25, 5.5, 5.75, 6.0, 6.25, 6.5, 6.75, 7.0, 7.25, 7.5, 7.75, 8.0, 8.25, 8.5, 8.75, 7.25, 6.25, 6.5, 6.75, 10.0, 10.25, 11.25, 10.0, 10.25, 10.5, 10.75, 11.0, 11.25, 11.5, 11.75, 12.0, 12.25, 12.5, 11.5, 12.75, 13.0, 12.75, 9.25, 6.5, 6.75, 7.0, 7.25, 7.5, 10.5, 20.25, 20.5, 7.75, 8.0, 8.25, 8.5, 22.5, 22.75, 12.5, 12.5, 12.75, 12.75, 13.25, 23.5, 23.75, 24.0, 13.5, 24.75, 26.0, 26.25, 25.0, 25.25, 27.25, 27.5, 25.5, 13.5, 13.5, 14.0, 11.75, 14.25, 9.25, 9.5, 17.5, 17.75, 18.0, 18.25, 18.5, 17.25, 17.5, 17.75, 18.0, 31.0, 18.25, 18.5, 18.75, 30.5, 19.0, 19.25, 19.5, 11.5, 11.75, 19.75, 12.0, 20.0, 20.25, 20.5, 21.0, 21.25, 21.25, 21.75, 22.0, 22.25, 21.5, 21.5, 22.25, 9.75, 10.0, 10.25, 11.25, 11.5, 11.75, 12.0, 12.25, 12.5, 12.5, 24.75, 12.75, 13.0, 13.25, 13.5, 23.25, 3.5, 23.75, 12.5, 14.0, 13.25, 13.75, 13.5, 13.75, 15.5, 15.75, 42.25, 14.0, 14.25, 14.5, 15.25, 14.75, 15.0, 15.25, 15.5, 17.25, 15.5, 15.75, 16.0, 29.5, 16.5, 18.5, 18.75, 19.0, 19.25, 19.5, 31.75, 19.75, 20.0, 20.25, 21.0, 34.0, 19.75, 20.0, 34.75, 22.75, 23.0, 23.25, 23.5, 19.25, 19.5, 19.75, 20.0, 20.25, 20.5, 20.0, 21.0, 21.25, 21.5, 20.25, 20.5, 22.25, 21.25, 22.75, 37.75, 38.0, 38.0, 38.25, 38.75, 38.75, 39.5, 39.75, 23.0, 23.25, 23.5, 23.75, 52.25, 24.0, 24.25, 24.5, 24.75, 24.5, 24.75, 25.0, 25.25, 25.25, 25.5, 26.25, 26.5, 23.0, 23.25, 24.5, 24.75, 30.5, 24.75, 23.75, 27.25, 45.25, 24.25, 24.5, 47.25, 24.75, 25.0, 47.75, 29.5, 28.5, 28.75, 29.0, 48.75, 27.75, 34.75, 49.5, 50.0, 50.25, 50.5, 50.75, 51.0, 51.25, 51.5, 51.75, 52.0, 52.25, 52.5, 52.75, 53.0, 53.25, 53.5, 53.75, 54.0, 54.25, 54.5, 54.75, 55.0, 55.25, 55.5, 55.75, 56.0, 56.25, 56.25, 56.75, 57.0, 57.25, 57.5, 57.75, 58.0, 58.25, 58.5, 58.75, 59.0, 59.25, 59.5, 59.75, 64.0, 64.25, 64.5, 64.75, 65.0, 65.25, 65.5, 65.75, 66.0, 66.25, 66.5, 66.75, 67.0, 67.25, 67.5, 67.75, 68.0, 68.25, 68.5, 68.75, 69.5, 69.0, 69.25, 69.5, 70.75, 69.75, 74.0, 70.0, 70.25, 81.5, 86.5, 71.0, 77.5, 87.5, 80.25, 80.5, 80.75, 81.0, 81.25, 75.0, 75.25, 75.5, 75.75, 82.5, 82.75, 90.75, 84.75, 85.0, 85.25, 91.75, 92.0, 92.25, 92.5, 92.75, 93.0, 93.25, 94.0, 94.25, 94.5, 94.75, 95.0, 95.25, 95.5, 95.75, 96.0, 96.25, 96.5]

ILAO*:
Tiempo requerido: 0.104
Nodos expandidos: 399

RLAO*:
Tiempo requerido: 0.118
Nodos expandidos: 394

BLAO*:
Tiempo requerido: 0.088
Nodos expandidos: 392

VI:
Tiempo requerido: 0.117
Numero de iteraciones: 22743
-------------------------------------------------------
Problema 8
-------------------------------------------------------
LAO*:
Tiempo requerido: 3.539
Nodos expandidos: 389
Porcentajes del conjunto Z: [0.25, 0.5, 0.75, 1.0, 1.25, 1.25, 1.25, 1.5, 1.5, 1.75, 2.0, 2.25, 2.25, 2.0, 2.75, 3.0, 3.0, 3.25, 3.5, 3.5, 1.75, 4.25, 2.5, 5.0, 4.75, 3.5, 6.0, 3.25, 3.5, 3.75, 4.0, 1.5, 1.75, 2.0, 4.75, 4.75, 5.0, 5.25, 5.5, 5.75, 6.0, 6.25, 6.5, 6.5, 6.75, 6.75, 6.75, 6.75, 8.25, 8.75, 5.0, 5.25, 5.5, 5.75, 6.0, 6.25, 6.5, 6.75, 7.0, 7.25, 7.5, 7.75, 8.0, 8.25, 8.5, 8.75, 7.25, 6.25, 6.5, 6.75, 10.0, 10.25, 11.25, 10.0, 10.25, 10.5, 10.75, 11.0, 11.25, 11.5, 11.75, 12.0, 12.25, 12.5, 11.5, 12.75, 13.0, 12.75, 9.25, 6.5, 6.75, 7.0, 7.25, 7.5, 10.5, 20.25, 20.5, 7.75, 8.0, 8.25, 8.5, 22.5, 22.75, 12.5, 12.5, 12.75, 12.75, 13.25, 23.5, 23.75, 24.0, 13.5, 24.75, 26.0, 26.25, 25.0, 25.25, 27.25, 27.5, 25.5, 13.5, 13.5, 14.0, 11.75, 14.25, 9.25, 9.5, 17.5, 17.75, 18.0, 18.25, 18.5, 17.25, 17.5, 17.75, 18.0, 31.0, 18.25, 18.5, 18.75, 30.5, 19.0, 19.25, 19.5, 11.5, 11.75, 19.75, 12.0, 20.0, 20.25, 20.5, 21.0, 21.25, 21.25, 21.75, 22.0, 22.25, 21.5, 21.5, 22.25, 9.75, 10.0, 10.25, 11.25, 11.5, 11.75, 12.0, 12.25, 12.5, 12.5, 24.75, 12.75, 13.0, 13.25, 13.5, 23.25, 3.5, 23.75, 12.5, 14.0, 13.25, 13.75, 13.5, 13.75, 15.5, 15.75, 42.25, 14.0, 14.25, 14.5, 15.25, 14.75, 15.0, 15.25, 15.5, 17.25, 15.5, 15.75, 16.0, 29.5, 16.5, 18.5, 18.75, 19.0, 19.25, 19.5, 31.75, 19.75, 20.0, 20.25, 21.0, 34.0, 19.75, 20.0, 34.75, 22.75, 23.0, 23.25, 23.5, 19.25, 19.5, 19.75, 20.0, 20.25, 20.5, 20.0, 21.0, 21.25, 21.5, 20.25, 20.5, 22.25, 21.25, 22.75, 37.75, 38.0, 38.0, 38.25, 38.75, 38.75, 39.5, 39.75, 23.0, 23.25, 23.5, 23.75, 52.25, 24.0, 24.25, 24.5, 24.75, 24.5, 24.75, 25.0, 25.25, 25.25, 25.5, 26.25, 26.5, 23.0, 23.25, 24.5, 24.75, 30.5, 24.75, 23.75, 27.25, 45.25, 24.25, 24.5, 47.25, 24.75, 25.0, 47.75, 29.5, 28.5, 28.75, 29.0, 48.75, 27.75, 34.75, 49.5, 50.0, 50.25, 50.5, 50.75, 51.0, 51.25, 51.5, 51.75, 52.0, 52.25, 52.5, 52.75, 53.0, 53.25, 53.5, 53.75, 54.0, 54.25, 54.5, 54.75, 55.0, 55.25, 55.5, 55.75, 56.0, 56.25, 56.25, 56.75, 57.0, 57.25, 57.5, 57.75, 58.0, 58.25, 58.5, 58.75, 59.0, 59.25, 59.5, 59.75, 64.0, 64.25, 64.5, 64.75, 65.0, 65.25, 65.5, 65.75, 66.0, 66.25, 66.5, 66.75, 67.0, 67.25, 67.5, 67.75, 68.0, 68.25, 68.5, 68.75, 69.5, 69.0, 69.25, 69.5, 70.75, 69.75, 74.0, 70.0, 70.25, 81.5, 86.5, 71.0, 77.5, 87.5, 80.25, 80.5, 80.75, 81.0, 81.25, 75.0, 75.25, 75.5, 75.75, 82.5, 82.75, 90.75, 84.75, 85.0, 85.25, 91.75, 92.0, 92.25, 92.5, 92.75, 93.0, 93.25, 94.0, 94.25, 94.5, 94.75, 95.0, 95.25, 95.5, 95.75, 96.0, 96.25, 96.5]

ILAO*:
Tiempo requerido: 0.1
Nodos expandidos: 399

RLAO*:
Tiempo requerido: 0.122
Nodos expandidos: 394

BLAO*:
Tiempo requerido: 0.084
Nodos expandidos: 392

VI:
Tiempo requerido: 0.114
Numero de iteraciones: 22743
-------------------------------------------------------
Problema 9
-------------------------------------------------------
LAO*:
Tiempo requerido: 4.475
Nodos expandidos: 389
Porcentajes del conjunto Z: [0.25, 0.5, 0.75, 1.0, 1.25, 1.25, 1.25, 1.5, 1.5, 1.75, 2.0, 2.25, 2.25, 2.0, 2.75, 3.0, 3.0, 3.25, 3.5, 3.5, 1.75, 4.25, 2.5, 5.0, 4.75, 3.5, 6.0, 3.25, 3.5, 3.75, 4.0, 1.5, 1.75, 2.0, 4.75, 4.75, 5.0, 5.25, 5.5, 5.75, 6.0, 6.25, 6.5, 6.5, 6.75, 6.75, 6.75, 6.75, 8.25, 8.75, 5.0, 5.25, 5.5, 5.75, 6.0, 6.25, 6.5, 6.75, 7.0, 7.25, 7.5, 7.75, 8.0, 8.25, 8.5, 8.75, 7.25, 6.25, 6.5, 6.75, 10.0, 10.25, 11.25, 10.0, 10.25, 10.5, 10.75, 11.0, 11.25, 11.5, 11.75, 12.0, 12.25, 12.5, 11.5, 12.75, 13.0, 12.75, 9.25, 6.5, 6.75, 7.0, 7.25, 7.5, 10.5, 20.25, 20.5, 7.75, 8.0, 8.25, 8.5, 22.5, 22.75, 12.5, 12.5, 12.75, 12.75, 13.25, 23.5, 23.75, 24.0, 13.5, 24.75, 26.0, 26.25, 25.0, 25.25, 27.25, 27.5, 25.5, 13.5, 13.5, 14.0, 11.75, 14.25, 9.25, 9.5, 17.5, 17.75, 18.0, 18.25, 18.5, 17.25, 17.5, 17.75, 18.0, 31.0, 18.25, 18.5, 18.75, 30.5, 19.0, 19.25, 19.5, 11.5, 11.75, 19.75, 12.0, 20.0, 20.25, 20.5, 21.0, 21.25, 21.25, 21.75, 22.0, 22.25, 21.5, 21.5, 22.25, 9.75, 10.0, 10.25, 11.25, 11.5, 11.75, 12.0, 12.25, 12.5, 12.5, 24.75, 12.75, 13.0, 13.25, 13.5, 23.25, 3.5, 23.75, 12.5, 14.0, 13.25, 13.75, 13.5, 13.75, 15.5, 15.75, 42.25, 14.0, 14.25, 14.5, 15.25, 14.75, 15.0, 15.25, 15.5, 17.25, 15.5, 15.75, 16.0, 29.5, 16.5, 18.5, 18.75, 19.0, 19.25, 19.5, 31.75, 19.75, 20.0, 20.25, 21.0, 34.0, 19.75, 20.0, 34.75, 22.75, 23.0, 23.25, 23.5, 19.25, 19.5, 19.75, 20.0, 20.25, 20.5, 20.0, 21.0, 21.25, 21.5, 20.25, 20.5, 22.25, 21.25, 22.75, 37.75, 38.0, 38.0, 38.25, 38.75, 38.75, 39.5, 39.75, 23.0, 23.25, 23.5, 23.75, 52.25, 24.0, 24.25, 24.5, 24.75, 24.5, 24.75, 25.0, 25.25, 25.25, 25.5, 26.25, 26.5, 23.0, 23.25, 24.5, 24.75, 30.5, 24.75, 23.75, 27.25, 45.25, 24.25, 24.5, 47.25, 24.75, 25.0, 47.75, 29.5, 28.5, 28.75, 29.0, 48.75, 27.75, 34.75, 49.5, 50.0, 50.25, 50.5, 50.75, 51.0, 51.25, 51.5, 51.75, 52.0, 52.25, 52.5, 52.75, 53.0, 53.25, 53.5, 53.75, 54.0, 54.25, 54.5, 54.75, 55.0, 55.25, 55.5, 55.75, 56.0, 56.25, 56.25, 56.75, 57.0, 57.25, 57.5, 57.75, 58.0, 58.25, 58.5, 58.75, 59.0, 59.25, 59.5, 59.75, 64.0, 64.25, 64.5, 64.75, 65.0, 65.25, 65.5, 65.75, 66.0, 66.25, 66.5, 66.75, 67.0, 67.25, 67.5, 67.75, 68.0, 68.25, 68.5, 68.75, 69.5, 69.0, 69.25, 69.5, 70.75, 69.75, 74.0, 70.0, 70.25, 81.5, 86.5, 71.0, 77.5, 87.5, 80.25, 80.5, 80.75, 81.0, 81.25, 75.0, 75.25, 75.5, 75.75, 82.5, 82.75, 90.75, 84.75, 85.0, 85.25, 91.75, 92.0, 92.25, 92.5, 92.75, 93.0, 93.25, 94.0, 94.25, 94.5, 94.75, 95.0, 95.25, 95.5, 95.75, 96.0, 96.25, 96.5]

ILAO*:
Tiempo requerido: 0.144
Nodos expandidos: 399

RLAO*:
Tiempo requerido: 0.163
Nodos expandidos: 394

BLAO*:
Tiempo requerido: 0.091
Nodos expandidos: 392

VI:
Tiempo requerido: 0.13
Numero de iteraciones: 22743
-------------------------------------------------------
Problema 10
-------------------------------------------------------
LAO*:
Tiempo requerido: 4.094
Nodos expandidos: 392
Porcentajes del conjunto Z: [0.25, 0.5, 0.75, 1.0, 0.5, 0.75, 1.0, 1.5, 1.75, 2.0, 2.25, 2.5, 2.5, 3.0, 3.25, 3.25, 2.75, 3.0, 3.25, 3.25, 3.75, 4.0, 2.75, 3.25, 3.75, 3.0, 1.25, 3.5, 4.25, 3.0, 5.0, 5.25, 5.5, 5.75, 6.0, 6.0, 6.75, 7.0, 7.25, 7.5, 6.25, 2.5, 2.75, 8.5, 8.75, 9.0, 9.5, 9.5, 9.75, 7.75, 2.0, 2.25, 3.0, 11.0, 10.25, 11.5, 11.75, 12.0, 12.25, 12.5, 12.75, 13.0, 13.25, 13.5, 13.75, 13.0, 13.25, 14.5, 7.75, 8.0, 8.25, 8.5, 8.75, 9.0, 9.25, 9.5, 9.75, 9.75, 10.0, 10.25, 10.5, 15.0, 10.5, 10.75, 11.0, 11.25, 11.25, 11.5, 11.5, 11.75, 11.75, 12.5, 12.75, 13.25, 13.5, 13.75, 14.0, 14.25, 13.75, 15.0, 14.0, 15.5, 15.75, 20.0, 13.0, 22.25, 20.5, 10.75, 9.25, 11.5, 14.5, 16.5, 27.25, 7.0, 7.25, 7.5, 6.5, 8.0, 17.75, 18.0, 18.25, 18.5, 18.75, 25.0, 19.0, 19.25, 19.5, 19.75, 20.0, 20.25, 20.25, 20.5, 20.75, 21.0, 21.25, 21.25, 21.5, 22.0, 22.25, 22.5, 22.75, 28.0, 20.75, 23.25, 23.5, 27.0, 16.25, 14.5, 14.75, 15.0, 15.25, 17.5, 17.75, 18.0, 18.25, 15.5, 15.75, 16.0, 16.0, 16.25, 16.5, 29.5, 14.75, 15.0, 15.0, 15.5, 15.75, 16.0, 16.25, 16.5, 21.25, 10.0, 17.5, 12.25, 12.75, 13.0, 13.0, 11.25, 11.5, 11.75, 12.0, 12.5, 12.75, 13.0, 13.25, 12.75, 40.5, 19.25, 14.5, 14.75, 30.75, 31.0, 31.25, 31.5, 31.75, 31.5, 15.75, 16.5, 16.75, 17.0, 17.5, 17.75, 17.75, 33.0, 33.25, 33.5, 33.75, 34.0, 34.25, 34.5, 34.5, 34.75, 35.0, 35.5, 35.75, 36.0, 36.25, 36.5, 36.75, 43.0, 36.75, 37.0, 37.5, 37.75, 37.25, 38.25, 46.5, 38.5, 38.75, 39.0, 39.25, 39.5, 41.75, 42.0, 42.25, 42.5, 41.25, 41.75, 42.0, 50.25, 39.75, 43.25, 43.5, 43.5, 44.0, 44.25, 44.5, 44.75, 44.25, 44.5, 45.0, 45.25, 45.5, 45.75, 46.75, 47.0, 47.25, 47.5, 47.75, 32.5, 32.75, 33.0, 33.25, 33.5, 16.5, 34.25, 34.5, 34.75, 35.0, 35.25, 35.5, 35.75, 60.25, 36.0, 60.75, 35.5, 35.5, 36.75, 16.5, 24.25, 37.25, 24.5, 16.75, 17.0, 17.25, 18.25, 18.5, 71.0, 27.25, 18.75, 39.5, 64.75, 65.0, 65.25, 72.5, 72.75, 73.0, 67.75, 68.0, 68.25, 68.5, 68.75, 69.0, 69.25, 69.5, 69.75, 70.0, 70.25, 70.25, 70.5, 70.75, 71.0, 71.25, 71.5, 71.75, 72.0, 72.25, 72.5, 72.75, 73.0, 73.25, 73.25, 73.75, 74.0, 74.25, 74.5, 74.5, 75.0, 75.25, 75.5, 75.5, 75.75, 76.0, 76.5, 76.75, 77.0, 77.25, 77.5, 77.75, 78.0, 78.5, 78.75, 79.0, 79.25, 79.5, 80.0, 80.25, 80.5, 80.75, 81.0, 82.0, 82.25, 82.5, 82.75, 44.75, 50.25, 89.0, 80.75, 81.0, 89.75, 50.75, 90.25, 53.75, 54.0, 54.25, 54.5, 54.75, 92.0, 55.0, 55.25, 92.75, 93.0, 93.25, 93.5, 93.75, 94.0, 94.25, 94.5, 94.75, 95.0, 95.25, 95.5, 95.75, 96.0, 96.25, 96.5, 96.75, 97.0, 97.25, 97.5, 48.0, 48.25]

ILAO*:
Tiempo requerido: 0.113
Nodos expandidos: 399

RLAO*:
Tiempo requerido: 0.12
Nodos expandidos: 393

BLAO*:
Tiempo requerido: 0.092
Nodos expandidos: 394

VI:
Tiempo requerido: 0.133
Numero de iteraciones: 22743
-------------------------------------------------------
