Problema 1
-------------------------------------------------------
LAO*:
Tiempo requerido: 1.188
Iteraciones requeridas: 255
Nodos expandidos: 255
Porcentajes del conjunto Z: [0.11, 0.22, 0.33, 0.44, 0.33, 0.67, 0.78, 0.89, 1.0, 1.11, 1.22, 1.11, 0.89, 1.56, 1.67, 1.78, 1.67, 1.78, 2.0, 1.89, 1.89, 2.0, 2.22, 1.44, 0.33, 0.89, 2.56, 1.44, 1.56, 1.67, 2.11, 1.67, 3.11, 3.67, 3.33, 3.44, 3.56, 3.67, 3.67, 3.78, 3.89, 4.0, 4.11, 4.22, 4.33, 4.44, 4.33, 4.33, 3.56, 0.44, 3.78, 3.89, 3.67, 3.78, 3.89, 5.11, 2.56, 2.67, 2.78, 2.89, 5.22, 3.78, 1.22, 1.33, 1.44, 1.56, 2.0, 6.22, 6.33, 0.56, 1.22, 0.44, 0.56, 0.89, 0.67, 0.78, 0.89, 1.0, 1.11, 1.22, 1.33, 5.44, 2.67, 2.78, 2.89, 3.0, 3.11, 3.0, 3.11, 3.22, 3.33, 3.44, 3.33, 3.56, 1.11, 3.56, 3.0, 8.11, 7.33, 3.78, 1.44, 2.44, 2.56, 0.56, 3.11, 4.22, 6.56, 4.78, 1.44, 1.11, 1.22, 0.56, 1.44, 1.56, 0.67, 0.78, 1.33, 1.44, 1.89, 2.0, 2.11, 2.0, 2.22, 2.33, 2.44, 2.56, 2.67, 1.89, 1.56, 12.0, 10.0, 9.56, 3.22, 1.56, 1.67, 1.78, 1.78, 2.0, 2.11, 2.11, 2.22, 2.33, 2.44, 2.56, 2.11, 2.0, 2.44, 2.56, 1.89, 4.56, 2.78, 3.11, 3.22, 3.0, 3.56, 3.44, 16.22, 3.56, 1.67, 8.11, 11.33, 18.0, 8.67, 16.56, 1.67, 7.22, 0.89, 18.22, 0.67, 0.78, 0.89, 1.56, 1.67, 1.78, 1.78, 1.89, 2.0, 2.11, 15.22, 10.11, 1.0, 17.89, 9.67, 0.22, 0.22, 1.11, 2.44, 8.89, 0.33, 3.44, 18.0, 7.44, 7.56, 5.11, 5.22, 5.33, 4.78, 4.89, 5.0, 8.0, 3.89, 2.67, 8.33, 5.11, 5.22, 2.78, 2.89, 3.0, 3.11, 3.22, 5.78, 6.22, 6.33, 2.33, 2.44, 6.56, 5.22, 3.78, 3.89, 4.0, 4.22, 9.22, 9.33, 0.44, 0.44, 0.67, 0.67, 1.44, 1.56, 1.67, 1.78, 1.44, 1.56, 11.11, 4.78, 1.89, 4.44, 1.67, 2.0, 2.11, 3.11, 1.89, 2.22, 2.0, 3.33, 1.78, 1.89, 2.0, 2.11, 2.0, 3.56, 7.33, 4.11, 8.0, 12.67]

ILAO*:
Tiempo requerido: 0.051
Iteraciones requeridas: 18
Nodos expandidos: 255

RLAO*:
Tiempo requerido: 0.056
Iteraciones requeridas: 18
Nodos expandidos: 324

BLAO*:
Tiempo requerido: 0.045
Iteraciones requeridas: 16
Nodos expandidos: 269

VI:
Tiempo requerido: 0.309
Iteraciones requeridas: 37

Problema 2
-------------------------------------------------------
LAO*:
Tiempo requerido: 1.191
Iteraciones requeridas: 255
Nodos expandidos: 255
Porcentajes del conjunto Z: [0.11, 0.22, 0.33, 0.44, 0.33, 0.67, 0.78, 0.89, 1.0, 1.11, 1.22, 1.11, 0.89, 1.56, 1.67, 1.78, 1.67, 1.78, 2.0, 1.89, 1.89, 2.0, 2.22, 1.44, 0.33, 0.89, 2.56, 1.44, 1.56, 1.67, 2.11, 1.67, 3.11, 3.67, 3.33, 3.44, 3.56, 3.67, 3.67, 3.78, 3.89, 4.0, 4.11, 4.22, 4.33, 4.44, 4.33, 4.33, 3.56, 0.44, 3.78, 3.89, 3.67, 3.78, 3.89, 5.11, 2.56, 2.67, 2.78, 2.89, 5.22, 3.78, 1.22, 1.33, 1.44, 1.56, 2.0, 6.22, 6.33, 0.56, 1.22, 0.44, 0.56, 0.89, 0.67, 0.78, 0.89, 1.0, 1.11, 1.22, 1.33, 5.44, 2.67, 2.78, 2.89, 3.0, 3.11, 3.0, 3.11, 3.22, 3.33, 3.44, 3.33, 3.56, 1.11, 3.56, 3.0, 8.11, 7.33, 3.78, 1.44, 2.44, 2.56, 0.56, 3.11, 4.22, 6.56, 4.78, 1.44, 1.11, 1.22, 0.56, 1.44, 1.56, 0.67, 0.78, 1.33, 1.44, 1.89, 2.0, 2.11, 2.0, 2.22, 2.33, 2.44, 2.56, 2.67, 1.89, 1.56, 12.0, 10.0, 9.56, 3.22, 1.56, 1.67, 1.78, 1.78, 2.0, 2.11, 2.11, 2.22, 2.33, 2.44, 2.56, 2.11, 2.0, 2.44, 2.56, 1.89, 4.56, 2.78, 3.11, 3.22, 3.0, 3.56, 3.44, 16.22, 3.56, 1.67, 8.11, 11.33, 18.0, 8.67, 16.56, 1.67, 7.22, 0.89, 18.22, 0.67, 0.78, 0.89, 1.56, 1.67, 1.78, 1.78, 1.89, 2.0, 2.11, 15.22, 10.11, 1.0, 17.89, 9.67, 0.22, 0.22, 1.11, 2.44, 8.89, 0.33, 3.44, 18.0, 7.44, 7.56, 5.11, 5.22, 5.33, 4.78, 4.89, 5.0, 8.0, 3.89, 2.67, 8.33, 5.11, 5.22, 2.78, 2.89, 3.0, 3.11, 3.22, 5.78, 6.22, 6.33, 2.33, 2.44, 6.56, 5.22, 3.78, 3.89, 4.0, 4.22, 9.22, 9.33, 0.44, 0.44, 0.67, 0.67, 1.44, 1.56, 1.67, 1.78, 1.44, 1.56, 11.11, 4.78, 1.89, 4.44, 1.67, 2.0, 2.11, 3.11, 1.89, 2.22, 2.0, 3.33, 1.78, 1.89, 2.0, 2.11, 2.0, 3.56, 7.33, 4.11, 8.0, 12.67]

ILAO*:
Tiempo requerido: 0.047
Iteraciones requeridas: 18
Nodos expandidos: 255

RLAO*:
Tiempo requerido: 0.051
Iteraciones requeridas: 18
Nodos expandidos: 324

BLAO*:
Tiempo requerido: 0.036
Iteraciones requeridas: 16
Nodos expandidos: 269

VI:
Tiempo requerido: 0.283
Iteraciones requeridas: 37

Problema 3
-------------------------------------------------------
LAO*:
Tiempo requerido: 1.289
Iteraciones requeridas: 255
Nodos expandidos: 255
Porcentajes del conjunto Z: [0.11, 0.22, 0.33, 0.44, 0.33, 0.67, 0.78, 0.89, 1.0, 1.11, 1.22, 1.11, 0.89, 1.56, 1.67, 1.78, 1.67, 1.78, 2.0, 1.89, 1.89, 2.0, 2.22, 1.44, 0.33, 0.89, 2.56, 1.44, 1.56, 1.67, 2.11, 1.67, 3.11, 3.67, 3.33, 3.44, 3.56, 3.67, 3.67, 3.78, 3.89, 4.0, 4.11, 4.22, 4.33, 4.44, 4.33, 4.33, 3.56, 0.44, 3.78, 3.89, 3.67, 3.78, 3.89, 5.11, 2.56, 2.67, 2.78, 2.89, 5.22, 3.78, 1.22, 1.33, 1.44, 1.56, 2.0, 6.22, 6.33, 0.56, 1.22, 0.44, 0.56, 0.89, 0.67, 0.78, 0.89, 1.0, 1.11, 1.22, 1.33, 5.44, 2.67, 2.78, 2.89, 3.0, 3.11, 3.0, 3.11, 3.22, 3.33, 3.44, 3.33, 3.56, 1.11, 3.56, 3.0, 8.11, 7.33, 3.78, 1.44, 2.44, 2.56, 0.56, 3.11, 4.22, 6.56, 4.78, 1.44, 1.11, 1.22, 0.56, 1.44, 1.56, 0.67, 0.78, 1.33, 1.44, 1.89, 2.0, 2.11, 2.0, 2.22, 2.33, 2.44, 2.56, 2.67, 1.89, 1.56, 12.0, 10.0, 9.56, 3.22, 1.56, 1.67, 1.78, 1.78, 2.0, 2.11, 2.11, 2.22, 2.33, 2.44, 2.56, 2.11, 2.0, 2.44, 2.56, 1.89, 4.56, 2.78, 3.11, 3.22, 3.0, 3.56, 3.44, 16.22, 3.56, 1.67, 8.11, 11.33, 18.0, 8.67, 16.56, 1.67, 7.22, 0.89, 18.22, 0.67, 0.78, 0.89, 1.56, 1.67, 1.78, 1.78, 1.89, 2.0, 2.11, 15.22, 10.11, 1.0, 17.89, 9.67, 0.22, 0.22, 1.11, 2.44, 8.89, 0.33, 3.44, 18.0, 7.44, 7.56, 5.11, 5.22, 5.33, 4.78, 4.89, 5.0, 8.0, 3.89, 2.67, 8.33, 5.11, 5.22, 2.78, 2.89, 3.0, 3.11, 3.22, 5.78, 6.22, 6.33, 2.33, 2.44, 6.56, 5.22, 3.78, 3.89, 4.0, 4.22, 9.22, 9.33, 0.44, 0.44, 0.67, 0.67, 1.44, 1.56, 1.67, 1.78, 1.44, 1.56, 11.11, 4.78, 1.89, 4.44, 1.67, 2.0, 2.11, 3.11, 1.89, 2.22, 2.0, 3.33, 1.78, 1.89, 2.0, 2.11, 2.0, 3.56, 7.33, 4.11, 8.0, 12.67]

ILAO*:
Tiempo requerido: 0.051
Iteraciones requeridas: 18
Nodos expandidos: 255

RLAO*:
Tiempo requerido: 0.056
Iteraciones requeridas: 18
Nodos expandidos: 324

BLAO*:
Tiempo requerido: 0.042
Iteraciones requeridas: 16
Nodos expandidos: 269

VI:
Tiempo requerido: 0.276
Iteraciones requeridas: 37

Problema 4
-------------------------------------------------------
LAO*:
Tiempo requerido: 2.747
Iteraciones requeridas: 255
Nodos expandidos: 255
Porcentajes del conjunto Z: [0.11, 0.22, 0.33, 0.44, 0.33, 0.67, 0.78, 0.89, 1.0, 1.11, 1.22, 1.11, 0.89, 1.56, 1.67, 1.78, 1.67, 1.78, 2.0, 1.89, 1.89, 2.0, 2.22, 1.44, 0.33, 0.89, 2.56, 1.44, 1.56, 1.67, 2.11, 1.67, 3.11, 3.67, 3.33, 3.44, 3.56, 3.67, 3.67, 3.78, 3.89, 4.0, 4.11, 4.22, 4.33, 4.44, 4.33, 4.33, 3.56, 0.44, 3.78, 3.89, 3.67, 3.78, 3.89, 5.11, 2.56, 2.67, 2.78, 2.89, 5.22, 3.78, 1.22, 1.33, 1.44, 1.56, 2.0, 6.22, 6.33, 0.56, 1.22, 0.44, 0.56, 0.89, 0.67, 0.78, 0.89, 1.0, 1.11, 1.22, 1.33, 5.44, 2.67, 2.78, 2.89, 3.0, 3.11, 3.0, 3.11, 3.22, 3.33, 3.44, 3.33, 3.56, 1.11, 3.56, 3.0, 8.11, 7.33, 3.78, 1.44, 2.44, 2.56, 0.56, 3.11, 4.22, 6.56, 4.78, 1.44, 1.11, 1.22, 0.56, 1.44, 1.56, 0.67, 0.78, 1.33, 1.44, 1.89, 2.0, 2.11, 2.0, 2.22, 2.33, 2.44, 2.56, 2.67, 1.89, 1.56, 12.0, 10.0, 9.56, 3.22, 1.56, 1.67, 1.78, 1.78, 2.0, 2.11, 2.11, 2.22, 2.33, 2.44, 2.56, 2.11, 2.0, 2.44, 2.56, 1.89, 4.56, 2.78, 3.11, 3.22, 3.0, 3.56, 3.44, 16.22, 3.56, 1.67, 8.11, 11.33, 18.0, 8.67, 16.56, 1.67, 7.22, 0.89, 18.22, 0.67, 0.78, 0.89, 1.56, 1.67, 1.78, 1.78, 1.89, 2.0, 2.11, 15.22, 10.11, 1.0, 17.89, 9.67, 0.22, 0.22, 1.11, 2.44, 8.89, 0.33, 3.44, 18.0, 7.44, 7.56, 5.11, 5.22, 5.33, 4.78, 4.89, 5.0, 8.0, 3.89, 2.67, 8.33, 5.11, 5.22, 2.78, 2.89, 3.0, 3.11, 3.22, 5.78, 6.22, 6.33, 2.33, 2.44, 6.56, 5.22, 3.78, 3.89, 4.0, 4.22, 9.22, 9.33, 0.44, 0.44, 0.67, 0.67, 1.44, 1.56, 1.67, 1.78, 1.44, 1.56, 11.11, 4.78, 1.89, 4.44, 1.67, 2.0, 2.11, 3.11, 1.89, 2.22, 2.0, 3.33, 1.78, 1.89, 2.0, 2.11, 2.0, 3.56, 7.33, 4.11, 8.0, 12.67]

ILAO*:
Tiempo requerido: 0.057
Iteraciones requeridas: 18
Nodos expandidos: 255

RLAO*:
Tiempo requerido: 0.058
Iteraciones requeridas: 18
Nodos expandidos: 324

BLAO*:
Tiempo requerido: 0.043
Iteraciones requeridas: 16
Nodos expandidos: 269

VI:
Tiempo requerido: 0.307
Iteraciones requeridas: 37

Problema 5
-------------------------------------------------------
LAO*:
Tiempo requerido: 1.499
Iteraciones requeridas: 255
Nodos expandidos: 255
Porcentajes del conjunto Z: [0.11, 0.22, 0.33, 0.44, 0.33, 0.67, 0.78, 0.89, 1.0, 1.11, 1.22, 1.11, 0.89, 1.56, 1.67, 1.78, 1.67, 1.78, 2.0, 1.89, 1.89, 2.0, 2.22, 1.44, 0.33, 0.89, 2.56, 1.44, 1.56, 1.67, 2.11, 1.67, 3.11, 3.67, 3.33, 3.44, 3.56, 3.67, 3.67, 3.78, 3.89, 4.0, 4.11, 4.22, 4.33, 4.44, 4.33, 4.33, 3.56, 0.44, 3.78, 3.89, 3.67, 3.78, 3.89, 5.11, 2.56, 2.67, 2.78, 2.89, 5.22, 3.78, 1.22, 1.33, 1.44, 1.56, 2.0, 6.22, 6.33, 0.56, 1.22, 0.44, 0.56, 0.89, 0.67, 0.78, 0.89, 1.0, 1.11, 1.22, 1.33, 5.44, 2.67, 2.78, 2.89, 3.0, 3.11, 3.0, 3.11, 3.22, 3.33, 3.44, 3.33, 3.56, 1.11, 3.56, 3.0, 8.11, 7.33, 3.78, 1.44, 2.44, 2.56, 0.56, 3.11, 4.22, 6.56, 4.78, 1.44, 1.11, 1.22, 0.56, 1.44, 1.56, 0.67, 0.78, 1.33, 1.44, 1.89, 2.0, 2.11, 2.0, 2.22, 2.33, 2.44, 2.56, 2.67, 1.89, 1.56, 12.0, 10.0, 9.56, 3.22, 1.56, 1.67, 1.78, 1.78, 2.0, 2.11, 2.11, 2.22, 2.33, 2.44, 2.56, 2.11, 2.0, 2.44, 2.56, 1.89, 4.56, 2.78, 3.11, 3.22, 3.0, 3.56, 3.44, 16.22, 3.56, 1.67, 8.11, 11.33, 18.0, 8.67, 16.56, 1.67, 7.22, 0.89, 18.22, 0.67, 0.78, 0.89, 1.56, 1.67, 1.78, 1.78, 1.89, 2.0, 2.11, 15.22, 10.11, 1.0, 17.89, 9.67, 0.22, 0.22, 1.11, 2.44, 8.89, 0.33, 3.44, 18.0, 7.44, 7.56, 5.11, 5.22, 5.33, 4.78, 4.89, 5.0, 8.0, 3.89, 2.67, 8.33, 5.11, 5.22, 2.78, 2.89, 3.0, 3.11, 3.22, 5.78, 6.22, 6.33, 2.33, 2.44, 6.56, 5.22, 3.78, 3.89, 4.0, 4.22, 9.22, 9.33, 0.44, 0.44, 0.67, 0.67, 1.44, 1.56, 1.67, 1.78, 1.44, 1.56, 11.11, 4.78, 1.89, 4.44, 1.67, 2.0, 2.11, 3.11, 1.89, 2.22, 2.0, 3.33, 1.78, 1.89, 2.0, 2.11, 2.0, 3.56, 7.33, 4.11, 8.0, 12.67]

ILAO*:
Tiempo requerido: 0.056
Iteraciones requeridas: 18
Nodos expandidos: 255

RLAO*:
Tiempo requerido: 0.076
Iteraciones requeridas: 18
Nodos expandidos: 324

BLAO*:
Tiempo requerido: 0.053
Iteraciones requeridas: 16
Nodos expandidos: 269

VI:
Tiempo requerido: 0.317
Iteraciones requeridas: 37

Problema 6
-------------------------------------------------------
LAO*:
Tiempo requerido: 1.268
Iteraciones requeridas: 255
Nodos expandidos: 255
Porcentajes del conjunto Z: [0.11, 0.22, 0.33, 0.44, 0.33, 0.67, 0.78, 0.89, 1.0, 1.11, 1.22, 1.11, 0.89, 1.56, 1.67, 1.78, 1.67, 1.78, 2.0, 1.89, 1.89, 2.0, 2.22, 1.44, 0.33, 0.89, 2.56, 1.44, 1.56, 1.67, 2.11, 1.67, 3.11, 3.67, 3.33, 3.44, 3.56, 3.67, 3.67, 3.78, 3.89, 4.0, 4.11, 4.22, 4.33, 4.44, 4.33, 4.33, 3.56, 0.44, 3.78, 3.89, 3.67, 3.78, 3.89, 5.11, 2.56, 2.67, 2.78, 2.89, 5.22, 3.78, 1.22, 1.33, 1.44, 1.56, 2.0, 6.22, 6.33, 0.56, 1.22, 0.44, 0.56, 0.89, 0.67, 0.78, 0.89, 1.0, 1.11, 1.22, 1.33, 5.44, 2.67, 2.78, 2.89, 3.0, 3.11, 3.0, 3.11, 3.22, 3.33, 3.44, 3.33, 3.56, 1.11, 3.56, 3.0, 8.11, 7.33, 3.78, 1.44, 2.44, 2.56, 0.56, 3.11, 4.22, 6.56, 4.78, 1.44, 1.11, 1.22, 0.56, 1.44, 1.56, 0.67, 0.78, 1.33, 1.44, 1.89, 2.0, 2.11, 2.0, 2.22, 2.33, 2.44, 2.56, 2.67, 1.89, 1.56, 12.0, 10.0, 9.56, 3.22, 1.56, 1.67, 1.78, 1.78, 2.0, 2.11, 2.11, 2.22, 2.33, 2.44, 2.56, 2.11, 2.0, 2.44, 2.56, 1.89, 4.56, 2.78, 3.11, 3.22, 3.0, 3.56, 3.44, 16.22, 3.56, 1.67, 8.11, 11.33, 18.0, 8.67, 16.56, 1.67, 7.22, 0.89, 18.22, 0.67, 0.78, 0.89, 1.56, 1.67, 1.78, 1.78, 1.89, 2.0, 2.11, 15.22, 10.11, 1.0, 17.89, 9.67, 0.22, 0.22, 1.11, 2.44, 8.89, 0.33, 3.44, 18.0, 7.44, 7.56, 5.11, 5.22, 5.33, 4.78, 4.89, 5.0, 8.0, 3.89, 2.67, 8.33, 5.11, 5.22, 2.78, 2.89, 3.0, 3.11, 3.22, 5.78, 6.22, 6.33, 2.33, 2.44, 6.56, 5.22, 3.78, 3.89, 4.0, 4.22, 9.22, 9.33, 0.44, 0.44, 0.67, 0.67, 1.44, 1.56, 1.67, 1.78, 1.44, 1.56, 11.11, 4.78, 1.89, 4.44, 1.67, 2.0, 2.11, 3.11, 1.89, 2.22, 2.0, 3.33, 1.78, 1.89, 2.0, 2.11, 2.0, 3.56, 7.33, 4.11, 8.0, 12.67]

ILAO*:
Tiempo requerido: 0.046
Iteraciones requeridas: 18
Nodos expandidos: 255

RLAO*:
Tiempo requerido: 0.052
Iteraciones requeridas: 18
Nodos expandidos: 324

BLAO*:
Tiempo requerido: 0.039
Iteraciones requeridas: 16
Nodos expandidos: 269

VI:
Tiempo requerido: 0.312
Iteraciones requeridas: 37

Problema 7
-------------------------------------------------------
LAO*:
Tiempo requerido: 1.316
Iteraciones requeridas: 255
Nodos expandidos: 255
Porcentajes del conjunto Z: [0.11, 0.22, 0.33, 0.44, 0.33, 0.67, 0.78, 0.89, 1.0, 1.11, 1.22, 1.11, 0.89, 1.56, 1.67, 1.78, 1.67, 1.78, 2.0, 1.89, 1.89, 2.0, 2.22, 1.44, 0.33, 0.89, 2.56, 1.44, 1.56, 1.67, 2.11, 1.67, 3.11, 3.67, 3.33, 3.44, 3.56, 3.67, 3.67, 3.78, 3.89, 4.0, 4.11, 4.22, 4.33, 4.44, 4.33, 4.33, 3.56, 0.44, 3.78, 3.89, 3.67, 3.78, 3.89, 5.11, 2.56, 2.67, 2.78, 2.89, 5.22, 3.78, 1.22, 1.33, 1.44, 1.56, 2.0, 6.22, 6.33, 0.56, 1.22, 0.44, 0.56, 0.89, 0.67, 0.78, 0.89, 1.0, 1.11, 1.22, 1.33, 5.44, 2.67, 2.78, 2.89, 3.0, 3.11, 3.0, 3.11, 3.22, 3.33, 3.44, 3.33, 3.56, 1.11, 3.56, 3.0, 8.11, 7.33, 3.78, 1.44, 2.44, 2.56, 0.56, 3.11, 4.22, 6.56, 4.78, 1.44, 1.11, 1.22, 0.56, 1.44, 1.56, 0.67, 0.78, 1.33, 1.44, 1.89, 2.0, 2.11, 2.0, 2.22, 2.33, 2.44, 2.56, 2.67, 1.89, 1.56, 12.0, 10.0, 9.56, 3.22, 1.56, 1.67, 1.78, 1.78, 2.0, 2.11, 2.11, 2.22, 2.33, 2.44, 2.56, 2.11, 2.0, 2.44, 2.56, 1.89, 4.56, 2.78, 3.11, 3.22, 3.0, 3.56, 3.44, 16.22, 3.56, 1.67, 8.11, 11.33, 18.0, 8.67, 16.56, 1.67, 7.22, 0.89, 18.22, 0.67, 0.78, 0.89, 1.56, 1.67, 1.78, 1.78, 1.89, 2.0, 2.11, 15.22, 10.11, 1.0, 17.89, 9.67, 0.22, 0.22, 1.11, 2.44, 8.89, 0.33, 3.44, 18.0, 7.44, 7.56, 5.11, 5.22, 5.33, 4.78, 4.89, 5.0, 8.0, 3.89, 2.67, 8.33, 5.11, 5.22, 2.78, 2.89, 3.0, 3.11, 3.22, 5.78, 6.22, 6.33, 2.33, 2.44, 6.56, 5.22, 3.78, 3.89, 4.0, 4.22, 9.22, 9.33, 0.44, 0.44, 0.67, 0.67, 1.44, 1.56, 1.67, 1.78, 1.44, 1.56, 11.11, 4.78, 1.89, 4.44, 1.67, 2.0, 2.11, 3.11, 1.89, 2.22, 2.0, 3.33, 1.78, 1.89, 2.0, 2.11, 2.0, 3.56, 7.33, 4.11, 8.0, 12.67]

ILAO*:
Tiempo requerido: 0.043
Iteraciones requeridas: 18
Nodos expandidos: 255

RLAO*:
Tiempo requerido: 0.056
Iteraciones requeridas: 18
Nodos expandidos: 324

BLAO*:
Tiempo requerido: 0.059
Iteraciones requeridas: 16
Nodos expandidos: 269

VI:
Tiempo requerido: 0.294
Iteraciones requeridas: 37

Problema 8
-------------------------------------------------------
LAO*:
Tiempo requerido: 1.331
Iteraciones requeridas: 255
Nodos expandidos: 255
Porcentajes del conjunto Z: [0.11, 0.22, 0.33, 0.44, 0.33, 0.67, 0.78, 0.89, 1.0, 1.11, 1.22, 1.11, 0.89, 1.56, 1.67, 1.78, 1.67, 1.78, 2.0, 1.89, 1.89, 2.0, 2.22, 1.44, 0.33, 0.89, 2.56, 1.44, 1.56, 1.67, 2.11, 1.67, 3.11, 3.67, 3.33, 3.44, 3.56, 3.67, 3.67, 3.78, 3.89, 4.0, 4.11, 4.22, 4.33, 4.44, 4.33, 4.33, 3.56, 0.44, 3.78, 3.89, 3.67, 3.78, 3.89, 5.11, 2.56, 2.67, 2.78, 2.89, 5.22, 3.78, 1.22, 1.33, 1.44, 1.56, 2.0, 6.22, 6.33, 0.56, 1.22, 0.44, 0.56, 0.89, 0.67, 0.78, 0.89, 1.0, 1.11, 1.22, 1.33, 5.44, 2.67, 2.78, 2.89, 3.0, 3.11, 3.0, 3.11, 3.22, 3.33, 3.44, 3.33, 3.56, 1.11, 3.56, 3.0, 8.11, 7.33, 3.78, 1.44, 2.44, 2.56, 0.56, 3.11, 4.22, 6.56, 4.78, 1.44, 1.11, 1.22, 0.56, 1.44, 1.56, 0.67, 0.78, 1.33, 1.44, 1.89, 2.0, 2.11, 2.0, 2.22, 2.33, 2.44, 2.56, 2.67, 1.89, 1.56, 12.0, 10.0, 9.56, 3.22, 1.56, 1.67, 1.78, 1.78, 2.0, 2.11, 2.11, 2.22, 2.33, 2.44, 2.56, 2.11, 2.0, 2.44, 2.56, 1.89, 4.56, 2.78, 3.11, 3.22, 3.0, 3.56, 3.44, 16.22, 3.56, 1.67, 8.11, 11.33, 18.0, 8.67, 16.56, 1.67, 7.22, 0.89, 18.22, 0.67, 0.78, 0.89, 1.56, 1.67, 1.78, 1.78, 1.89, 2.0, 2.11, 15.22, 10.11, 1.0, 17.89, 9.67, 0.22, 0.22, 1.11, 2.44, 8.89, 0.33, 3.44, 18.0, 7.44, 7.56, 5.11, 5.22, 5.33, 4.78, 4.89, 5.0, 8.0, 3.89, 2.67, 8.33, 5.11, 5.22, 2.78, 2.89, 3.0, 3.11, 3.22, 5.78, 6.22, 6.33, 2.33, 2.44, 6.56, 5.22, 3.78, 3.89, 4.0, 4.22, 9.22, 9.33, 0.44, 0.44, 0.67, 0.67, 1.44, 1.56, 1.67, 1.78, 1.44, 1.56, 11.11, 4.78, 1.89, 4.44, 1.67, 2.0, 2.11, 3.11, 1.89, 2.22, 2.0, 3.33, 1.78, 1.89, 2.0, 2.11, 2.0, 3.56, 7.33, 4.11, 8.0, 12.67]

ILAO*:
Tiempo requerido: 0.048
Iteraciones requeridas: 18
Nodos expandidos: 255

RLAO*:
Tiempo requerido: 0.054
Iteraciones requeridas: 18
Nodos expandidos: 324

BLAO*:
Tiempo requerido: 0.039
Iteraciones requeridas: 16
Nodos expandidos: 269

VI:
Tiempo requerido: 0.271
Iteraciones requeridas: 37

Problema 9
-------------------------------------------------------
LAO*:
Tiempo requerido: 1.166
Iteraciones requeridas: 255
Nodos expandidos: 255
Porcentajes del conjunto Z: [0.11, 0.22, 0.33, 0.44, 0.33, 0.67, 0.78, 0.89, 1.0, 1.11, 1.22, 1.11, 0.89, 1.56, 1.67, 1.78, 1.67, 1.78, 2.0, 1.89, 1.89, 2.0, 2.22, 1.44, 0.33, 0.89, 2.56, 1.44, 1.56, 1.67, 2.11, 1.67, 3.11, 3.67, 3.33, 3.44, 3.56, 3.67, 3.67, 3.78, 3.89, 4.0, 4.11, 4.22, 4.33, 4.44, 4.33, 4.33, 3.56, 0.44, 3.78, 3.89, 3.67, 3.78, 3.89, 5.11, 2.56, 2.67, 2.78, 2.89, 5.22, 3.78, 1.22, 1.33, 1.44, 1.56, 2.0, 6.22, 6.33, 0.56, 1.22, 0.44, 0.56, 0.89, 0.67, 0.78, 0.89, 1.0, 1.11, 1.22, 1.33, 5.44, 2.67, 2.78, 2.89, 3.0, 3.11, 3.0, 3.11, 3.22, 3.33, 3.44, 3.33, 3.56, 1.11, 3.56, 3.0, 8.11, 7.33, 3.78, 1.44, 2.44, 2.56, 0.56, 3.11, 4.22, 6.56, 4.78, 1.44, 1.11, 1.22, 0.56, 1.44, 1.56, 0.67, 0.78, 1.33, 1.44, 1.89, 2.0, 2.11, 2.0, 2.22, 2.33, 2.44, 2.56, 2.67, 1.89, 1.56, 12.0, 10.0, 9.56, 3.22, 1.56, 1.67, 1.78, 1.78, 2.0, 2.11, 2.11, 2.22, 2.33, 2.44, 2.56, 2.11, 2.0, 2.44, 2.56, 1.89, 4.56, 2.78, 3.11, 3.22, 3.0, 3.56, 3.44, 16.22, 3.56, 1.67, 8.11, 11.33, 18.0, 8.67, 16.56, 1.67, 7.22, 0.89, 18.22, 0.67, 0.78, 0.89, 1.56, 1.67, 1.78, 1.78, 1.89, 2.0, 2.11, 15.22, 10.11, 1.0, 17.89, 9.67, 0.22, 0.22, 1.11, 2.44, 8.89, 0.33, 3.44, 18.0, 7.44, 7.56, 5.11, 5.22, 5.33, 4.78, 4.89, 5.0, 8.0, 3.89, 2.67, 8.33, 5.11, 5.22, 2.78, 2.89, 3.0, 3.11, 3.22, 5.78, 6.22, 6.33, 2.33, 2.44, 6.56, 5.22, 3.78, 3.89, 4.0, 4.22, 9.22, 9.33, 0.44, 0.44, 0.67, 0.67, 1.44, 1.56, 1.67, 1.78, 1.44, 1.56, 11.11, 4.78, 1.89, 4.44, 1.67, 2.0, 2.11, 3.11, 1.89, 2.22, 2.0, 3.33, 1.78, 1.89, 2.0, 2.11, 2.0, 3.56, 7.33, 4.11, 8.0, 12.67]

ILAO*:
Tiempo requerido: 0.042
Iteraciones requeridas: 18
Nodos expandidos: 255

RLAO*:
Tiempo requerido: 0.059
Iteraciones requeridas: 18
Nodos expandidos: 324

BLAO*:
Tiempo requerido: 0.037
Iteraciones requeridas: 16
Nodos expandidos: 269

VI:
Tiempo requerido: 0.29
Iteraciones requeridas: 37

Problema 10
-------------------------------------------------------
LAO*:
Tiempo requerido: 1.26
Iteraciones requeridas: 255
Nodos expandidos: 255
Porcentajes del conjunto Z: [0.11, 0.22, 0.33, 0.44, 0.33, 0.67, 0.78, 0.89, 1.0, 1.11, 1.22, 1.11, 0.89, 1.56, 1.67, 1.78, 1.67, 1.78, 2.0, 1.89, 1.89, 2.0, 2.22, 1.44, 0.33, 0.89, 2.56, 1.44, 1.56, 1.67, 2.11, 1.67, 3.11, 3.67, 3.33, 3.44, 3.56, 3.67, 3.67, 3.78, 3.89, 4.0, 4.11, 4.22, 4.33, 4.44, 4.33, 4.33, 3.56, 0.44, 3.78, 3.89, 3.67, 3.78, 3.89, 5.11, 2.56, 2.67, 2.78, 2.89, 5.22, 3.78, 1.22, 1.33, 1.44, 1.56, 2.0, 6.22, 6.33, 0.56, 1.22, 0.44, 0.56, 0.89, 0.67, 0.78, 0.89, 1.0, 1.11, 1.22, 1.33, 5.44, 2.67, 2.78, 2.89, 3.0, 3.11, 3.0, 3.11, 3.22, 3.33, 3.44, 3.33, 3.56, 1.11, 3.56, 3.0, 8.11, 7.33, 3.78, 1.44, 2.44, 2.56, 0.56, 3.11, 4.22, 6.56, 4.78, 1.44, 1.11, 1.22, 0.56, 1.44, 1.56, 0.67, 0.78, 1.33, 1.44, 1.89, 2.0, 2.11, 2.0, 2.22, 2.33, 2.44, 2.56, 2.67, 1.89, 1.56, 12.0, 10.0, 9.56, 3.22, 1.56, 1.67, 1.78, 1.78, 2.0, 2.11, 2.11, 2.22, 2.33, 2.44, 2.56, 2.11, 2.0, 2.44, 2.56, 1.89, 4.56, 2.78, 3.11, 3.22, 3.0, 3.56, 3.44, 16.22, 3.56, 1.67, 8.11, 11.33, 18.0, 8.67, 16.56, 1.67, 7.22, 0.89, 18.22, 0.67, 0.78, 0.89, 1.56, 1.67, 1.78, 1.78, 1.89, 2.0, 2.11, 15.22, 10.11, 1.0, 17.89, 9.67, 0.22, 0.22, 1.11, 2.44, 8.89, 0.33, 3.44, 18.0, 7.44, 7.56, 5.11, 5.22, 5.33, 4.78, 4.89, 5.0, 8.0, 3.89, 2.67, 8.33, 5.11, 5.22, 2.78, 2.89, 3.0, 3.11, 3.22, 5.78, 6.22, 6.33, 2.33, 2.44, 6.56, 5.22, 3.78, 3.89, 4.0, 4.22, 9.22, 9.33, 0.44, 0.44, 0.67, 0.67, 1.44, 1.56, 1.67, 1.78, 1.44, 1.56, 11.11, 4.78, 1.89, 4.44, 1.67, 2.0, 2.11, 3.11, 1.89, 2.22, 2.0, 3.33, 1.78, 1.89, 2.0, 2.11, 2.0, 3.56, 7.33, 4.11, 8.0, 12.67]

ILAO*:
Tiempo requerido: 0.055
Iteraciones requeridas: 18
Nodos expandidos: 255

RLAO*:
Tiempo requerido: 0.05
Iteraciones requeridas: 18
Nodos expandidos: 324

BLAO*:
Tiempo requerido: 0.036
Iteraciones requeridas: 16
Nodos expandidos: 269

VI:
Tiempo requerido: 0.33
Iteraciones requeridas: 37

Media tiempo LAO: 1.425
Media iteraciones LAO: 255.0
Media expansiones LAO: 255.0

Media tiempo RLAO: 0.057
Media iteraciones RLAO: 18.0
Media expansiones RLAO: 324.0

Media tiempo ILAO: 0.05
Media iteraciones ILAO: 18.0
Media expansiones ILAO: 255.0

Media tiempo BLAO: 0.043
Media iteraciones BLAO: 16.0
Media expansiones BLAO: 269.0

Media tiempo VI: 0.299
Media iteraciones VI: 37.0

-------------------------------------------------------
