Problema 1
-------------------------------------------------------
LAO*:
Tiempo requerido: 0.187
Nodos expandidos: 97
Porcentajes del conjunto Z: [1.0, 2.0, 3.0, 4.0, 4.0, 5.0, 5.0, 6.0, 6.0, 7.0, 9.0, 9.0, 8.0, 9.0, 10.0, 11.0, 12.0, 2.0, 12.0, 3.0, 4.0, 5.0, 6.0, 7.0, 18.0, 19.0, 15.0, 8.0, 9.0, 10.0, 13.0, 14.0, 11.0, 12.0, 16.0, 24.0, 25.0, 15.0, 16.0, 17.0, 18.0, 19.0, 31.0, 24.0, 23.0, 24.0, 25.0, 26.0, 27.0, 28.0, 29.0, 30.0, 31.0, 32.0, 33.0, 34.0, 35.0, 26.0, 26.0, 37.0, 51.0, 27.0, 29.0, 63.0, 65.0, 66.0, 67.0, 68.0, 69.0, 70.0, 71.0, 72.0, 27.0, 74.0, 75.0, 76.0, 77.0, 78.0, 79.0, 80.0, 33.0, 34.0, 83.0, 84.0, 85.0, 86.0, 87.0, 88.0, 89.0, 90.0, 91.0, 92.0, 93.0, 94.0, 95.0, 96.0, 97.0]

ILAO*:
Tiempo requerido: 0.021
Nodos expandidos: 98

RLAO*:
Tiempo requerido: 0.024
Nodos expandidos: 100

BLAO*:
Tiempo requerido: 0.018
Nodos expandidos: 96

VI:
Tiempo requerido: 0.018
Numero de iteraciones: 2970
-------------------------------------------------------
Problema 2
-------------------------------------------------------
LAO*:
Tiempo requerido: 0.175
Nodos expandidos: 95
Porcentajes del conjunto Z: [1.0, 2.0, 3.0, 4.0, 5.0, 6.0, 7.0, 8.0, 9.0, 10.0, 7.0, 8.0, 8.0, 9.0, 11.0, 2.0, 3.0, 4.0, 4.0, 6.0, 6.0, 7.0, 9.0, 16.0, 13.0, 14.0, 15.0, 16.0, 25.0, 26.0, 16.0, 31.0, 28.0, 29.0, 16.0, 17.0, 18.0, 19.0, 20.0, 34.0, 35.0, 35.0, 36.0, 37.0, 39.0, 45.0, 36.0, 37.0, 38.0, 5.0, 6.0, 7.0, 8.0, 9.0, 43.0, 9.0, 45.0, 46.0, 13.0, 14.0, 18.0, 55.0, 53.0, 54.0, 52.0, 59.0, 66.0, 40.0, 67.0, 68.0, 69.0, 10.0, 11.0, 12.0, 73.0, 8.0, 77.0, 30.0, 79.0, 35.0, 81.0, 36.0, 83.0, 84.0, 85.0, 86.0, 87.0, 88.0, 40.0, 41.0, 42.0, 43.0, 44.0, 45.0, 46.0]

ILAO*:
Tiempo requerido: 0.02
Nodos expandidos: 96

RLAO*:
Tiempo requerido: 0.021
Nodos expandidos: 99

BLAO*:
Tiempo requerido: 0.022
Nodos expandidos: 99

VI:
Tiempo requerido: 0.018
Numero de iteraciones: 2970
-------------------------------------------------------
Problema 3
-------------------------------------------------------
LAO*:
Tiempo requerido: 0.198
Nodos expandidos: 93
Porcentajes del conjunto Z: [1.0, 2.0, 3.0, 4.0, 5.0, 6.0, 6.0, 7.0, 8.0, 9.0, 4.0, 11.0, 12.0, 13.0, 14.0, 15.0, 15.0, 16.0, 17.0, 15.0, 16.0, 21.0, 22.0, 5.0, 6.0, 7.0, 8.0, 9.0, 10.0, 11.0, 7.0, 31.0, 32.0, 33.0, 34.0, 35.0, 36.0, 37.0, 37.0, 38.0, 39.0, 40.0, 41.0, 41.0, 42.0, 43.0, 44.0, 45.0, 46.0, 26.0, 30.0, 31.0, 32.0, 33.0, 34.0, 42.0, 29.0, 30.0, 31.0, 32.0, 33.0, 34.0, 49.0, 64.0, 65.0, 66.0, 67.0, 68.0, 69.0, 70.0, 71.0, 72.0, 73.0, 74.0, 75.0, 76.0, 77.0, 77.0, 78.0, 79.0, 81.0, 82.0, 83.0, 84.0, 85.0, 86.0, 87.0, 88.0, 89.0, 90.0, 91.0, 92.0, 93.0]

ILAO*:
Tiempo requerido: 0.022
Nodos expandidos: 97

RLAO*:
Tiempo requerido: 0.016
Nodos expandidos: 96

BLAO*:
Tiempo requerido: 0.019
Nodos expandidos: 97

VI:
Tiempo requerido: 0.016
Numero de iteraciones: 2970
-------------------------------------------------------
Problema 4
-------------------------------------------------------
LAO*:
Tiempo requerido: 0.189
Nodos expandidos: 93
Porcentajes del conjunto Z: [1.0, 2.0, 3.0, 4.0, 5.0, 6.0, 6.0, 7.0, 8.0, 9.0, 4.0, 11.0, 12.0, 13.0, 14.0, 15.0, 15.0, 16.0, 17.0, 15.0, 16.0, 21.0, 22.0, 5.0, 6.0, 7.0, 8.0, 9.0, 10.0, 11.0, 7.0, 31.0, 32.0, 33.0, 34.0, 35.0, 36.0, 37.0, 37.0, 38.0, 39.0, 40.0, 41.0, 41.0, 42.0, 43.0, 44.0, 45.0, 46.0, 26.0, 30.0, 31.0, 32.0, 33.0, 34.0, 42.0, 29.0, 30.0, 31.0, 32.0, 33.0, 34.0, 49.0, 64.0, 65.0, 66.0, 67.0, 68.0, 69.0, 70.0, 71.0, 72.0, 73.0, 74.0, 75.0, 76.0, 77.0, 77.0, 78.0, 79.0, 81.0, 82.0, 83.0, 84.0, 85.0, 86.0, 87.0, 88.0, 89.0, 90.0, 91.0, 92.0, 93.0]

ILAO*:
Tiempo requerido: 0.023
Nodos expandidos: 97

RLAO*:
Tiempo requerido: 0.017
Nodos expandidos: 96

BLAO*:
Tiempo requerido: 0.023
Nodos expandidos: 97

VI:
Tiempo requerido: 0.016
Numero de iteraciones: 2970
-------------------------------------------------------
Problema 5
-------------------------------------------------------
LAO*:
Tiempo requerido: 0.242
Nodos expandidos: 93
Porcentajes del conjunto Z: [1.0, 2.0, 3.0, 4.0, 5.0, 6.0, 6.0, 7.0, 8.0, 9.0, 4.0, 11.0, 12.0, 13.0, 14.0, 15.0, 15.0, 16.0, 17.0, 15.0, 16.0, 21.0, 22.0, 5.0, 6.0, 7.0, 8.0, 9.0, 10.0, 11.0, 7.0, 31.0, 32.0, 33.0, 34.0, 35.0, 36.0, 37.0, 37.0, 38.0, 39.0, 40.0, 41.0, 41.0, 42.0, 43.0, 44.0, 45.0, 46.0, 26.0, 30.0, 31.0, 32.0, 33.0, 34.0, 42.0, 29.0, 30.0, 31.0, 32.0, 33.0, 34.0, 49.0, 64.0, 65.0, 66.0, 67.0, 68.0, 69.0, 70.0, 71.0, 72.0, 73.0, 74.0, 75.0, 76.0, 77.0, 77.0, 78.0, 79.0, 81.0, 82.0, 83.0, 84.0, 85.0, 86.0, 87.0, 88.0, 89.0, 90.0, 91.0, 92.0, 93.0]

ILAO*:
Tiempo requerido: 0.022
Nodos expandidos: 97

RLAO*:
Tiempo requerido: 0.016
Nodos expandidos: 96

BLAO*:
Tiempo requerido: 0.018
Nodos expandidos: 97

VI:
Tiempo requerido: 0.017
Numero de iteraciones: 2970
-------------------------------------------------------
Problema 6
-------------------------------------------------------
LAO*:
Tiempo requerido: 0.19
Nodos expandidos: 97
Porcentajes del conjunto Z: [1.0, 2.0, 3.0, 4.0, 4.0, 5.0, 5.0, 6.0, 6.0, 7.0, 9.0, 9.0, 8.0, 9.0, 10.0, 11.0, 12.0, 2.0, 12.0, 3.0, 4.0, 5.0, 6.0, 7.0, 18.0, 19.0, 15.0, 8.0, 9.0, 10.0, 13.0, 14.0, 11.0, 12.0, 16.0, 24.0, 25.0, 15.0, 16.0, 17.0, 18.0, 19.0, 31.0, 24.0, 23.0, 24.0, 25.0, 26.0, 27.0, 28.0, 29.0, 30.0, 31.0, 32.0, 33.0, 34.0, 35.0, 26.0, 26.0, 37.0, 51.0, 27.0, 29.0, 63.0, 65.0, 66.0, 67.0, 68.0, 69.0, 70.0, 71.0, 72.0, 27.0, 74.0, 75.0, 76.0, 77.0, 78.0, 79.0, 80.0, 33.0, 34.0, 83.0, 84.0, 85.0, 86.0, 87.0, 88.0, 89.0, 90.0, 91.0, 92.0, 93.0, 94.0, 95.0, 96.0, 97.0]

ILAO*:
Tiempo requerido: 0.021
Nodos expandidos: 98

RLAO*:
Tiempo requerido: 0.028
Nodos expandidos: 100

BLAO*:
Tiempo requerido: 0.018
Nodos expandidos: 96

VI:
Tiempo requerido: 0.016
Numero de iteraciones: 2970
-------------------------------------------------------
Problema 7
-------------------------------------------------------
LAO*:
Tiempo requerido: 0.245
Nodos expandidos: 94
Porcentajes del conjunto Z: [1.0, 2.0, 3.0, 4.0, 4.0, 5.0, 6.0, 7.0, 8.0, 9.0, 10.0, 11.0, 12.0, 13.0, 13.0, 14.0, 11.0, 12.0, 7.0, 8.0, 9.0, 10.0, 11.0, 12.0, 12.0, 13.0, 15.0, 15.0, 26.0, 27.0, 28.0, 16.0, 17.0, 18.0, 18.0, 21.0, 20.0, 23.0, 21.0, 20.0, 21.0, 24.0, 22.0, 27.0, 28.0, 40.0, 29.0, 41.0, 42.0, 43.0, 30.0, 28.0, 29.0, 30.0, 50.0, 52.0, 53.0, 55.0, 59.0, 60.0, 56.0, 62.0, 59.0, 60.0, 65.0, 66.0, 67.0, 68.0, 69.0, 70.0, 71.0, 34.0, 35.0, 74.0, 75.0, 76.0, 46.0, 47.0, 79.0, 80.0, 81.0, 82.0, 83.0, 84.0, 85.0, 86.0, 87.0, 88.0, 89.0, 90.0, 91.0, 92.0, 44.0, 45.0]

ILAO*:
Tiempo requerido: 0.02
Nodos expandidos: 99

RLAO*:
Tiempo requerido: 0.016
Nodos expandidos: 99

BLAO*:
Tiempo requerido: 0.019
Nodos expandidos: 96

VI:
Tiempo requerido: 0.016
Numero de iteraciones: 2970
-------------------------------------------------------
Problema 8
-------------------------------------------------------
LAO*:
Tiempo requerido: 0.17
Nodos expandidos: 95
Porcentajes del conjunto Z: [1.0, 2.0, 3.0, 4.0, 5.0, 6.0, 7.0, 8.0, 9.0, 10.0, 7.0, 8.0, 8.0, 9.0, 11.0, 2.0, 3.0, 4.0, 4.0, 6.0, 6.0, 7.0, 9.0, 16.0, 13.0, 14.0, 15.0, 16.0, 25.0, 26.0, 16.0, 31.0, 28.0, 29.0, 16.0, 17.0, 18.0, 19.0, 20.0, 34.0, 35.0, 35.0, 36.0, 37.0, 39.0, 45.0, 36.0, 37.0, 38.0, 5.0, 6.0, 7.0, 8.0, 9.0, 43.0, 9.0, 45.0, 46.0, 13.0, 14.0, 18.0, 55.0, 53.0, 54.0, 52.0, 59.0, 66.0, 40.0, 67.0, 68.0, 69.0, 10.0, 11.0, 12.0, 73.0, 8.0, 77.0, 30.0, 79.0, 35.0, 81.0, 36.0, 83.0, 84.0, 85.0, 86.0, 87.0, 88.0, 40.0, 41.0, 42.0, 43.0, 44.0, 45.0, 46.0]

ILAO*:
Tiempo requerido: 0.022
Nodos expandidos: 96

RLAO*:
Tiempo requerido: 0.019
Nodos expandidos: 99

BLAO*:
Tiempo requerido: 0.02
Nodos expandidos: 99

VI:
Tiempo requerido: 0.017
Numero de iteraciones: 2970
-------------------------------------------------------
Problema 9
-------------------------------------------------------
LAO*:
Tiempo requerido: 0.189
Nodos expandidos: 93
Porcentajes del conjunto Z: [1.0, 2.0, 3.0, 4.0, 5.0, 6.0, 6.0, 7.0, 8.0, 9.0, 4.0, 11.0, 12.0, 13.0, 14.0, 15.0, 15.0, 16.0, 17.0, 15.0, 16.0, 21.0, 22.0, 5.0, 6.0, 7.0, 8.0, 9.0, 10.0, 11.0, 7.0, 31.0, 32.0, 33.0, 34.0, 35.0, 36.0, 37.0, 37.0, 38.0, 39.0, 40.0, 41.0, 41.0, 42.0, 43.0, 44.0, 45.0, 46.0, 26.0, 30.0, 31.0, 32.0, 33.0, 34.0, 42.0, 29.0, 30.0, 31.0, 32.0, 33.0, 34.0, 49.0, 64.0, 65.0, 66.0, 67.0, 68.0, 69.0, 70.0, 71.0, 72.0, 73.0, 74.0, 75.0, 76.0, 77.0, 77.0, 78.0, 79.0, 81.0, 82.0, 83.0, 84.0, 85.0, 86.0, 87.0, 88.0, 89.0, 90.0, 91.0, 92.0, 93.0]

ILAO*:
Tiempo requerido: 0.02
Nodos expandidos: 97

RLAO*:
Tiempo requerido: 0.016
Nodos expandidos: 96

BLAO*:
Tiempo requerido: 0.019
Nodos expandidos: 97

VI:
Tiempo requerido: 0.016
Numero de iteraciones: 2970
-------------------------------------------------------
Problema 10
-------------------------------------------------------
LAO*:
Tiempo requerido: 0.168
Nodos expandidos: 95
Porcentajes del conjunto Z: [1.0, 2.0, 3.0, 4.0, 5.0, 6.0, 7.0, 8.0, 9.0, 10.0, 7.0, 8.0, 8.0, 9.0, 11.0, 2.0, 3.0, 4.0, 4.0, 6.0, 6.0, 7.0, 9.0, 16.0, 13.0, 14.0, 15.0, 16.0, 25.0, 26.0, 16.0, 31.0, 28.0, 29.0, 16.0, 17.0, 18.0, 19.0, 20.0, 34.0, 35.0, 35.0, 36.0, 37.0, 39.0, 45.0, 36.0, 37.0, 38.0, 5.0, 6.0, 7.0, 8.0, 9.0, 43.0, 9.0, 45.0, 46.0, 13.0, 14.0, 18.0, 55.0, 53.0, 54.0, 52.0, 59.0, 66.0, 40.0, 67.0, 68.0, 69.0, 10.0, 11.0, 12.0, 73.0, 8.0, 77.0, 30.0, 79.0, 35.0, 81.0, 36.0, 83.0, 84.0, 85.0, 86.0, 87.0, 88.0, 40.0, 41.0, 42.0, 43.0, 44.0, 45.0, 46.0]

ILAO*:
Tiempo requerido: 0.023
Nodos expandidos: 96

RLAO*:
Tiempo requerido: 0.021
Nodos expandidos: 99

BLAO*:
Tiempo requerido: 0.021
Nodos expandidos: 99

VI:
Tiempo requerido: 0.017
Numero de iteraciones: 2970
-------------------------------------------------------
