Problema 1
-------------------------------------------------------
LAO*:
Tiempo requerido: 7.452
Iteraciones requeridas: 688
Nodos expandidos: 688
Porcentajes del conjunto Z: [0.04, 0.08, 0.12, 0.12, 0.16, 0.16, 0.2, 0.24, 0.28, 0.32, 0.28, 0.32, 0.2, 0.24, 0.28, 0.32, 0.36, 0.4, 0.36, 0.4, 0.4, 0.6, 0.64, 0.68, 0.72, 0.2, 0.8, 0.52, 0.84, 0.76, 0.76, 0.8, 0.84, 0.88, 0.92, 0.92, 0.8, 0.88, 0.96, 0.88, 0.92, 0.96, 0.72, 0.84, 0.68, 0.88, 1.0, 1.04, 1.12, 0.88, 0.92, 0.96, 0.96, 1.24, 0.4, 0.44, 1.92, 2.28, 1.6, 1.88, 1.72, 1.36, 1.76, 1.8, 1.84, 1.4, 1.88, 2.64, 2.32, 2.04, 2.08, 2.12, 2.16, 2.2, 2.24, 2.28, 2.32, 2.36, 2.4, 2.4, 2.2, 2.24, 2.28, 2.32, 2.48, 2.64, 2.68, 2.72, 2.76, 2.8, 2.8, 2.84, 2.88, 2.92, 2.96, 3.0, 3.04, 3.08, 3.04, 3.04, 2.84, 3.12, 3.16, 3.2, 2.8, 3.48, 3.52, 3.56, 4.0, 1.92, 1.96, 2.0, 2.0, 2.04, 2.08, 2.08, 3.64, 2.04, 3.84, 2.16, 2.2, 2.24, 2.28, 2.12, 3.96, 4.56, 4.0, 3.0, 1.96, 2.0, 3.44, 1.88, 4.88, 4.92, 1.96, 2.52, 0.52, 0.56, 1.68, 3.04, 1.92, 1.72, 1.8, 4.92, 1.36, 1.28, 1.0, 4.88, 0.2, 4.68, 1.12, 0.36, 0.52, 0.52, 0.56, 0.6, 0.64, 0.68, 0.72, 0.76, 0.8, 0.96, 1.0, 1.04, 1.08, 1.12, 1.16, 1.2, 1.24, 1.28, 1.28, 1.24, 1.28, 1.32, 2.32, 1.36, 1.4, 1.36, 1.44, 1.04, 1.4, 1.0, 0.84, 0.88, 4.8, 4.6, 1.36, 0.12, 0.16, 1.04, 1.08, 1.52, 5.08, 5.0, 4.72, 6.64, 6.44, 6.04, 5.16, 5.2, 5.24, 5.28, 5.32, 5.28, 5.32, 5.44, 5.48, 0.2, 0.24, 7.76, 0.36, 0.4, 0.44, 0.48, 0.28, 0.32, 0.36, 0.4, 0.64, 0.68, 0.72, 0.76, 0.76, 0.84, 0.88, 8.44, 0.68, 0.32, 1.12, 1.16, 1.2, 1.24, 1.28, 1.32, 4.16, 6.0, 5.88, 5.92, 5.52, 5.56, 5.6, 5.64, 5.68, 5.72, 5.76, 2.12, 0.68, 0.72, 4.4, 4.84, 4.88, 4.92, 0.76, 0.8, 0.84, 0.84, 0.88, 0.92, 0.92, 0.92, 6.76, 6.8, 5.04, 5.08, 3.28, 0.84, 0.88, 0.92, 0.96, 0.96, 1.0, 1.04, 1.04, 1.12, 2.8, 2.84, 7.32, 1.04, 10.56, 0.96, 1.0, 1.04, 1.08, 1.12, 1.2, 8.24, 1.08, 2.96, 1.04, 1.28, 1.2, 1.08, 1.12, 8.84, 1.16, 3.16, 3.2, 3.24, 3.28, 3.32, 2.52, 1.0, 1.6, 1.68, 1.72, 1.76, 1.8, 1.84, 1.88, 1.92, 1.84, 1.12, 0.4, 5.88, 0.24, 1.16, 1.4, 2.44, 1.0, 1.04, 1.08, 1.12, 1.72, 7.2, 10.16, 6.6, 5.48, 7.44, 6.24, 3.24, 2.68, 2.72, 11.24, 4.28, 3.36, 3.4, 4.88, 3.44, 3.48, 3.52, 0.16, 0.2, 0.24, 0.28, 0.32, 0.36, 0.4, 0.88, 0.4, 0.44, 9.0, 4.2, 3.12, 3.24, 3.28, 3.32, 3.36, 3.4, 3.44, 3.28, 5.44, 10.8, 3.16, 2.08, 0.08, 0.2, 0.16, 1.4, 0.36, 0.4, 0.44, 3.16, 1.44, 1.48, 0.16, 0.2, 0.48, 0.52, 3.28, 1.52, 0.28, 0.2, 0.64, 0.28, 0.28, 0.28, 0.32, 0.84, 0.36, 0.4, 0.44, 0.6, 0.24, 0.24, 0.84, 0.88, 1.24, 0.84, 0.92, 0.88, 1.08, 1.04, 1.08, 1.12, 1.16, 1.2, 1.24, 1.28, 1.32, 1.44, 1.36, 1.76, 15.52, 3.0, 1.44, 1.48, 2.56, 1.04, 0.76, 0.8, 0.84, 0.88, 1.12, 1.16, 0.88, 0.76, 0.44, 0.96, 1.0, 0.48, 0.52, 0.56, 0.6, 0.68, 0.72, 2.68, 0.96, 1.0, 0.56, 0.8, 1.04, 0.68, 0.72, 0.68, 3.16, 3.2, 3.24, 1.4, 1.96, 2.0, 2.28, 0.56, 3.0, 4.08, 0.92, 5.08, 4.28, 4.32, 4.36, 4.4, 4.44, 4.48, 4.52, 4.52, 4.6, 4.52, 7.88, 4.68, 4.56, 4.52, 3.12, 2.04, 2.08, 2.12, 1.36, 2.76, 2.2, 2.24, 4.88, 19.0, 8.32, 6.8, 4.32, 1.48, 1.68, 1.76, 1.8, 1.84, 1.88, 1.92, 18.28, 1.84, 1.8, 1.4, 1.44, 9.4, 2.68, 4.92, 8.68, 3.0, 2.2, 1.44, 1.48, 1.52, 1.56, 1.6, 1.64, 1.68, 1.72, 1.96, 2.0, 1.64, 1.8, 1.84, 4.08, 1.88, 1.96, 1.64, 1.6, 1.68, 1.96, 7.12, 4.28, 4.32, 5.88, 4.32, 2.36, 4.36, 4.4, 4.44, 4.48, 4.6, 4.64, 4.52, 4.72, 5.24, 5.32, 5.48, 5.72, 5.52, 5.56, 5.56, 5.56, 8.56, 2.8, 2.76, 16.96, 3.32, 0.52, 0.56, 0.6, 2.0, 2.04, 2.08, 1.44, 2.08, 0.64, 0.68, 0.72, 0.76, 0.8, 0.84, 0.92, 18.56, 0.8, 0.84, 4.96, 0.52, 0.32, 0.6, 0.48, 2.08, 0.6, 0.4, 6.36, 3.2, 3.08, 0.44, 2.56, 1.0, 0.56, 0.6, 0.64, 4.12, 1.92, 4.2, 1.96, 2.0, 7.64, 5.8, 5.84, 6.0, 6.04, 6.08, 6.12, 0.56, 2.8, 3.04, 3.08, 6.32, 5.2, 3.64, 2.68, 1.24, 5.32, 2.04, 2.08, 2.64, 2.64, 5.88, 1.24, 1.28, 1.52, 3.68, 1.68, 1.56, 0.52, 1.4, 2.24, 2.28, 2.32, 4.04, 3.2, 4.2, 3.24, 4.32, 4.36, 4.8, 1.32, 0.8, 4.6, 0.84, 3.4, 1.32, 1.56, 4.36, 3.36, 3.4, 0.52, 0.64, 0.72, 0.76, 1.56, 0.8, 0.84, 0.88, 0.92, 4.6, 3.48, 2.28, 2.28, 1.6, 1.6, 1.64, 1.68, 1.6, 1.64, 1.68, 1.72, 1.76, 1.76, 1.48, 0.88, 0.92, 0.96, 1.0, 1.04, 1.44, 0.92, 5.4, 2.2, 0.84, 1.04, 1.32, 1.36, 1.4, 1.44, 1.08, 1.12, 1.16, 1.88, 1.88, 1.2, 1.56, 1.6, 2.48, 2.8, 3.92]

ILAO*:
Tiempo requerido: 0.174
Iteraciones requeridas: 29
Nodos expandidos: 696

RLAO*:
Tiempo requerido: 0.207
Iteraciones requeridas: 29
Nodos expandidos: 841

BLAO*:
Tiempo requerido: 0.14
Iteraciones requeridas: 26
Nodos expandidos: 690

VI:
Tiempo requerido: 1.2
Iteraciones requeridas: 59

Problema 2
-------------------------------------------------------
LAO*:
Tiempo requerido: 7.753
Iteraciones requeridas: 688
Nodos expandidos: 688
Porcentajes del conjunto Z: [0.04, 0.08, 0.12, 0.12, 0.16, 0.16, 0.2, 0.24, 0.28, 0.32, 0.28, 0.32, 0.2, 0.24, 0.28, 0.32, 0.36, 0.4, 0.36, 0.4, 0.4, 0.6, 0.64, 0.68, 0.72, 0.2, 0.8, 0.52, 0.84, 0.76, 0.76, 0.8, 0.84, 0.88, 0.92, 0.92, 0.8, 0.88, 0.96, 0.88, 0.92, 0.96, 0.72, 0.84, 0.68, 0.88, 1.0, 1.04, 1.12, 0.88, 0.92, 0.96, 0.96, 1.24, 0.4, 0.44, 1.92, 2.28, 1.6, 1.88, 1.72, 1.36, 1.76, 1.8, 1.84, 1.4, 1.88, 2.64, 2.32, 2.04, 2.08, 2.12, 2.16, 2.2, 2.24, 2.28, 2.32, 2.36, 2.4, 2.4, 2.2, 2.24, 2.28, 2.32, 2.48, 2.64, 2.68, 2.72, 2.76, 2.8, 2.8, 2.84, 2.88, 2.92, 2.96, 3.0, 3.04, 3.08, 3.04, 3.04, 2.84, 3.12, 3.16, 3.2, 2.8, 3.48, 3.52, 3.56, 4.0, 1.92, 1.96, 2.0, 2.0, 2.04, 2.08, 2.08, 3.64, 2.04, 3.84, 2.16, 2.2, 2.24, 2.28, 2.12, 3.96, 4.56, 4.0, 3.0, 1.96, 2.0, 3.44, 1.88, 4.88, 4.92, 1.96, 2.52, 0.52, 0.56, 1.68, 3.04, 1.92, 1.72, 1.8, 4.92, 1.36, 1.28, 1.0, 4.88, 0.2, 4.68, 1.12, 0.36, 0.52, 0.52, 0.56, 0.6, 0.64, 0.68, 0.72, 0.76, 0.8, 0.96, 1.0, 1.04, 1.08, 1.12, 1.16, 1.2, 1.24, 1.28, 1.28, 1.24, 1.28, 1.32, 2.32, 1.36, 1.4, 1.36, 1.44, 1.04, 1.4, 1.0, 0.84, 0.88, 4.8, 4.6, 1.36, 0.12, 0.16, 1.04, 1.08, 1.52, 5.08, 5.0, 4.72, 6.64, 6.44, 6.04, 5.16, 5.2, 5.24, 5.28, 5.32, 5.28, 5.32, 5.44, 5.48, 0.2, 0.24, 7.76, 0.36, 0.4, 0.44, 0.48, 0.28, 0.32, 0.36, 0.4, 0.64, 0.68, 0.72, 0.76, 0.76, 0.84, 0.88, 8.44, 0.68, 0.32, 1.12, 1.16, 1.2, 1.24, 1.28, 1.32, 4.16, 6.0, 5.88, 5.92, 5.52, 5.56, 5.6, 5.64, 5.68, 5.72, 5.76, 2.12, 0.68, 0.72, 4.4, 4.84, 4.88, 4.92, 0.76, 0.8, 0.84, 0.84, 0.88, 0.92, 0.92, 0.92, 6.76, 6.8, 5.04, 5.08, 3.28, 0.84, 0.88, 0.92, 0.96, 0.96, 1.0, 1.04, 1.04, 1.12, 2.8, 2.84, 7.32, 1.04, 10.56, 0.96, 1.0, 1.04, 1.08, 1.12, 1.2, 8.24, 1.08, 2.96, 1.04, 1.28, 1.2, 1.08, 1.12, 8.84, 1.16, 3.16, 3.2, 3.24, 3.28, 3.32, 2.52, 1.0, 1.6, 1.68, 1.72, 1.76, 1.8, 1.84, 1.88, 1.92, 1.84, 1.12, 0.4, 5.88, 0.24, 1.16, 1.4, 2.44, 1.0, 1.04, 1.08, 1.12, 1.72, 7.2, 10.16, 6.6, 5.48, 7.44, 6.24, 3.24, 2.68, 2.72, 11.24, 4.28, 3.36, 3.4, 4.88, 3.44, 3.48, 3.52, 0.16, 0.2, 0.24, 0.28, 0.32, 0.36, 0.4, 0.88, 0.4, 0.44, 9.0, 4.2, 3.12, 3.24, 3.28, 3.32, 3.36, 3.4, 3.44, 3.28, 5.44, 10.8, 3.16, 2.08, 0.08, 0.2, 0.16, 1.4, 0.36, 0.4, 0.44, 3.16, 1.44, 1.48, 0.16, 0.2, 0.48, 0.52, 3.28, 1.52, 0.28, 0.2, 0.64, 0.28, 0.28, 0.28, 0.32, 0.84, 0.36, 0.4, 0.44, 0.6, 0.24, 0.24, 0.84, 0.88, 1.24, 0.84, 0.92, 0.88, 1.08, 1.04, 1.08, 1.12, 1.16, 1.2, 1.24, 1.28, 1.32, 1.44, 1.36, 1.76, 15.52, 3.0, 1.44, 1.48, 2.56, 1.04, 0.76, 0.8, 0.84, 0.88, 1.12, 1.16, 0.88, 0.76, 0.44, 0.96, 1.0, 0.48, 0.52, 0.56, 0.6, 0.68, 0.72, 2.68, 0.96, 1.0, 0.56, 0.8, 1.04, 0.68, 0.72, 0.68, 3.16, 3.2, 3.24, 1.4, 1.96, 2.0, 2.28, 0.56, 3.0, 4.08, 0.92, 5.08, 4.28, 4.32, 4.36, 4.4, 4.44, 4.48, 4.52, 4.52, 4.6, 4.52, 7.88, 4.68, 4.56, 4.52, 3.12, 2.04, 2.08, 2.12, 1.36, 2.76, 2.2, 2.24, 4.88, 19.0, 8.32, 6.8, 4.32, 1.48, 1.68, 1.76, 1.8, 1.84, 1.88, 1.92, 18.28, 1.84, 1.8, 1.4, 1.44, 9.4, 2.68, 4.92, 8.68, 3.0, 2.2, 1.44, 1.48, 1.52, 1.56, 1.6, 1.64, 1.68, 1.72, 1.96, 2.0, 1.64, 1.8, 1.84, 4.08, 1.88, 1.96, 1.64, 1.6, 1.68, 1.96, 7.12, 4.28, 4.32, 5.88, 4.32, 2.36, 4.36, 4.4, 4.44, 4.48, 4.6, 4.64, 4.52, 4.72, 5.24, 5.32, 5.48, 5.72, 5.52, 5.56, 5.56, 5.56, 8.56, 2.8, 2.76, 16.96, 3.32, 0.52, 0.56, 0.6, 2.0, 2.04, 2.08, 1.44, 2.08, 0.64, 0.68, 0.72, 0.76, 0.8, 0.84, 0.92, 18.56, 0.8, 0.84, 4.96, 0.52, 0.32, 0.6, 0.48, 2.08, 0.6, 0.4, 6.36, 3.2, 3.08, 0.44, 2.56, 1.0, 0.56, 0.6, 0.64, 4.12, 1.92, 4.2, 1.96, 2.0, 7.64, 5.8, 5.84, 6.0, 6.04, 6.08, 6.12, 0.56, 2.8, 3.04, 3.08, 6.32, 5.2, 3.64, 2.68, 1.24, 5.32, 2.04, 2.08, 2.64, 2.64, 5.88, 1.24, 1.28, 1.52, 3.68, 1.68, 1.56, 0.52, 1.4, 2.24, 2.28, 2.32, 4.04, 3.2, 4.2, 3.24, 4.32, 4.36, 4.8, 1.32, 0.8, 4.6, 0.84, 3.4, 1.32, 1.56, 4.36, 3.36, 3.4, 0.52, 0.64, 0.72, 0.76, 1.56, 0.8, 0.84, 0.88, 0.92, 4.6, 3.48, 2.28, 2.28, 1.6, 1.6, 1.64, 1.68, 1.6, 1.64, 1.68, 1.72, 1.76, 1.76, 1.48, 0.88, 0.92, 0.96, 1.0, 1.04, 1.44, 0.92, 5.4, 2.2, 0.84, 1.04, 1.32, 1.36, 1.4, 1.44, 1.08, 1.12, 1.16, 1.88, 1.88, 1.2, 1.56, 1.6, 2.48, 2.8, 3.92]

ILAO*:
Tiempo requerido: 0.168
Iteraciones requeridas: 29
Nodos expandidos: 696

RLAO*:
Tiempo requerido: 0.176
Iteraciones requeridas: 29
Nodos expandidos: 841

BLAO*:
Tiempo requerido: 0.143
Iteraciones requeridas: 26
Nodos expandidos: 690

VI:
Tiempo requerido: 1.229
Iteraciones requeridas: 59

Problema 3
-------------------------------------------------------
LAO*:
Tiempo requerido: 7.478
Iteraciones requeridas: 688
Nodos expandidos: 688
Porcentajes del conjunto Z: [0.04, 0.08, 0.12, 0.12, 0.16, 0.16, 0.2, 0.24, 0.28, 0.32, 0.28, 0.32, 0.2, 0.24, 0.28, 0.32, 0.36, 0.4, 0.36, 0.4, 0.4, 0.6, 0.64, 0.68, 0.72, 0.2, 0.8, 0.52, 0.84, 0.76, 0.76, 0.8, 0.84, 0.88, 0.92, 0.92, 0.8, 0.88, 0.96, 0.88, 0.92, 0.96, 0.72, 0.84, 0.68, 0.88, 1.0, 1.04, 1.12, 0.88, 0.92, 0.96, 0.96, 1.24, 0.4, 0.44, 1.92, 2.28, 1.6, 1.88, 1.72, 1.36, 1.76, 1.8, 1.84, 1.4, 1.88, 2.64, 2.32, 2.04, 2.08, 2.12, 2.16, 2.2, 2.24, 2.28, 2.32, 2.36, 2.4, 2.4, 2.2, 2.24, 2.28, 2.32, 2.48, 2.64, 2.68, 2.72, 2.76, 2.8, 2.8, 2.84, 2.88, 2.92, 2.96, 3.0, 3.04, 3.08, 3.04, 3.04, 2.84, 3.12, 3.16, 3.2, 2.8, 3.48, 3.52, 3.56, 4.0, 1.92, 1.96, 2.0, 2.0, 2.04, 2.08, 2.08, 3.64, 2.04, 3.84, 2.16, 2.2, 2.24, 2.28, 2.12, 3.96, 4.56, 4.0, 3.0, 1.96, 2.0, 3.44, 1.88, 4.88, 4.92, 1.96, 2.52, 0.52, 0.56, 1.68, 3.04, 1.92, 1.72, 1.8, 4.92, 1.36, 1.28, 1.0, 4.88, 0.2, 4.68, 1.12, 0.36, 0.52, 0.52, 0.56, 0.6, 0.64, 0.68, 0.72, 0.76, 0.8, 0.96, 1.0, 1.04, 1.08, 1.12, 1.16, 1.2, 1.24, 1.28, 1.28, 1.24, 1.28, 1.32, 2.32, 1.36, 1.4, 1.36, 1.44, 1.04, 1.4, 1.0, 0.84, 0.88, 4.8, 4.6, 1.36, 0.12, 0.16, 1.04, 1.08, 1.52, 5.08, 5.0, 4.72, 6.64, 6.44, 6.04, 5.16, 5.2, 5.24, 5.28, 5.32, 5.28, 5.32, 5.44, 5.48, 0.2, 0.24, 7.76, 0.36, 0.4, 0.44, 0.48, 0.28, 0.32, 0.36, 0.4, 0.64, 0.68, 0.72, 0.76, 0.76, 0.84, 0.88, 8.44, 0.68, 0.32, 1.12, 1.16, 1.2, 1.24, 1.28, 1.32, 4.16, 6.0, 5.88, 5.92, 5.52, 5.56, 5.6, 5.64, 5.68, 5.72, 5.76, 2.12, 0.68, 0.72, 4.4, 4.84, 4.88, 4.92, 0.76, 0.8, 0.84, 0.84, 0.88, 0.92, 0.92, 0.92, 6.76, 6.8, 5.04, 5.08, 3.28, 0.84, 0.88, 0.92, 0.96, 0.96, 1.0, 1.04, 1.04, 1.12, 2.8, 2.84, 7.32, 1.04, 10.56, 0.96, 1.0, 1.04, 1.08, 1.12, 1.2, 8.24, 1.08, 2.96, 1.04, 1.28, 1.2, 1.08, 1.12, 8.84, 1.16, 3.16, 3.2, 3.24, 3.28, 3.32, 2.52, 1.0, 1.6, 1.68, 1.72, 1.76, 1.8, 1.84, 1.88, 1.92, 1.84, 1.12, 0.4, 5.88, 0.24, 1.16, 1.4, 2.44, 1.0, 1.04, 1.08, 1.12, 1.72, 7.2, 10.16, 6.6, 5.48, 7.44, 6.24, 3.24, 2.68, 2.72, 11.24, 4.28, 3.36, 3.4, 4.88, 3.44, 3.48, 3.52, 0.16, 0.2, 0.24, 0.28, 0.32, 0.36, 0.4, 0.88, 0.4, 0.44, 9.0, 4.2, 3.12, 3.24, 3.28, 3.32, 3.36, 3.4, 3.44, 3.28, 5.44, 10.8, 3.16, 2.08, 0.08, 0.2, 0.16, 1.4, 0.36, 0.4, 0.44, 3.16, 1.44, 1.48, 0.16, 0.2, 0.48, 0.52, 3.28, 1.52, 0.28, 0.2, 0.64, 0.28, 0.28, 0.28, 0.32, 0.84, 0.36, 0.4, 0.44, 0.6, 0.24, 0.24, 0.84, 0.88, 1.24, 0.84, 0.92, 0.88, 1.08, 1.04, 1.08, 1.12, 1.16, 1.2, 1.24, 1.28, 1.32, 1.44, 1.36, 1.76, 15.52, 3.0, 1.44, 1.48, 2.56, 1.04, 0.76, 0.8, 0.84, 0.88, 1.12, 1.16, 0.88, 0.76, 0.44, 0.96, 1.0, 0.48, 0.52, 0.56, 0.6, 0.68, 0.72, 2.68, 0.96, 1.0, 0.56, 0.8, 1.04, 0.68, 0.72, 0.68, 3.16, 3.2, 3.24, 1.4, 1.96, 2.0, 2.28, 0.56, 3.0, 4.08, 0.92, 5.08, 4.28, 4.32, 4.36, 4.4, 4.44, 4.48, 4.52, 4.52, 4.6, 4.52, 7.88, 4.68, 4.56, 4.52, 3.12, 2.04, 2.08, 2.12, 1.36, 2.76, 2.2, 2.24, 4.88, 19.0, 8.32, 6.8, 4.32, 1.48, 1.68, 1.76, 1.8, 1.84, 1.88, 1.92, 18.28, 1.84, 1.8, 1.4, 1.44, 9.4, 2.68, 4.92, 8.68, 3.0, 2.2, 1.44, 1.48, 1.52, 1.56, 1.6, 1.64, 1.68, 1.72, 1.96, 2.0, 1.64, 1.8, 1.84, 4.08, 1.88, 1.96, 1.64, 1.6, 1.68, 1.96, 7.12, 4.28, 4.32, 5.88, 4.32, 2.36, 4.36, 4.4, 4.44, 4.48, 4.6, 4.64, 4.52, 4.72, 5.24, 5.32, 5.48, 5.72, 5.52, 5.56, 5.56, 5.56, 8.56, 2.8, 2.76, 16.96, 3.32, 0.52, 0.56, 0.6, 2.0, 2.04, 2.08, 1.44, 2.08, 0.64, 0.68, 0.72, 0.76, 0.8, 0.84, 0.92, 18.56, 0.8, 0.84, 4.96, 0.52, 0.32, 0.6, 0.48, 2.08, 0.6, 0.4, 6.36, 3.2, 3.08, 0.44, 2.56, 1.0, 0.56, 0.6, 0.64, 4.12, 1.92, 4.2, 1.96, 2.0, 7.64, 5.8, 5.84, 6.0, 6.04, 6.08, 6.12, 0.56, 2.8, 3.04, 3.08, 6.32, 5.2, 3.64, 2.68, 1.24, 5.32, 2.04, 2.08, 2.64, 2.64, 5.88, 1.24, 1.28, 1.52, 3.68, 1.68, 1.56, 0.52, 1.4, 2.24, 2.28, 2.32, 4.04, 3.2, 4.2, 3.24, 4.32, 4.36, 4.8, 1.32, 0.8, 4.6, 0.84, 3.4, 1.32, 1.56, 4.36, 3.36, 3.4, 0.52, 0.64, 0.72, 0.76, 1.56, 0.8, 0.84, 0.88, 0.92, 4.6, 3.48, 2.28, 2.28, 1.6, 1.6, 1.64, 1.68, 1.6, 1.64, 1.68, 1.72, 1.76, 1.76, 1.48, 0.88, 0.92, 0.96, 1.0, 1.04, 1.44, 0.92, 5.4, 2.2, 0.84, 1.04, 1.32, 1.36, 1.4, 1.44, 1.08, 1.12, 1.16, 1.88, 1.88, 1.2, 1.56, 1.6, 2.48, 2.8, 3.92]

ILAO*:
Tiempo requerido: 0.165
Iteraciones requeridas: 29
Nodos expandidos: 696

RLAO*:
Tiempo requerido: 0.18
Iteraciones requeridas: 29
Nodos expandidos: 841

BLAO*:
Tiempo requerido: 0.139
Iteraciones requeridas: 26
Nodos expandidos: 690

VI:
Tiempo requerido: 1.213
Iteraciones requeridas: 59

Problema 4
-------------------------------------------------------
LAO*:
Tiempo requerido: 7.683
Iteraciones requeridas: 688
Nodos expandidos: 688
Porcentajes del conjunto Z: [0.04, 0.08, 0.12, 0.12, 0.16, 0.16, 0.2, 0.24, 0.28, 0.32, 0.28, 0.32, 0.2, 0.24, 0.28, 0.32, 0.36, 0.4, 0.36, 0.4, 0.4, 0.6, 0.64, 0.68, 0.72, 0.2, 0.8, 0.52, 0.84, 0.76, 0.76, 0.8, 0.84, 0.88, 0.92, 0.92, 0.8, 0.88, 0.96, 0.88, 0.92, 0.96, 0.72, 0.84, 0.68, 0.88, 1.0, 1.04, 1.12, 0.88, 0.92, 0.96, 0.96, 1.24, 0.4, 0.44, 1.92, 2.28, 1.6, 1.88, 1.72, 1.36, 1.76, 1.8, 1.84, 1.4, 1.88, 2.64, 2.32, 2.04, 2.08, 2.12, 2.16, 2.2, 2.24, 2.28, 2.32, 2.36, 2.4, 2.4, 2.2, 2.24, 2.28, 2.32, 2.48, 2.64, 2.68, 2.72, 2.76, 2.8, 2.8, 2.84, 2.88, 2.92, 2.96, 3.0, 3.04, 3.08, 3.04, 3.04, 2.84, 3.12, 3.16, 3.2, 2.8, 3.48, 3.52, 3.56, 4.0, 1.92, 1.96, 2.0, 2.0, 2.04, 2.08, 2.08, 3.64, 2.04, 3.84, 2.16, 2.2, 2.24, 2.28, 2.12, 3.96, 4.56, 4.0, 3.0, 1.96, 2.0, 3.44, 1.88, 4.88, 4.92, 1.96, 2.52, 0.52, 0.56, 1.68, 3.04, 1.92, 1.72, 1.8, 4.92, 1.36, 1.28, 1.0, 4.88, 0.2, 4.68, 1.12, 0.36, 0.52, 0.52, 0.56, 0.6, 0.64, 0.68, 0.72, 0.76, 0.8, 0.96, 1.0, 1.04, 1.08, 1.12, 1.16, 1.2, 1.24, 1.28, 1.28, 1.24, 1.28, 1.32, 2.32, 1.36, 1.4, 1.36, 1.44, 1.04, 1.4, 1.0, 0.84, 0.88, 4.8, 4.6, 1.36, 0.12, 0.16, 1.04, 1.08, 1.52, 5.08, 5.0, 4.72, 6.64, 6.44, 6.04, 5.16, 5.2, 5.24, 5.28, 5.32, 5.28, 5.32, 5.44, 5.48, 0.2, 0.24, 7.76, 0.36, 0.4, 0.44, 0.48, 0.28, 0.32, 0.36, 0.4, 0.64, 0.68, 0.72, 0.76, 0.76, 0.84, 0.88, 8.44, 0.68, 0.32, 1.12, 1.16, 1.2, 1.24, 1.28, 1.32, 4.16, 6.0, 5.88, 5.92, 5.52, 5.56, 5.6, 5.64, 5.68, 5.72, 5.76, 2.12, 0.68, 0.72, 4.4, 4.84, 4.88, 4.92, 0.76, 0.8, 0.84, 0.84, 0.88, 0.92, 0.92, 0.92, 6.76, 6.8, 5.04, 5.08, 3.28, 0.84, 0.88, 0.92, 0.96, 0.96, 1.0, 1.04, 1.04, 1.12, 2.8, 2.84, 7.32, 1.04, 10.56, 0.96, 1.0, 1.04, 1.08, 1.12, 1.2, 8.24, 1.08, 2.96, 1.04, 1.28, 1.2, 1.08, 1.12, 8.84, 1.16, 3.16, 3.2, 3.24, 3.28, 3.32, 2.52, 1.0, 1.6, 1.68, 1.72, 1.76, 1.8, 1.84, 1.88, 1.92, 1.84, 1.12, 0.4, 5.88, 0.24, 1.16, 1.4, 2.44, 1.0, 1.04, 1.08, 1.12, 1.72, 7.2, 10.16, 6.6, 5.48, 7.44, 6.24, 3.24, 2.68, 2.72, 11.24, 4.28, 3.36, 3.4, 4.88, 3.44, 3.48, 3.52, 0.16, 0.2, 0.24, 0.28, 0.32, 0.36, 0.4, 0.88, 0.4, 0.44, 9.0, 4.2, 3.12, 3.24, 3.28, 3.32, 3.36, 3.4, 3.44, 3.28, 5.44, 10.8, 3.16, 2.08, 0.08, 0.2, 0.16, 1.4, 0.36, 0.4, 0.44, 3.16, 1.44, 1.48, 0.16, 0.2, 0.48, 0.52, 3.28, 1.52, 0.28, 0.2, 0.64, 0.28, 0.28, 0.28, 0.32, 0.84, 0.36, 0.4, 0.44, 0.6, 0.24, 0.24, 0.84, 0.88, 1.24, 0.84, 0.92, 0.88, 1.08, 1.04, 1.08, 1.12, 1.16, 1.2, 1.24, 1.28, 1.32, 1.44, 1.36, 1.76, 15.52, 3.0, 1.44, 1.48, 2.56, 1.04, 0.76, 0.8, 0.84, 0.88, 1.12, 1.16, 0.88, 0.76, 0.44, 0.96, 1.0, 0.48, 0.52, 0.56, 0.6, 0.68, 0.72, 2.68, 0.96, 1.0, 0.56, 0.8, 1.04, 0.68, 0.72, 0.68, 3.16, 3.2, 3.24, 1.4, 1.96, 2.0, 2.28, 0.56, 3.0, 4.08, 0.92, 5.08, 4.28, 4.32, 4.36, 4.4, 4.44, 4.48, 4.52, 4.52, 4.6, 4.52, 7.88, 4.68, 4.56, 4.52, 3.12, 2.04, 2.08, 2.12, 1.36, 2.76, 2.2, 2.24, 4.88, 19.0, 8.32, 6.8, 4.32, 1.48, 1.68, 1.76, 1.8, 1.84, 1.88, 1.92, 18.28, 1.84, 1.8, 1.4, 1.44, 9.4, 2.68, 4.92, 8.68, 3.0, 2.2, 1.44, 1.48, 1.52, 1.56, 1.6, 1.64, 1.68, 1.72, 1.96, 2.0, 1.64, 1.8, 1.84, 4.08, 1.88, 1.96, 1.64, 1.6, 1.68, 1.96, 7.12, 4.28, 4.32, 5.88, 4.32, 2.36, 4.36, 4.4, 4.44, 4.48, 4.6, 4.64, 4.52, 4.72, 5.24, 5.32, 5.48, 5.72, 5.52, 5.56, 5.56, 5.56, 8.56, 2.8, 2.76, 16.96, 3.32, 0.52, 0.56, 0.6, 2.0, 2.04, 2.08, 1.44, 2.08, 0.64, 0.68, 0.72, 0.76, 0.8, 0.84, 0.92, 18.56, 0.8, 0.84, 4.96, 0.52, 0.32, 0.6, 0.48, 2.08, 0.6, 0.4, 6.36, 3.2, 3.08, 0.44, 2.56, 1.0, 0.56, 0.6, 0.64, 4.12, 1.92, 4.2, 1.96, 2.0, 7.64, 5.8, 5.84, 6.0, 6.04, 6.08, 6.12, 0.56, 2.8, 3.04, 3.08, 6.32, 5.2, 3.64, 2.68, 1.24, 5.32, 2.04, 2.08, 2.64, 2.64, 5.88, 1.24, 1.28, 1.52, 3.68, 1.68, 1.56, 0.52, 1.4, 2.24, 2.28, 2.32, 4.04, 3.2, 4.2, 3.24, 4.32, 4.36, 4.8, 1.32, 0.8, 4.6, 0.84, 3.4, 1.32, 1.56, 4.36, 3.36, 3.4, 0.52, 0.64, 0.72, 0.76, 1.56, 0.8, 0.84, 0.88, 0.92, 4.6, 3.48, 2.28, 2.28, 1.6, 1.6, 1.64, 1.68, 1.6, 1.64, 1.68, 1.72, 1.76, 1.76, 1.48, 0.88, 0.92, 0.96, 1.0, 1.04, 1.44, 0.92, 5.4, 2.2, 0.84, 1.04, 1.32, 1.36, 1.4, 1.44, 1.08, 1.12, 1.16, 1.88, 1.88, 1.2, 1.56, 1.6, 2.48, 2.8, 3.92]

ILAO*:
Tiempo requerido: 0.171
Iteraciones requeridas: 29
Nodos expandidos: 696

RLAO*:
Tiempo requerido: 0.19
Iteraciones requeridas: 29
Nodos expandidos: 841

BLAO*:
Tiempo requerido: 0.138
Iteraciones requeridas: 26
Nodos expandidos: 690

VI:
Tiempo requerido: 1.216
Iteraciones requeridas: 59

Problema 5
-------------------------------------------------------
LAO*:
Tiempo requerido: 7.518
Iteraciones requeridas: 688
Nodos expandidos: 688
Porcentajes del conjunto Z: [0.04, 0.08, 0.12, 0.12, 0.16, 0.16, 0.2, 0.24, 0.28, 0.32, 0.28, 0.32, 0.2, 0.24, 0.28, 0.32, 0.36, 0.4, 0.36, 0.4, 0.4, 0.6, 0.64, 0.68, 0.72, 0.2, 0.8, 0.52, 0.84, 0.76, 0.76, 0.8, 0.84, 0.88, 0.92, 0.92, 0.8, 0.88, 0.96, 0.88, 0.92, 0.96, 0.72, 0.84, 0.68, 0.88, 1.0, 1.04, 1.12, 0.88, 0.92, 0.96, 0.96, 1.24, 0.4, 0.44, 1.92, 2.28, 1.6, 1.88, 1.72, 1.36, 1.76, 1.8, 1.84, 1.4, 1.88, 2.64, 2.32, 2.04, 2.08, 2.12, 2.16, 2.2, 2.24, 2.28, 2.32, 2.36, 2.4, 2.4, 2.2, 2.24, 2.28, 2.32, 2.48, 2.64, 2.68, 2.72, 2.76, 2.8, 2.8, 2.84, 2.88, 2.92, 2.96, 3.0, 3.04, 3.08, 3.04, 3.04, 2.84, 3.12, 3.16, 3.2, 2.8, 3.48, 3.52, 3.56, 4.0, 1.92, 1.96, 2.0, 2.0, 2.04, 2.08, 2.08, 3.64, 2.04, 3.84, 2.16, 2.2, 2.24, 2.28, 2.12, 3.96, 4.56, 4.0, 3.0, 1.96, 2.0, 3.44, 1.88, 4.88, 4.92, 1.96, 2.52, 0.52, 0.56, 1.68, 3.04, 1.92, 1.72, 1.8, 4.92, 1.36, 1.28, 1.0, 4.88, 0.2, 4.68, 1.12, 0.36, 0.52, 0.52, 0.56, 0.6, 0.64, 0.68, 0.72, 0.76, 0.8, 0.96, 1.0, 1.04, 1.08, 1.12, 1.16, 1.2, 1.24, 1.28, 1.28, 1.24, 1.28, 1.32, 2.32, 1.36, 1.4, 1.36, 1.44, 1.04, 1.4, 1.0, 0.84, 0.88, 4.8, 4.6, 1.36, 0.12, 0.16, 1.04, 1.08, 1.52, 5.08, 5.0, 4.72, 6.64, 6.44, 6.04, 5.16, 5.2, 5.24, 5.28, 5.32, 5.28, 5.32, 5.44, 5.48, 0.2, 0.24, 7.76, 0.36, 0.4, 0.44, 0.48, 0.28, 0.32, 0.36, 0.4, 0.64, 0.68, 0.72, 0.76, 0.76, 0.84, 0.88, 8.44, 0.68, 0.32, 1.12, 1.16, 1.2, 1.24, 1.28, 1.32, 4.16, 6.0, 5.88, 5.92, 5.52, 5.56, 5.6, 5.64, 5.68, 5.72, 5.76, 2.12, 0.68, 0.72, 4.4, 4.84, 4.88, 4.92, 0.76, 0.8, 0.84, 0.84, 0.88, 0.92, 0.92, 0.92, 6.76, 6.8, 5.04, 5.08, 3.28, 0.84, 0.88, 0.92, 0.96, 0.96, 1.0, 1.04, 1.04, 1.12, 2.8, 2.84, 7.32, 1.04, 10.56, 0.96, 1.0, 1.04, 1.08, 1.12, 1.2, 8.24, 1.08, 2.96, 1.04, 1.28, 1.2, 1.08, 1.12, 8.84, 1.16, 3.16, 3.2, 3.24, 3.28, 3.32, 2.52, 1.0, 1.6, 1.68, 1.72, 1.76, 1.8, 1.84, 1.88, 1.92, 1.84, 1.12, 0.4, 5.88, 0.24, 1.16, 1.4, 2.44, 1.0, 1.04, 1.08, 1.12, 1.72, 7.2, 10.16, 6.6, 5.48, 7.44, 6.24, 3.24, 2.68, 2.72, 11.24, 4.28, 3.36, 3.4, 4.88, 3.44, 3.48, 3.52, 0.16, 0.2, 0.24, 0.28, 0.32, 0.36, 0.4, 0.88, 0.4, 0.44, 9.0, 4.2, 3.12, 3.24, 3.28, 3.32, 3.36, 3.4, 3.44, 3.28, 5.44, 10.8, 3.16, 2.08, 0.08, 0.2, 0.16, 1.4, 0.36, 0.4, 0.44, 3.16, 1.44, 1.48, 0.16, 0.2, 0.48, 0.52, 3.28, 1.52, 0.28, 0.2, 0.64, 0.28, 0.28, 0.28, 0.32, 0.84, 0.36, 0.4, 0.44, 0.6, 0.24, 0.24, 0.84, 0.88, 1.24, 0.84, 0.92, 0.88, 1.08, 1.04, 1.08, 1.12, 1.16, 1.2, 1.24, 1.28, 1.32, 1.44, 1.36, 1.76, 15.52, 3.0, 1.44, 1.48, 2.56, 1.04, 0.76, 0.8, 0.84, 0.88, 1.12, 1.16, 0.88, 0.76, 0.44, 0.96, 1.0, 0.48, 0.52, 0.56, 0.6, 0.68, 0.72, 2.68, 0.96, 1.0, 0.56, 0.8, 1.04, 0.68, 0.72, 0.68, 3.16, 3.2, 3.24, 1.4, 1.96, 2.0, 2.28, 0.56, 3.0, 4.08, 0.92, 5.08, 4.28, 4.32, 4.36, 4.4, 4.44, 4.48, 4.52, 4.52, 4.6, 4.52, 7.88, 4.68, 4.56, 4.52, 3.12, 2.04, 2.08, 2.12, 1.36, 2.76, 2.2, 2.24, 4.88, 19.0, 8.32, 6.8, 4.32, 1.48, 1.68, 1.76, 1.8, 1.84, 1.88, 1.92, 18.28, 1.84, 1.8, 1.4, 1.44, 9.4, 2.68, 4.92, 8.68, 3.0, 2.2, 1.44, 1.48, 1.52, 1.56, 1.6, 1.64, 1.68, 1.72, 1.96, 2.0, 1.64, 1.8, 1.84, 4.08, 1.88, 1.96, 1.64, 1.6, 1.68, 1.96, 7.12, 4.28, 4.32, 5.88, 4.32, 2.36, 4.36, 4.4, 4.44, 4.48, 4.6, 4.64, 4.52, 4.72, 5.24, 5.32, 5.48, 5.72, 5.52, 5.56, 5.56, 5.56, 8.56, 2.8, 2.76, 16.96, 3.32, 0.52, 0.56, 0.6, 2.0, 2.04, 2.08, 1.44, 2.08, 0.64, 0.68, 0.72, 0.76, 0.8, 0.84, 0.92, 18.56, 0.8, 0.84, 4.96, 0.52, 0.32, 0.6, 0.48, 2.08, 0.6, 0.4, 6.36, 3.2, 3.08, 0.44, 2.56, 1.0, 0.56, 0.6, 0.64, 4.12, 1.92, 4.2, 1.96, 2.0, 7.64, 5.8, 5.84, 6.0, 6.04, 6.08, 6.12, 0.56, 2.8, 3.04, 3.08, 6.32, 5.2, 3.64, 2.68, 1.24, 5.32, 2.04, 2.08, 2.64, 2.64, 5.88, 1.24, 1.28, 1.52, 3.68, 1.68, 1.56, 0.52, 1.4, 2.24, 2.28, 2.32, 4.04, 3.2, 4.2, 3.24, 4.32, 4.36, 4.8, 1.32, 0.8, 4.6, 0.84, 3.4, 1.32, 1.56, 4.36, 3.36, 3.4, 0.52, 0.64, 0.72, 0.76, 1.56, 0.8, 0.84, 0.88, 0.92, 4.6, 3.48, 2.28, 2.28, 1.6, 1.6, 1.64, 1.68, 1.6, 1.64, 1.68, 1.72, 1.76, 1.76, 1.48, 0.88, 0.92, 0.96, 1.0, 1.04, 1.44, 0.92, 5.4, 2.2, 0.84, 1.04, 1.32, 1.36, 1.4, 1.44, 1.08, 1.12, 1.16, 1.88, 1.88, 1.2, 1.56, 1.6, 2.48, 2.8, 3.92]

ILAO*:
Tiempo requerido: 0.173
Iteraciones requeridas: 29
Nodos expandidos: 696

RLAO*:
Tiempo requerido: 0.194
Iteraciones requeridas: 29
Nodos expandidos: 841

BLAO*:
Tiempo requerido: 0.142
Iteraciones requeridas: 26
Nodos expandidos: 690

VI:
Tiempo requerido: 1.241
Iteraciones requeridas: 59

Problema 6
-------------------------------------------------------
LAO*:
Tiempo requerido: 7.639
Iteraciones requeridas: 688
Nodos expandidos: 688
Porcentajes del conjunto Z: [0.04, 0.08, 0.12, 0.12, 0.16, 0.16, 0.2, 0.24, 0.28, 0.32, 0.28, 0.32, 0.2, 0.24, 0.28, 0.32, 0.36, 0.4, 0.36, 0.4, 0.4, 0.6, 0.64, 0.68, 0.72, 0.2, 0.8, 0.52, 0.84, 0.76, 0.76, 0.8, 0.84, 0.88, 0.92, 0.92, 0.8, 0.88, 0.96, 0.88, 0.92, 0.96, 0.72, 0.84, 0.68, 0.88, 1.0, 1.04, 1.12, 0.88, 0.92, 0.96, 0.96, 1.24, 0.4, 0.44, 1.92, 2.28, 1.6, 1.88, 1.72, 1.36, 1.76, 1.8, 1.84, 1.4, 1.88, 2.64, 2.32, 2.04, 2.08, 2.12, 2.16, 2.2, 2.24, 2.28, 2.32, 2.36, 2.4, 2.4, 2.2, 2.24, 2.28, 2.32, 2.48, 2.64, 2.68, 2.72, 2.76, 2.8, 2.8, 2.84, 2.88, 2.92, 2.96, 3.0, 3.04, 3.08, 3.04, 3.04, 2.84, 3.12, 3.16, 3.2, 2.8, 3.48, 3.52, 3.56, 4.0, 1.92, 1.96, 2.0, 2.0, 2.04, 2.08, 2.08, 3.64, 2.04, 3.84, 2.16, 2.2, 2.24, 2.28, 2.12, 3.96, 4.56, 4.0, 3.0, 1.96, 2.0, 3.44, 1.88, 4.88, 4.92, 1.96, 2.52, 0.52, 0.56, 1.68, 3.04, 1.92, 1.72, 1.8, 4.92, 1.36, 1.28, 1.0, 4.88, 0.2, 4.68, 1.12, 0.36, 0.52, 0.52, 0.56, 0.6, 0.64, 0.68, 0.72, 0.76, 0.8, 0.96, 1.0, 1.04, 1.08, 1.12, 1.16, 1.2, 1.24, 1.28, 1.28, 1.24, 1.28, 1.32, 2.32, 1.36, 1.4, 1.36, 1.44, 1.04, 1.4, 1.0, 0.84, 0.88, 4.8, 4.6, 1.36, 0.12, 0.16, 1.04, 1.08, 1.52, 5.08, 5.0, 4.72, 6.64, 6.44, 6.04, 5.16, 5.2, 5.24, 5.28, 5.32, 5.28, 5.32, 5.44, 5.48, 0.2, 0.24, 7.76, 0.36, 0.4, 0.44, 0.48, 0.28, 0.32, 0.36, 0.4, 0.64, 0.68, 0.72, 0.76, 0.76, 0.84, 0.88, 8.44, 0.68, 0.32, 1.12, 1.16, 1.2, 1.24, 1.28, 1.32, 4.16, 6.0, 5.88, 5.92, 5.52, 5.56, 5.6, 5.64, 5.68, 5.72, 5.76, 2.12, 0.68, 0.72, 4.4, 4.84, 4.88, 4.92, 0.76, 0.8, 0.84, 0.84, 0.88, 0.92, 0.92, 0.92, 6.76, 6.8, 5.04, 5.08, 3.28, 0.84, 0.88, 0.92, 0.96, 0.96, 1.0, 1.04, 1.04, 1.12, 2.8, 2.84, 7.32, 1.04, 10.56, 0.96, 1.0, 1.04, 1.08, 1.12, 1.2, 8.24, 1.08, 2.96, 1.04, 1.28, 1.2, 1.08, 1.12, 8.84, 1.16, 3.16, 3.2, 3.24, 3.28, 3.32, 2.52, 1.0, 1.6, 1.68, 1.72, 1.76, 1.8, 1.84, 1.88, 1.92, 1.84, 1.12, 0.4, 5.88, 0.24, 1.16, 1.4, 2.44, 1.0, 1.04, 1.08, 1.12, 1.72, 7.2, 10.16, 6.6, 5.48, 7.44, 6.24, 3.24, 2.68, 2.72, 11.24, 4.28, 3.36, 3.4, 4.88, 3.44, 3.48, 3.52, 0.16, 0.2, 0.24, 0.28, 0.32, 0.36, 0.4, 0.88, 0.4, 0.44, 9.0, 4.2, 3.12, 3.24, 3.28, 3.32, 3.36, 3.4, 3.44, 3.28, 5.44, 10.8, 3.16, 2.08, 0.08, 0.2, 0.16, 1.4, 0.36, 0.4, 0.44, 3.16, 1.44, 1.48, 0.16, 0.2, 0.48, 0.52, 3.28, 1.52, 0.28, 0.2, 0.64, 0.28, 0.28, 0.28, 0.32, 0.84, 0.36, 0.4, 0.44, 0.6, 0.24, 0.24, 0.84, 0.88, 1.24, 0.84, 0.92, 0.88, 1.08, 1.04, 1.08, 1.12, 1.16, 1.2, 1.24, 1.28, 1.32, 1.44, 1.36, 1.76, 15.52, 3.0, 1.44, 1.48, 2.56, 1.04, 0.76, 0.8, 0.84, 0.88, 1.12, 1.16, 0.88, 0.76, 0.44, 0.96, 1.0, 0.48, 0.52, 0.56, 0.6, 0.68, 0.72, 2.68, 0.96, 1.0, 0.56, 0.8, 1.04, 0.68, 0.72, 0.68, 3.16, 3.2, 3.24, 1.4, 1.96, 2.0, 2.28, 0.56, 3.0, 4.08, 0.92, 5.08, 4.28, 4.32, 4.36, 4.4, 4.44, 4.48, 4.52, 4.52, 4.6, 4.52, 7.88, 4.68, 4.56, 4.52, 3.12, 2.04, 2.08, 2.12, 1.36, 2.76, 2.2, 2.24, 4.88, 19.0, 8.32, 6.8, 4.32, 1.48, 1.68, 1.76, 1.8, 1.84, 1.88, 1.92, 18.28, 1.84, 1.8, 1.4, 1.44, 9.4, 2.68, 4.92, 8.68, 3.0, 2.2, 1.44, 1.48, 1.52, 1.56, 1.6, 1.64, 1.68, 1.72, 1.96, 2.0, 1.64, 1.8, 1.84, 4.08, 1.88, 1.96, 1.64, 1.6, 1.68, 1.96, 7.12, 4.28, 4.32, 5.88, 4.32, 2.36, 4.36, 4.4, 4.44, 4.48, 4.6, 4.64, 4.52, 4.72, 5.24, 5.32, 5.48, 5.72, 5.52, 5.56, 5.56, 5.56, 8.56, 2.8, 2.76, 16.96, 3.32, 0.52, 0.56, 0.6, 2.0, 2.04, 2.08, 1.44, 2.08, 0.64, 0.68, 0.72, 0.76, 0.8, 0.84, 0.92, 18.56, 0.8, 0.84, 4.96, 0.52, 0.32, 0.6, 0.48, 2.08, 0.6, 0.4, 6.36, 3.2, 3.08, 0.44, 2.56, 1.0, 0.56, 0.6, 0.64, 4.12, 1.92, 4.2, 1.96, 2.0, 7.64, 5.8, 5.84, 6.0, 6.04, 6.08, 6.12, 0.56, 2.8, 3.04, 3.08, 6.32, 5.2, 3.64, 2.68, 1.24, 5.32, 2.04, 2.08, 2.64, 2.64, 5.88, 1.24, 1.28, 1.52, 3.68, 1.68, 1.56, 0.52, 1.4, 2.24, 2.28, 2.32, 4.04, 3.2, 4.2, 3.24, 4.32, 4.36, 4.8, 1.32, 0.8, 4.6, 0.84, 3.4, 1.32, 1.56, 4.36, 3.36, 3.4, 0.52, 0.64, 0.72, 0.76, 1.56, 0.8, 0.84, 0.88, 0.92, 4.6, 3.48, 2.28, 2.28, 1.6, 1.6, 1.64, 1.68, 1.6, 1.64, 1.68, 1.72, 1.76, 1.76, 1.48, 0.88, 0.92, 0.96, 1.0, 1.04, 1.44, 0.92, 5.4, 2.2, 0.84, 1.04, 1.32, 1.36, 1.4, 1.44, 1.08, 1.12, 1.16, 1.88, 1.88, 1.2, 1.56, 1.6, 2.48, 2.8, 3.92]

ILAO*:
Tiempo requerido: 0.179
Iteraciones requeridas: 29
Nodos expandidos: 696

RLAO*:
Tiempo requerido: 0.18
Iteraciones requeridas: 29
Nodos expandidos: 841

BLAO*:
Tiempo requerido: 0.138
Iteraciones requeridas: 26
Nodos expandidos: 690

VI:
Tiempo requerido: 1.246
Iteraciones requeridas: 59

Problema 7
-------------------------------------------------------
LAO*:
Tiempo requerido: 7.678
Iteraciones requeridas: 688
Nodos expandidos: 688
Porcentajes del conjunto Z: [0.04, 0.08, 0.12, 0.12, 0.16, 0.16, 0.2, 0.24, 0.28, 0.32, 0.28, 0.32, 0.2, 0.24, 0.28, 0.32, 0.36, 0.4, 0.36, 0.4, 0.4, 0.6, 0.64, 0.68, 0.72, 0.2, 0.8, 0.52, 0.84, 0.76, 0.76, 0.8, 0.84, 0.88, 0.92, 0.92, 0.8, 0.88, 0.96, 0.88, 0.92, 0.96, 0.72, 0.84, 0.68, 0.88, 1.0, 1.04, 1.12, 0.88, 0.92, 0.96, 0.96, 1.24, 0.4, 0.44, 1.92, 2.28, 1.6, 1.88, 1.72, 1.36, 1.76, 1.8, 1.84, 1.4, 1.88, 2.64, 2.32, 2.04, 2.08, 2.12, 2.16, 2.2, 2.24, 2.28, 2.32, 2.36, 2.4, 2.4, 2.2, 2.24, 2.28, 2.32, 2.48, 2.64, 2.68, 2.72, 2.76, 2.8, 2.8, 2.84, 2.88, 2.92, 2.96, 3.0, 3.04, 3.08, 3.04, 3.04, 2.84, 3.12, 3.16, 3.2, 2.8, 3.48, 3.52, 3.56, 4.0, 1.92, 1.96, 2.0, 2.0, 2.04, 2.08, 2.08, 3.64, 2.04, 3.84, 2.16, 2.2, 2.24, 2.28, 2.12, 3.96, 4.56, 4.0, 3.0, 1.96, 2.0, 3.44, 1.88, 4.88, 4.92, 1.96, 2.52, 0.52, 0.56, 1.68, 3.04, 1.92, 1.72, 1.8, 4.92, 1.36, 1.28, 1.0, 4.88, 0.2, 4.68, 1.12, 0.36, 0.52, 0.52, 0.56, 0.6, 0.64, 0.68, 0.72, 0.76, 0.8, 0.96, 1.0, 1.04, 1.08, 1.12, 1.16, 1.2, 1.24, 1.28, 1.28, 1.24, 1.28, 1.32, 2.32, 1.36, 1.4, 1.36, 1.44, 1.04, 1.4, 1.0, 0.84, 0.88, 4.8, 4.6, 1.36, 0.12, 0.16, 1.04, 1.08, 1.52, 5.08, 5.0, 4.72, 6.64, 6.44, 6.04, 5.16, 5.2, 5.24, 5.28, 5.32, 5.28, 5.32, 5.44, 5.48, 0.2, 0.24, 7.76, 0.36, 0.4, 0.44, 0.48, 0.28, 0.32, 0.36, 0.4, 0.64, 0.68, 0.72, 0.76, 0.76, 0.84, 0.88, 8.44, 0.68, 0.32, 1.12, 1.16, 1.2, 1.24, 1.28, 1.32, 4.16, 6.0, 5.88, 5.92, 5.52, 5.56, 5.6, 5.64, 5.68, 5.72, 5.76, 2.12, 0.68, 0.72, 4.4, 4.84, 4.88, 4.92, 0.76, 0.8, 0.84, 0.84, 0.88, 0.92, 0.92, 0.92, 6.76, 6.8, 5.04, 5.08, 3.28, 0.84, 0.88, 0.92, 0.96, 0.96, 1.0, 1.04, 1.04, 1.12, 2.8, 2.84, 7.32, 1.04, 10.56, 0.96, 1.0, 1.04, 1.08, 1.12, 1.2, 8.24, 1.08, 2.96, 1.04, 1.28, 1.2, 1.08, 1.12, 8.84, 1.16, 3.16, 3.2, 3.24, 3.28, 3.32, 2.52, 1.0, 1.6, 1.68, 1.72, 1.76, 1.8, 1.84, 1.88, 1.92, 1.84, 1.12, 0.4, 5.88, 0.24, 1.16, 1.4, 2.44, 1.0, 1.04, 1.08, 1.12, 1.72, 7.2, 10.16, 6.6, 5.48, 7.44, 6.24, 3.24, 2.68, 2.72, 11.24, 4.28, 3.36, 3.4, 4.88, 3.44, 3.48, 3.52, 0.16, 0.2, 0.24, 0.28, 0.32, 0.36, 0.4, 0.88, 0.4, 0.44, 9.0, 4.2, 3.12, 3.24, 3.28, 3.32, 3.36, 3.4, 3.44, 3.28, 5.44, 10.8, 3.16, 2.08, 0.08, 0.2, 0.16, 1.4, 0.36, 0.4, 0.44, 3.16, 1.44, 1.48, 0.16, 0.2, 0.48, 0.52, 3.28, 1.52, 0.28, 0.2, 0.64, 0.28, 0.28, 0.28, 0.32, 0.84, 0.36, 0.4, 0.44, 0.6, 0.24, 0.24, 0.84, 0.88, 1.24, 0.84, 0.92, 0.88, 1.08, 1.04, 1.08, 1.12, 1.16, 1.2, 1.24, 1.28, 1.32, 1.44, 1.36, 1.76, 15.52, 3.0, 1.44, 1.48, 2.56, 1.04, 0.76, 0.8, 0.84, 0.88, 1.12, 1.16, 0.88, 0.76, 0.44, 0.96, 1.0, 0.48, 0.52, 0.56, 0.6, 0.68, 0.72, 2.68, 0.96, 1.0, 0.56, 0.8, 1.04, 0.68, 0.72, 0.68, 3.16, 3.2, 3.24, 1.4, 1.96, 2.0, 2.28, 0.56, 3.0, 4.08, 0.92, 5.08, 4.28, 4.32, 4.36, 4.4, 4.44, 4.48, 4.52, 4.52, 4.6, 4.52, 7.88, 4.68, 4.56, 4.52, 3.12, 2.04, 2.08, 2.12, 1.36, 2.76, 2.2, 2.24, 4.88, 19.0, 8.32, 6.8, 4.32, 1.48, 1.68, 1.76, 1.8, 1.84, 1.88, 1.92, 18.28, 1.84, 1.8, 1.4, 1.44, 9.4, 2.68, 4.92, 8.68, 3.0, 2.2, 1.44, 1.48, 1.52, 1.56, 1.6, 1.64, 1.68, 1.72, 1.96, 2.0, 1.64, 1.8, 1.84, 4.08, 1.88, 1.96, 1.64, 1.6, 1.68, 1.96, 7.12, 4.28, 4.32, 5.88, 4.32, 2.36, 4.36, 4.4, 4.44, 4.48, 4.6, 4.64, 4.52, 4.72, 5.24, 5.32, 5.48, 5.72, 5.52, 5.56, 5.56, 5.56, 8.56, 2.8, 2.76, 16.96, 3.32, 0.52, 0.56, 0.6, 2.0, 2.04, 2.08, 1.44, 2.08, 0.64, 0.68, 0.72, 0.76, 0.8, 0.84, 0.92, 18.56, 0.8, 0.84, 4.96, 0.52, 0.32, 0.6, 0.48, 2.08, 0.6, 0.4, 6.36, 3.2, 3.08, 0.44, 2.56, 1.0, 0.56, 0.6, 0.64, 4.12, 1.92, 4.2, 1.96, 2.0, 7.64, 5.8, 5.84, 6.0, 6.04, 6.08, 6.12, 0.56, 2.8, 3.04, 3.08, 6.32, 5.2, 3.64, 2.68, 1.24, 5.32, 2.04, 2.08, 2.64, 2.64, 5.88, 1.24, 1.28, 1.52, 3.68, 1.68, 1.56, 0.52, 1.4, 2.24, 2.28, 2.32, 4.04, 3.2, 4.2, 3.24, 4.32, 4.36, 4.8, 1.32, 0.8, 4.6, 0.84, 3.4, 1.32, 1.56, 4.36, 3.36, 3.4, 0.52, 0.64, 0.72, 0.76, 1.56, 0.8, 0.84, 0.88, 0.92, 4.6, 3.48, 2.28, 2.28, 1.6, 1.6, 1.64, 1.68, 1.6, 1.64, 1.68, 1.72, 1.76, 1.76, 1.48, 0.88, 0.92, 0.96, 1.0, 1.04, 1.44, 0.92, 5.4, 2.2, 0.84, 1.04, 1.32, 1.36, 1.4, 1.44, 1.08, 1.12, 1.16, 1.88, 1.88, 1.2, 1.56, 1.6, 2.48, 2.8, 3.92]

ILAO*:
Tiempo requerido: 0.174
Iteraciones requeridas: 29
Nodos expandidos: 696

RLAO*:
Tiempo requerido: 0.178
Iteraciones requeridas: 29
Nodos expandidos: 841

BLAO*:
Tiempo requerido: 0.138
Iteraciones requeridas: 26
Nodos expandidos: 690

VI:
Tiempo requerido: 1.226
Iteraciones requeridas: 59

Problema 8
-------------------------------------------------------
LAO*:
Tiempo requerido: 7.79
Iteraciones requeridas: 688
Nodos expandidos: 688
Porcentajes del conjunto Z: [0.04, 0.08, 0.12, 0.12, 0.16, 0.16, 0.2, 0.24, 0.28, 0.32, 0.28, 0.32, 0.2, 0.24, 0.28, 0.32, 0.36, 0.4, 0.36, 0.4, 0.4, 0.6, 0.64, 0.68, 0.72, 0.2, 0.8, 0.52, 0.84, 0.76, 0.76, 0.8, 0.84, 0.88, 0.92, 0.92, 0.8, 0.88, 0.96, 0.88, 0.92, 0.96, 0.72, 0.84, 0.68, 0.88, 1.0, 1.04, 1.12, 0.88, 0.92, 0.96, 0.96, 1.24, 0.4, 0.44, 1.92, 2.28, 1.6, 1.88, 1.72, 1.36, 1.76, 1.8, 1.84, 1.4, 1.88, 2.64, 2.32, 2.04, 2.08, 2.12, 2.16, 2.2, 2.24, 2.28, 2.32, 2.36, 2.4, 2.4, 2.2, 2.24, 2.28, 2.32, 2.48, 2.64, 2.68, 2.72, 2.76, 2.8, 2.8, 2.84, 2.88, 2.92, 2.96, 3.0, 3.04, 3.08, 3.04, 3.04, 2.84, 3.12, 3.16, 3.2, 2.8, 3.48, 3.52, 3.56, 4.0, 1.92, 1.96, 2.0, 2.0, 2.04, 2.08, 2.08, 3.64, 2.04, 3.84, 2.16, 2.2, 2.24, 2.28, 2.12, 3.96, 4.56, 4.0, 3.0, 1.96, 2.0, 3.44, 1.88, 4.88, 4.92, 1.96, 2.52, 0.52, 0.56, 1.68, 3.04, 1.92, 1.72, 1.8, 4.92, 1.36, 1.28, 1.0, 4.88, 0.2, 4.68, 1.12, 0.36, 0.52, 0.52, 0.56, 0.6, 0.64, 0.68, 0.72, 0.76, 0.8, 0.96, 1.0, 1.04, 1.08, 1.12, 1.16, 1.2, 1.24, 1.28, 1.28, 1.24, 1.28, 1.32, 2.32, 1.36, 1.4, 1.36, 1.44, 1.04, 1.4, 1.0, 0.84, 0.88, 4.8, 4.6, 1.36, 0.12, 0.16, 1.04, 1.08, 1.52, 5.08, 5.0, 4.72, 6.64, 6.44, 6.04, 5.16, 5.2, 5.24, 5.28, 5.32, 5.28, 5.32, 5.44, 5.48, 0.2, 0.24, 7.76, 0.36, 0.4, 0.44, 0.48, 0.28, 0.32, 0.36, 0.4, 0.64, 0.68, 0.72, 0.76, 0.76, 0.84, 0.88, 8.44, 0.68, 0.32, 1.12, 1.16, 1.2, 1.24, 1.28, 1.32, 4.16, 6.0, 5.88, 5.92, 5.52, 5.56, 5.6, 5.64, 5.68, 5.72, 5.76, 2.12, 0.68, 0.72, 4.4, 4.84, 4.88, 4.92, 0.76, 0.8, 0.84, 0.84, 0.88, 0.92, 0.92, 0.92, 6.76, 6.8, 5.04, 5.08, 3.28, 0.84, 0.88, 0.92, 0.96, 0.96, 1.0, 1.04, 1.04, 1.12, 2.8, 2.84, 7.32, 1.04, 10.56, 0.96, 1.0, 1.04, 1.08, 1.12, 1.2, 8.24, 1.08, 2.96, 1.04, 1.28, 1.2, 1.08, 1.12, 8.84, 1.16, 3.16, 3.2, 3.24, 3.28, 3.32, 2.52, 1.0, 1.6, 1.68, 1.72, 1.76, 1.8, 1.84, 1.88, 1.92, 1.84, 1.12, 0.4, 5.88, 0.24, 1.16, 1.4, 2.44, 1.0, 1.04, 1.08, 1.12, 1.72, 7.2, 10.16, 6.6, 5.48, 7.44, 6.24, 3.24, 2.68, 2.72, 11.24, 4.28, 3.36, 3.4, 4.88, 3.44, 3.48, 3.52, 0.16, 0.2, 0.24, 0.28, 0.32, 0.36, 0.4, 0.88, 0.4, 0.44, 9.0, 4.2, 3.12, 3.24, 3.28, 3.32, 3.36, 3.4, 3.44, 3.28, 5.44, 10.8, 3.16, 2.08, 0.08, 0.2, 0.16, 1.4, 0.36, 0.4, 0.44, 3.16, 1.44, 1.48, 0.16, 0.2, 0.48, 0.52, 3.28, 1.52, 0.28, 0.2, 0.64, 0.28, 0.28, 0.28, 0.32, 0.84, 0.36, 0.4, 0.44, 0.6, 0.24, 0.24, 0.84, 0.88, 1.24, 0.84, 0.92, 0.88, 1.08, 1.04, 1.08, 1.12, 1.16, 1.2, 1.24, 1.28, 1.32, 1.44, 1.36, 1.76, 15.52, 3.0, 1.44, 1.48, 2.56, 1.04, 0.76, 0.8, 0.84, 0.88, 1.12, 1.16, 0.88, 0.76, 0.44, 0.96, 1.0, 0.48, 0.52, 0.56, 0.6, 0.68, 0.72, 2.68, 0.96, 1.0, 0.56, 0.8, 1.04, 0.68, 0.72, 0.68, 3.16, 3.2, 3.24, 1.4, 1.96, 2.0, 2.28, 0.56, 3.0, 4.08, 0.92, 5.08, 4.28, 4.32, 4.36, 4.4, 4.44, 4.48, 4.52, 4.52, 4.6, 4.52, 7.88, 4.68, 4.56, 4.52, 3.12, 2.04, 2.08, 2.12, 1.36, 2.76, 2.2, 2.24, 4.88, 19.0, 8.32, 6.8, 4.32, 1.48, 1.68, 1.76, 1.8, 1.84, 1.88, 1.92, 18.28, 1.84, 1.8, 1.4, 1.44, 9.4, 2.68, 4.92, 8.68, 3.0, 2.2, 1.44, 1.48, 1.52, 1.56, 1.6, 1.64, 1.68, 1.72, 1.96, 2.0, 1.64, 1.8, 1.84, 4.08, 1.88, 1.96, 1.64, 1.6, 1.68, 1.96, 7.12, 4.28, 4.32, 5.88, 4.32, 2.36, 4.36, 4.4, 4.44, 4.48, 4.6, 4.64, 4.52, 4.72, 5.24, 5.32, 5.48, 5.72, 5.52, 5.56, 5.56, 5.56, 8.56, 2.8, 2.76, 16.96, 3.32, 0.52, 0.56, 0.6, 2.0, 2.04, 2.08, 1.44, 2.08, 0.64, 0.68, 0.72, 0.76, 0.8, 0.84, 0.92, 18.56, 0.8, 0.84, 4.96, 0.52, 0.32, 0.6, 0.48, 2.08, 0.6, 0.4, 6.36, 3.2, 3.08, 0.44, 2.56, 1.0, 0.56, 0.6, 0.64, 4.12, 1.92, 4.2, 1.96, 2.0, 7.64, 5.8, 5.84, 6.0, 6.04, 6.08, 6.12, 0.56, 2.8, 3.04, 3.08, 6.32, 5.2, 3.64, 2.68, 1.24, 5.32, 2.04, 2.08, 2.64, 2.64, 5.88, 1.24, 1.28, 1.52, 3.68, 1.68, 1.56, 0.52, 1.4, 2.24, 2.28, 2.32, 4.04, 3.2, 4.2, 3.24, 4.32, 4.36, 4.8, 1.32, 0.8, 4.6, 0.84, 3.4, 1.32, 1.56, 4.36, 3.36, 3.4, 0.52, 0.64, 0.72, 0.76, 1.56, 0.8, 0.84, 0.88, 0.92, 4.6, 3.48, 2.28, 2.28, 1.6, 1.6, 1.64, 1.68, 1.6, 1.64, 1.68, 1.72, 1.76, 1.76, 1.48, 0.88, 0.92, 0.96, 1.0, 1.04, 1.44, 0.92, 5.4, 2.2, 0.84, 1.04, 1.32, 1.36, 1.4, 1.44, 1.08, 1.12, 1.16, 1.88, 1.88, 1.2, 1.56, 1.6, 2.48, 2.8, 3.92]

ILAO*:
Tiempo requerido: 0.164
Iteraciones requeridas: 29
Nodos expandidos: 696

RLAO*:
Tiempo requerido: 0.173
Iteraciones requeridas: 29
Nodos expandidos: 841

BLAO*:
Tiempo requerido: 0.141
Iteraciones requeridas: 26
Nodos expandidos: 690

VI:
Tiempo requerido: 1.215
Iteraciones requeridas: 59

Problema 9
-------------------------------------------------------
LAO*:
Tiempo requerido: 7.571
Iteraciones requeridas: 688
Nodos expandidos: 688
Porcentajes del conjunto Z: [0.04, 0.08, 0.12, 0.12, 0.16, 0.16, 0.2, 0.24, 0.28, 0.32, 0.28, 0.32, 0.2, 0.24, 0.28, 0.32, 0.36, 0.4, 0.36, 0.4, 0.4, 0.6, 0.64, 0.68, 0.72, 0.2, 0.8, 0.52, 0.84, 0.76, 0.76, 0.8, 0.84, 0.88, 0.92, 0.92, 0.8, 0.88, 0.96, 0.88, 0.92, 0.96, 0.72, 0.84, 0.68, 0.88, 1.0, 1.04, 1.12, 0.88, 0.92, 0.96, 0.96, 1.24, 0.4, 0.44, 1.92, 2.28, 1.6, 1.88, 1.72, 1.36, 1.76, 1.8, 1.84, 1.4, 1.88, 2.64, 2.32, 2.04, 2.08, 2.12, 2.16, 2.2, 2.24, 2.28, 2.32, 2.36, 2.4, 2.4, 2.2, 2.24, 2.28, 2.32, 2.48, 2.64, 2.68, 2.72, 2.76, 2.8, 2.8, 2.84, 2.88, 2.92, 2.96, 3.0, 3.04, 3.08, 3.04, 3.04, 2.84, 3.12, 3.16, 3.2, 2.8, 3.48, 3.52, 3.56, 4.0, 1.92, 1.96, 2.0, 2.0, 2.04, 2.08, 2.08, 3.64, 2.04, 3.84, 2.16, 2.2, 2.24, 2.28, 2.12, 3.96, 4.56, 4.0, 3.0, 1.96, 2.0, 3.44, 1.88, 4.88, 4.92, 1.96, 2.52, 0.52, 0.56, 1.68, 3.04, 1.92, 1.72, 1.8, 4.92, 1.36, 1.28, 1.0, 4.88, 0.2, 4.68, 1.12, 0.36, 0.52, 0.52, 0.56, 0.6, 0.64, 0.68, 0.72, 0.76, 0.8, 0.96, 1.0, 1.04, 1.08, 1.12, 1.16, 1.2, 1.24, 1.28, 1.28, 1.24, 1.28, 1.32, 2.32, 1.36, 1.4, 1.36, 1.44, 1.04, 1.4, 1.0, 0.84, 0.88, 4.8, 4.6, 1.36, 0.12, 0.16, 1.04, 1.08, 1.52, 5.08, 5.0, 4.72, 6.64, 6.44, 6.04, 5.16, 5.2, 5.24, 5.28, 5.32, 5.28, 5.32, 5.44, 5.48, 0.2, 0.24, 7.76, 0.36, 0.4, 0.44, 0.48, 0.28, 0.32, 0.36, 0.4, 0.64, 0.68, 0.72, 0.76, 0.76, 0.84, 0.88, 8.44, 0.68, 0.32, 1.12, 1.16, 1.2, 1.24, 1.28, 1.32, 4.16, 6.0, 5.88, 5.92, 5.52, 5.56, 5.6, 5.64, 5.68, 5.72, 5.76, 2.12, 0.68, 0.72, 4.4, 4.84, 4.88, 4.92, 0.76, 0.8, 0.84, 0.84, 0.88, 0.92, 0.92, 0.92, 6.76, 6.8, 5.04, 5.08, 3.28, 0.84, 0.88, 0.92, 0.96, 0.96, 1.0, 1.04, 1.04, 1.12, 2.8, 2.84, 7.32, 1.04, 10.56, 0.96, 1.0, 1.04, 1.08, 1.12, 1.2, 8.24, 1.08, 2.96, 1.04, 1.28, 1.2, 1.08, 1.12, 8.84, 1.16, 3.16, 3.2, 3.24, 3.28, 3.32, 2.52, 1.0, 1.6, 1.68, 1.72, 1.76, 1.8, 1.84, 1.88, 1.92, 1.84, 1.12, 0.4, 5.88, 0.24, 1.16, 1.4, 2.44, 1.0, 1.04, 1.08, 1.12, 1.72, 7.2, 10.16, 6.6, 5.48, 7.44, 6.24, 3.24, 2.68, 2.72, 11.24, 4.28, 3.36, 3.4, 4.88, 3.44, 3.48, 3.52, 0.16, 0.2, 0.24, 0.28, 0.32, 0.36, 0.4, 0.88, 0.4, 0.44, 9.0, 4.2, 3.12, 3.24, 3.28, 3.32, 3.36, 3.4, 3.44, 3.28, 5.44, 10.8, 3.16, 2.08, 0.08, 0.2, 0.16, 1.4, 0.36, 0.4, 0.44, 3.16, 1.44, 1.48, 0.16, 0.2, 0.48, 0.52, 3.28, 1.52, 0.28, 0.2, 0.64, 0.28, 0.28, 0.28, 0.32, 0.84, 0.36, 0.4, 0.44, 0.6, 0.24, 0.24, 0.84, 0.88, 1.24, 0.84, 0.92, 0.88, 1.08, 1.04, 1.08, 1.12, 1.16, 1.2, 1.24, 1.28, 1.32, 1.44, 1.36, 1.76, 15.52, 3.0, 1.44, 1.48, 2.56, 1.04, 0.76, 0.8, 0.84, 0.88, 1.12, 1.16, 0.88, 0.76, 0.44, 0.96, 1.0, 0.48, 0.52, 0.56, 0.6, 0.68, 0.72, 2.68, 0.96, 1.0, 0.56, 0.8, 1.04, 0.68, 0.72, 0.68, 3.16, 3.2, 3.24, 1.4, 1.96, 2.0, 2.28, 0.56, 3.0, 4.08, 0.92, 5.08, 4.28, 4.32, 4.36, 4.4, 4.44, 4.48, 4.52, 4.52, 4.6, 4.52, 7.88, 4.68, 4.56, 4.52, 3.12, 2.04, 2.08, 2.12, 1.36, 2.76, 2.2, 2.24, 4.88, 19.0, 8.32, 6.8, 4.32, 1.48, 1.68, 1.76, 1.8, 1.84, 1.88, 1.92, 18.28, 1.84, 1.8, 1.4, 1.44, 9.4, 2.68, 4.92, 8.68, 3.0, 2.2, 1.44, 1.48, 1.52, 1.56, 1.6, 1.64, 1.68, 1.72, 1.96, 2.0, 1.64, 1.8, 1.84, 4.08, 1.88, 1.96, 1.64, 1.6, 1.68, 1.96, 7.12, 4.28, 4.32, 5.88, 4.32, 2.36, 4.36, 4.4, 4.44, 4.48, 4.6, 4.64, 4.52, 4.72, 5.24, 5.32, 5.48, 5.72, 5.52, 5.56, 5.56, 5.56, 8.56, 2.8, 2.76, 16.96, 3.32, 0.52, 0.56, 0.6, 2.0, 2.04, 2.08, 1.44, 2.08, 0.64, 0.68, 0.72, 0.76, 0.8, 0.84, 0.92, 18.56, 0.8, 0.84, 4.96, 0.52, 0.32, 0.6, 0.48, 2.08, 0.6, 0.4, 6.36, 3.2, 3.08, 0.44, 2.56, 1.0, 0.56, 0.6, 0.64, 4.12, 1.92, 4.2, 1.96, 2.0, 7.64, 5.8, 5.84, 6.0, 6.04, 6.08, 6.12, 0.56, 2.8, 3.04, 3.08, 6.32, 5.2, 3.64, 2.68, 1.24, 5.32, 2.04, 2.08, 2.64, 2.64, 5.88, 1.24, 1.28, 1.52, 3.68, 1.68, 1.56, 0.52, 1.4, 2.24, 2.28, 2.32, 4.04, 3.2, 4.2, 3.24, 4.32, 4.36, 4.8, 1.32, 0.8, 4.6, 0.84, 3.4, 1.32, 1.56, 4.36, 3.36, 3.4, 0.52, 0.64, 0.72, 0.76, 1.56, 0.8, 0.84, 0.88, 0.92, 4.6, 3.48, 2.28, 2.28, 1.6, 1.6, 1.64, 1.68, 1.6, 1.64, 1.68, 1.72, 1.76, 1.76, 1.48, 0.88, 0.92, 0.96, 1.0, 1.04, 1.44, 0.92, 5.4, 2.2, 0.84, 1.04, 1.32, 1.36, 1.4, 1.44, 1.08, 1.12, 1.16, 1.88, 1.88, 1.2, 1.56, 1.6, 2.48, 2.8, 3.92]

ILAO*:
Tiempo requerido: 0.172
Iteraciones requeridas: 29
Nodos expandidos: 696

RLAO*:
Tiempo requerido: 0.171
Iteraciones requeridas: 29
Nodos expandidos: 841

BLAO*:
Tiempo requerido: 0.14
Iteraciones requeridas: 26
Nodos expandidos: 690

VI:
Tiempo requerido: 1.241
Iteraciones requeridas: 59

Problema 10
-------------------------------------------------------
LAO*:
Tiempo requerido: 7.658
Iteraciones requeridas: 688
Nodos expandidos: 688
Porcentajes del conjunto Z: [0.04, 0.08, 0.12, 0.12, 0.16, 0.16, 0.2, 0.24, 0.28, 0.32, 0.28, 0.32, 0.2, 0.24, 0.28, 0.32, 0.36, 0.4, 0.36, 0.4, 0.4, 0.6, 0.64, 0.68, 0.72, 0.2, 0.8, 0.52, 0.84, 0.76, 0.76, 0.8, 0.84, 0.88, 0.92, 0.92, 0.8, 0.88, 0.96, 0.88, 0.92, 0.96, 0.72, 0.84, 0.68, 0.88, 1.0, 1.04, 1.12, 0.88, 0.92, 0.96, 0.96, 1.24, 0.4, 0.44, 1.92, 2.28, 1.6, 1.88, 1.72, 1.36, 1.76, 1.8, 1.84, 1.4, 1.88, 2.64, 2.32, 2.04, 2.08, 2.12, 2.16, 2.2, 2.24, 2.28, 2.32, 2.36, 2.4, 2.4, 2.2, 2.24, 2.28, 2.32, 2.48, 2.64, 2.68, 2.72, 2.76, 2.8, 2.8, 2.84, 2.88, 2.92, 2.96, 3.0, 3.04, 3.08, 3.04, 3.04, 2.84, 3.12, 3.16, 3.2, 2.8, 3.48, 3.52, 3.56, 4.0, 1.92, 1.96, 2.0, 2.0, 2.04, 2.08, 2.08, 3.64, 2.04, 3.84, 2.16, 2.2, 2.24, 2.28, 2.12, 3.96, 4.56, 4.0, 3.0, 1.96, 2.0, 3.44, 1.88, 4.88, 4.92, 1.96, 2.52, 0.52, 0.56, 1.68, 3.04, 1.92, 1.72, 1.8, 4.92, 1.36, 1.28, 1.0, 4.88, 0.2, 4.68, 1.12, 0.36, 0.52, 0.52, 0.56, 0.6, 0.64, 0.68, 0.72, 0.76, 0.8, 0.96, 1.0, 1.04, 1.08, 1.12, 1.16, 1.2, 1.24, 1.28, 1.28, 1.24, 1.28, 1.32, 2.32, 1.36, 1.4, 1.36, 1.44, 1.04, 1.4, 1.0, 0.84, 0.88, 4.8, 4.6, 1.36, 0.12, 0.16, 1.04, 1.08, 1.52, 5.08, 5.0, 4.72, 6.64, 6.44, 6.04, 5.16, 5.2, 5.24, 5.28, 5.32, 5.28, 5.32, 5.44, 5.48, 0.2, 0.24, 7.76, 0.36, 0.4, 0.44, 0.48, 0.28, 0.32, 0.36, 0.4, 0.64, 0.68, 0.72, 0.76, 0.76, 0.84, 0.88, 8.44, 0.68, 0.32, 1.12, 1.16, 1.2, 1.24, 1.28, 1.32, 4.16, 6.0, 5.88, 5.92, 5.52, 5.56, 5.6, 5.64, 5.68, 5.72, 5.76, 2.12, 0.68, 0.72, 4.4, 4.84, 4.88, 4.92, 0.76, 0.8, 0.84, 0.84, 0.88, 0.92, 0.92, 0.92, 6.76, 6.8, 5.04, 5.08, 3.28, 0.84, 0.88, 0.92, 0.96, 0.96, 1.0, 1.04, 1.04, 1.12, 2.8, 2.84, 7.32, 1.04, 10.56, 0.96, 1.0, 1.04, 1.08, 1.12, 1.2, 8.24, 1.08, 2.96, 1.04, 1.28, 1.2, 1.08, 1.12, 8.84, 1.16, 3.16, 3.2, 3.24, 3.28, 3.32, 2.52, 1.0, 1.6, 1.68, 1.72, 1.76, 1.8, 1.84, 1.88, 1.92, 1.84, 1.12, 0.4, 5.88, 0.24, 1.16, 1.4, 2.44, 1.0, 1.04, 1.08, 1.12, 1.72, 7.2, 10.16, 6.6, 5.48, 7.44, 6.24, 3.24, 2.68, 2.72, 11.24, 4.28, 3.36, 3.4, 4.88, 3.44, 3.48, 3.52, 0.16, 0.2, 0.24, 0.28, 0.32, 0.36, 0.4, 0.88, 0.4, 0.44, 9.0, 4.2, 3.12, 3.24, 3.28, 3.32, 3.36, 3.4, 3.44, 3.28, 5.44, 10.8, 3.16, 2.08, 0.08, 0.2, 0.16, 1.4, 0.36, 0.4, 0.44, 3.16, 1.44, 1.48, 0.16, 0.2, 0.48, 0.52, 3.28, 1.52, 0.28, 0.2, 0.64, 0.28, 0.28, 0.28, 0.32, 0.84, 0.36, 0.4, 0.44, 0.6, 0.24, 0.24, 0.84, 0.88, 1.24, 0.84, 0.92, 0.88, 1.08, 1.04, 1.08, 1.12, 1.16, 1.2, 1.24, 1.28, 1.32, 1.44, 1.36, 1.76, 15.52, 3.0, 1.44, 1.48, 2.56, 1.04, 0.76, 0.8, 0.84, 0.88, 1.12, 1.16, 0.88, 0.76, 0.44, 0.96, 1.0, 0.48, 0.52, 0.56, 0.6, 0.68, 0.72, 2.68, 0.96, 1.0, 0.56, 0.8, 1.04, 0.68, 0.72, 0.68, 3.16, 3.2, 3.24, 1.4, 1.96, 2.0, 2.28, 0.56, 3.0, 4.08, 0.92, 5.08, 4.28, 4.32, 4.36, 4.4, 4.44, 4.48, 4.52, 4.52, 4.6, 4.52, 7.88, 4.68, 4.56, 4.52, 3.12, 2.04, 2.08, 2.12, 1.36, 2.76, 2.2, 2.24, 4.88, 19.0, 8.32, 6.8, 4.32, 1.48, 1.68, 1.76, 1.8, 1.84, 1.88, 1.92, 18.28, 1.84, 1.8, 1.4, 1.44, 9.4, 2.68, 4.92, 8.68, 3.0, 2.2, 1.44, 1.48, 1.52, 1.56, 1.6, 1.64, 1.68, 1.72, 1.96, 2.0, 1.64, 1.8, 1.84, 4.08, 1.88, 1.96, 1.64, 1.6, 1.68, 1.96, 7.12, 4.28, 4.32, 5.88, 4.32, 2.36, 4.36, 4.4, 4.44, 4.48, 4.6, 4.64, 4.52, 4.72, 5.24, 5.32, 5.48, 5.72, 5.52, 5.56, 5.56, 5.56, 8.56, 2.8, 2.76, 16.96, 3.32, 0.52, 0.56, 0.6, 2.0, 2.04, 2.08, 1.44, 2.08, 0.64, 0.68, 0.72, 0.76, 0.8, 0.84, 0.92, 18.56, 0.8, 0.84, 4.96, 0.52, 0.32, 0.6, 0.48, 2.08, 0.6, 0.4, 6.36, 3.2, 3.08, 0.44, 2.56, 1.0, 0.56, 0.6, 0.64, 4.12, 1.92, 4.2, 1.96, 2.0, 7.64, 5.8, 5.84, 6.0, 6.04, 6.08, 6.12, 0.56, 2.8, 3.04, 3.08, 6.32, 5.2, 3.64, 2.68, 1.24, 5.32, 2.04, 2.08, 2.64, 2.64, 5.88, 1.24, 1.28, 1.52, 3.68, 1.68, 1.56, 0.52, 1.4, 2.24, 2.28, 2.32, 4.04, 3.2, 4.2, 3.24, 4.32, 4.36, 4.8, 1.32, 0.8, 4.6, 0.84, 3.4, 1.32, 1.56, 4.36, 3.36, 3.4, 0.52, 0.64, 0.72, 0.76, 1.56, 0.8, 0.84, 0.88, 0.92, 4.6, 3.48, 2.28, 2.28, 1.6, 1.6, 1.64, 1.68, 1.6, 1.64, 1.68, 1.72, 1.76, 1.76, 1.48, 0.88, 0.92, 0.96, 1.0, 1.04, 1.44, 0.92, 5.4, 2.2, 0.84, 1.04, 1.32, 1.36, 1.4, 1.44, 1.08, 1.12, 1.16, 1.88, 1.88, 1.2, 1.56, 1.6, 2.48, 2.8, 3.92]

ILAO*:
Tiempo requerido: 0.165
Iteraciones requeridas: 29
Nodos expandidos: 696

RLAO*:
Tiempo requerido: 0.178
Iteraciones requeridas: 29
Nodos expandidos: 841

BLAO*:
Tiempo requerido: 0.142
Iteraciones requeridas: 26
Nodos expandidos: 690

VI:
Tiempo requerido: 1.218
Iteraciones requeridas: 59

Media tiempo LAO: 7.622
Media iteraciones LAO: 688.0
Media expansiones LAO: 688.0

Media tiempo RLAO: 0.183
Media iteraciones RLAO: 29.0
Media expansiones RLAO: 841.0

Media tiempo ILAO: 0.17
Media iteraciones ILAO: 29.0
Media expansiones ILAO: 696.0

Media tiempo BLAO: 0.14
Media iteraciones BLAO: 26.0
Media expansiones BLAO: 690.0

Media tiempo VI: 1.225
Media iteraciones VI: 59.0

-------------------------------------------------------
