Problema 1
-------------------------------------------------------
LAO*:
Tiempo requerido: 3.811
Iteraciones requeridas: 441
Nodos expandidos: 441
Porcentajes del conjunto Z: [0.06, 0.12, 0.19, 0.12, 0.25, 0.31, 0.44, 0.5, 0.56, 0.62, 0.69, 0.56, 0.75, 0.81, 0.5, 0.12, 0.19, 0.88, 0.75, 1.25, 0.88, 0.31, 0.38, 0.44, 1.38, 1.62, 1.62, 1.75, 1.81, 1.88, 1.94, 0.19, 1.38, 0.56, 1.69, 0.5, 0.56, 0.62, 1.38, 2.5, 2.56, 2.62, 2.69, 2.0, 2.81, 0.62, 2.69, 0.88, 2.88, 1.31, 0.56, 1.88, 2.56, 3.06, 3.44, 3.5, 3.56, 3.62, 3.69, 3.69, 3.75, 2.25, 3.88, 3.94, 4.0, 4.06, 4.12, 0.75, 4.25, 4.19, 4.19, 2.38, 3.81, 3.81, 3.88, 3.94, 2.44, 4.56, 1.69, 1.75, 1.81, 1.88, 1.94, 2.0, 1.81, 4.81, 4.12, 3.19, 0.25, 0.31, 1.44, 2.06, 2.12, 3.81, 3.88, 3.94, 4.0, 4.06, 4.12, 4.19, 2.38, 1.5, 0.81, 0.88, 5.88, 5.94, 2.69, 2.75, 2.81, 2.88, 2.94, 1.75, 0.88, 0.94, 1.0, 0.94, 1.0, 1.12, 6.0, 6.19, 6.25, 1.06, 1.25, 1.31, 1.38, 1.44, 1.5, 1.56, 1.62, 1.69, 1.75, 6.12, 1.69, 1.75, 1.81, 1.88, 1.94, 7.62, 1.88, 2.0, 1.38, 2.0, 1.31, 1.88, 1.75, 7.56, 0.69, 0.5, 0.56, 0.62, 0.69, 5.25, 7.69, 5.44, 4.94, 5.0, 5.06, 5.12, 5.19, 5.25, 5.31, 5.38, 5.31, 5.38, 5.44, 5.56, 5.62, 7.81, 3.88, 0.75, 3.81, 3.88, 3.94, 4.0, 4.0, 0.75, 0.81, 0.88, 6.44, 4.19, 1.0, 5.75, 1.06, 1.31, 1.38, 1.44, 1.5, 1.56, 1.62, 1.69, 1.75, 6.44, 2.81, 2.88, 7.0, 6.69, 5.81, 5.94, 6.0, 6.06, 4.31, 2.31, 0.75, 0.25, 0.31, 3.12, 1.12, 4.69, 1.5, 1.06, 3.5, 7.38, 7.0, 9.88, 5.56, 0.12, 1.62, 6.31, 2.69, 1.0, 1.06, 1.12, 1.19, 1.25, 1.25, 1.38, 1.25, 2.44, 1.62, 0.44, 0.5, 0.56, 0.62, 0.69, 0.75, 8.94, 7.12, 5.56, 0.19, 5.0, 0.19, 0.25, 0.31, 3.31, 1.75, 0.31, 0.31, 0.38, 0.25, 0.5, 0.56, 0.62, 0.69, 0.44, 0.38, 2.38, 2.44, 2.5, 2.56, 2.62, 2.62, 2.75, 2.81, 2.88, 15.62, 3.25, 3.56, 3.62, 3.69, 3.75, 3.81, 9.06, 3.88, 3.94, 3.81, 5.88, 3.81, 3.88, 3.94, 7.44, 6.12, 6.19, 16.62, 6.25, 6.31, 6.38, 16.88, 6.44, 6.38, 3.75, 15.75, 3.94, 3.56, 3.62, 6.25, 4.25, 16.44, 13.25, 8.31, 6.81, 3.75, 12.38, 1.5, 1.56, 0.88, 1.06, 19.12, 4.88, 2.0, 2.06, 1.12, 1.19, 1.25, 17.75, 5.5, 5.44, 1.94, 1.31, 2.06, 1.38, 1.44, 1.5, 14.69, 5.5, 5.56, 5.62, 6.31, 5.38, 1.56, 1.38, 5.44, 6.75, 6.5, 2.25, 5.81, 7.12, 2.31, 2.81, 2.88, 2.5, 2.56, 2.62, 2.69, 2.75, 5.94, 4.94, 3.44, 2.56, 1.81, 1.88, 1.94, 2.0, 2.06, 2.75, 1.94, 2.0, 3.94, 3.0, 2.0, 3.12, 3.19, 3.25, 3.31, 3.38, 3.44, 3.5, 3.38, 3.38, 3.69, 2.06, 3.88, 1.0, 1.0, 1.06, 16.25, 2.25, 2.31, 2.38, 1.12, 4.69, 1.19, 8.25, 7.25, 1.25, 1.62, 1.62, 1.69, 1.5, 5.75, 2.56, 2.44, 2.5, 1.81, 1.88, 1.94, 2.0, 2.12, 1.31, 1.75, 1.38, 1.44, 14.75, 3.94, 4.0, 4.06, 4.12, 2.12, 2.19, 2.25, 2.38, 2.31, 6.44, 2.38, 2.44, 2.5, 3.06, 2.19, 2.25, 2.31, 1.25, 8.0, 3.44, 2.5, 2.69, 1.31, 1.38, 1.44, 1.5, 1.56, 1.62, 1.69, 1.75, 1.81, 1.75, 1.69, 2.69, 10.81, 5.62, 9.62, 10.25, 1.62]

ILAO*:
Tiempo requerido: 0.14
Iteraciones requeridas: 24
Nodos expandidos: 446

RLAO*:
Tiempo requerido: 0.099
Iteraciones requeridas: 23
Nodos expandidos: 529

BLAO*:
Tiempo requerido: 0.102
Iteraciones requeridas: 22
Nodos expandidos: 459

VI:
Tiempo requerido: 0.708
Iteraciones requeridas: 48

Problema 2
-------------------------------------------------------
LAO*:
Tiempo requerido: 3.648
Iteraciones requeridas: 441
Nodos expandidos: 441
Porcentajes del conjunto Z: [0.06, 0.12, 0.19, 0.12, 0.25, 0.31, 0.44, 0.5, 0.56, 0.62, 0.69, 0.56, 0.75, 0.81, 0.5, 0.12, 0.19, 0.88, 0.75, 1.25, 0.88, 0.31, 0.38, 0.44, 1.38, 1.62, 1.62, 1.75, 1.81, 1.88, 1.94, 0.19, 1.38, 0.56, 1.69, 0.5, 0.56, 0.62, 1.38, 2.5, 2.56, 2.62, 2.69, 2.0, 2.81, 0.62, 2.69, 0.88, 2.88, 1.31, 0.56, 1.88, 2.56, 3.06, 3.44, 3.5, 3.56, 3.62, 3.69, 3.69, 3.75, 2.25, 3.88, 3.94, 4.0, 4.06, 4.12, 0.75, 4.25, 4.19, 4.19, 2.38, 3.81, 3.81, 3.88, 3.94, 2.44, 4.56, 1.69, 1.75, 1.81, 1.88, 1.94, 2.0, 1.81, 4.81, 4.12, 3.19, 0.25, 0.31, 1.44, 2.06, 2.12, 3.81, 3.88, 3.94, 4.0, 4.06, 4.12, 4.19, 2.38, 1.5, 0.81, 0.88, 5.88, 5.94, 2.69, 2.75, 2.81, 2.88, 2.94, 1.75, 0.88, 0.94, 1.0, 0.94, 1.0, 1.12, 6.0, 6.19, 6.25, 1.06, 1.25, 1.31, 1.38, 1.44, 1.5, 1.56, 1.62, 1.69, 1.75, 6.12, 1.69, 1.75, 1.81, 1.88, 1.94, 7.62, 1.88, 2.0, 1.38, 2.0, 1.31, 1.88, 1.75, 7.56, 0.69, 0.5, 0.56, 0.62, 0.69, 5.25, 7.69, 5.44, 4.94, 5.0, 5.06, 5.12, 5.19, 5.25, 5.31, 5.38, 5.31, 5.38, 5.44, 5.56, 5.62, 7.81, 3.88, 0.75, 3.81, 3.88, 3.94, 4.0, 4.0, 0.75, 0.81, 0.88, 6.44, 4.19, 1.0, 5.75, 1.06, 1.31, 1.38, 1.44, 1.5, 1.56, 1.62, 1.69, 1.75, 6.44, 2.81, 2.88, 7.0, 6.69, 5.81, 5.94, 6.0, 6.06, 4.31, 2.31, 0.75, 0.25, 0.31, 3.12, 1.12, 4.69, 1.5, 1.06, 3.5, 7.38, 7.0, 9.88, 5.56, 0.12, 1.62, 6.31, 2.69, 1.0, 1.06, 1.12, 1.19, 1.25, 1.25, 1.38, 1.25, 2.44, 1.62, 0.44, 0.5, 0.56, 0.62, 0.69, 0.75, 8.94, 7.12, 5.56, 0.19, 5.0, 0.19, 0.25, 0.31, 3.31, 1.75, 0.31, 0.31, 0.38, 0.25, 0.5, 0.56, 0.62, 0.69, 0.44, 0.38, 2.38, 2.44, 2.5, 2.56, 2.62, 2.62, 2.75, 2.81, 2.88, 15.62, 3.25, 3.56, 3.62, 3.69, 3.75, 3.81, 9.06, 3.88, 3.94, 3.81, 5.88, 3.81, 3.88, 3.94, 7.44, 6.12, 6.19, 16.62, 6.25, 6.31, 6.38, 16.88, 6.44, 6.38, 3.75, 15.75, 3.94, 3.56, 3.62, 6.25, 4.25, 16.44, 13.25, 8.31, 6.81, 3.75, 12.38, 1.5, 1.56, 0.88, 1.06, 19.12, 4.88, 2.0, 2.06, 1.12, 1.19, 1.25, 17.75, 5.5, 5.44, 1.94, 1.31, 2.06, 1.38, 1.44, 1.5, 14.69, 5.5, 5.56, 5.62, 6.31, 5.38, 1.56, 1.38, 5.44, 6.75, 6.5, 2.25, 5.81, 7.12, 2.31, 2.81, 2.88, 2.5, 2.56, 2.62, 2.69, 2.75, 5.94, 4.94, 3.44, 2.56, 1.81, 1.88, 1.94, 2.0, 2.06, 2.75, 1.94, 2.0, 3.94, 3.0, 2.0, 3.12, 3.19, 3.25, 3.31, 3.38, 3.44, 3.5, 3.38, 3.38, 3.69, 2.06, 3.88, 1.0, 1.0, 1.06, 16.25, 2.25, 2.31, 2.38, 1.12, 4.69, 1.19, 8.25, 7.25, 1.25, 1.62, 1.62, 1.69, 1.5, 5.75, 2.56, 2.44, 2.5, 1.81, 1.88, 1.94, 2.0, 2.12, 1.31, 1.75, 1.38, 1.44, 14.75, 3.94, 4.0, 4.06, 4.12, 2.12, 2.19, 2.25, 2.38, 2.31, 6.44, 2.38, 2.44, 2.5, 3.06, 2.19, 2.25, 2.31, 1.25, 8.0, 3.44, 2.5, 2.69, 1.31, 1.38, 1.44, 1.5, 1.56, 1.62, 1.69, 1.75, 1.81, 1.75, 1.69, 2.69, 10.81, 5.62, 9.62, 10.25, 1.62]

ILAO*:
Tiempo requerido: 0.097
Iteraciones requeridas: 24
Nodos expandidos: 446

RLAO*:
Tiempo requerido: 0.09
Iteraciones requeridas: 23
Nodos expandidos: 529

BLAO*:
Tiempo requerido: 0.084
Iteraciones requeridas: 22
Nodos expandidos: 459

VI:
Tiempo requerido: 0.616
Iteraciones requeridas: 48

Problema 3
-------------------------------------------------------
LAO*:
Tiempo requerido: 3.642
Iteraciones requeridas: 441
Nodos expandidos: 441
Porcentajes del conjunto Z: [0.06, 0.12, 0.19, 0.12, 0.25, 0.31, 0.44, 0.5, 0.56, 0.62, 0.69, 0.56, 0.75, 0.81, 0.5, 0.12, 0.19, 0.88, 0.75, 1.25, 0.88, 0.31, 0.38, 0.44, 1.38, 1.62, 1.62, 1.75, 1.81, 1.88, 1.94, 0.19, 1.38, 0.56, 1.69, 0.5, 0.56, 0.62, 1.38, 2.5, 2.56, 2.62, 2.69, 2.0, 2.81, 0.62, 2.69, 0.88, 2.88, 1.31, 0.56, 1.88, 2.56, 3.06, 3.44, 3.5, 3.56, 3.62, 3.69, 3.69, 3.75, 2.25, 3.88, 3.94, 4.0, 4.06, 4.12, 0.75, 4.25, 4.19, 4.19, 2.38, 3.81, 3.81, 3.88, 3.94, 2.44, 4.56, 1.69, 1.75, 1.81, 1.88, 1.94, 2.0, 1.81, 4.81, 4.12, 3.19, 0.25, 0.31, 1.44, 2.06, 2.12, 3.81, 3.88, 3.94, 4.0, 4.06, 4.12, 4.19, 2.38, 1.5, 0.81, 0.88, 5.88, 5.94, 2.69, 2.75, 2.81, 2.88, 2.94, 1.75, 0.88, 0.94, 1.0, 0.94, 1.0, 1.12, 6.0, 6.19, 6.25, 1.06, 1.25, 1.31, 1.38, 1.44, 1.5, 1.56, 1.62, 1.69, 1.75, 6.12, 1.69, 1.75, 1.81, 1.88, 1.94, 7.62, 1.88, 2.0, 1.38, 2.0, 1.31, 1.88, 1.75, 7.56, 0.69, 0.5, 0.56, 0.62, 0.69, 5.25, 7.69, 5.44, 4.94, 5.0, 5.06, 5.12, 5.19, 5.25, 5.31, 5.38, 5.31, 5.38, 5.44, 5.56, 5.62, 7.81, 3.88, 0.75, 3.81, 3.88, 3.94, 4.0, 4.0, 0.75, 0.81, 0.88, 6.44, 4.19, 1.0, 5.75, 1.06, 1.31, 1.38, 1.44, 1.5, 1.56, 1.62, 1.69, 1.75, 6.44, 2.81, 2.88, 7.0, 6.69, 5.81, 5.94, 6.0, 6.06, 4.31, 2.31, 0.75, 0.25, 0.31, 3.12, 1.12, 4.69, 1.5, 1.06, 3.5, 7.38, 7.0, 9.88, 5.56, 0.12, 1.62, 6.31, 2.69, 1.0, 1.06, 1.12, 1.19, 1.25, 1.25, 1.38, 1.25, 2.44, 1.62, 0.44, 0.5, 0.56, 0.62, 0.69, 0.75, 8.94, 7.12, 5.56, 0.19, 5.0, 0.19, 0.25, 0.31, 3.31, 1.75, 0.31, 0.31, 0.38, 0.25, 0.5, 0.56, 0.62, 0.69, 0.44, 0.38, 2.38, 2.44, 2.5, 2.56, 2.62, 2.62, 2.75, 2.81, 2.88, 15.62, 3.25, 3.56, 3.62, 3.69, 3.75, 3.81, 9.06, 3.88, 3.94, 3.81, 5.88, 3.81, 3.88, 3.94, 7.44, 6.12, 6.19, 16.62, 6.25, 6.31, 6.38, 16.88, 6.44, 6.38, 3.75, 15.75, 3.94, 3.56, 3.62, 6.25, 4.25, 16.44, 13.25, 8.31, 6.81, 3.75, 12.38, 1.5, 1.56, 0.88, 1.06, 19.12, 4.88, 2.0, 2.06, 1.12, 1.19, 1.25, 17.75, 5.5, 5.44, 1.94, 1.31, 2.06, 1.38, 1.44, 1.5, 14.69, 5.5, 5.56, 5.62, 6.31, 5.38, 1.56, 1.38, 5.44, 6.75, 6.5, 2.25, 5.81, 7.12, 2.31, 2.81, 2.88, 2.5, 2.56, 2.62, 2.69, 2.75, 5.94, 4.94, 3.44, 2.56, 1.81, 1.88, 1.94, 2.0, 2.06, 2.75, 1.94, 2.0, 3.94, 3.0, 2.0, 3.12, 3.19, 3.25, 3.31, 3.38, 3.44, 3.5, 3.38, 3.38, 3.69, 2.06, 3.88, 1.0, 1.0, 1.06, 16.25, 2.25, 2.31, 2.38, 1.12, 4.69, 1.19, 8.25, 7.25, 1.25, 1.62, 1.62, 1.69, 1.5, 5.75, 2.56, 2.44, 2.5, 1.81, 1.88, 1.94, 2.0, 2.12, 1.31, 1.75, 1.38, 1.44, 14.75, 3.94, 4.0, 4.06, 4.12, 2.12, 2.19, 2.25, 2.38, 2.31, 6.44, 2.38, 2.44, 2.5, 3.06, 2.19, 2.25, 2.31, 1.25, 8.0, 3.44, 2.5, 2.69, 1.31, 1.38, 1.44, 1.5, 1.56, 1.62, 1.69, 1.75, 1.81, 1.75, 1.69, 2.69, 10.81, 5.62, 9.62, 10.25, 1.62]

ILAO*:
Tiempo requerido: 0.095
Iteraciones requeridas: 24
Nodos expandidos: 446

RLAO*:
Tiempo requerido: 0.096
Iteraciones requeridas: 23
Nodos expandidos: 529

BLAO*:
Tiempo requerido: 0.084
Iteraciones requeridas: 22
Nodos expandidos: 459

VI:
Tiempo requerido: 0.609
Iteraciones requeridas: 48

Problema 4
-------------------------------------------------------
LAO*:
Tiempo requerido: 3.635
Iteraciones requeridas: 441
Nodos expandidos: 441
Porcentajes del conjunto Z: [0.06, 0.12, 0.19, 0.12, 0.25, 0.31, 0.44, 0.5, 0.56, 0.62, 0.69, 0.56, 0.75, 0.81, 0.5, 0.12, 0.19, 0.88, 0.75, 1.25, 0.88, 0.31, 0.38, 0.44, 1.38, 1.62, 1.62, 1.75, 1.81, 1.88, 1.94, 0.19, 1.38, 0.56, 1.69, 0.5, 0.56, 0.62, 1.38, 2.5, 2.56, 2.62, 2.69, 2.0, 2.81, 0.62, 2.69, 0.88, 2.88, 1.31, 0.56, 1.88, 2.56, 3.06, 3.44, 3.5, 3.56, 3.62, 3.69, 3.69, 3.75, 2.25, 3.88, 3.94, 4.0, 4.06, 4.12, 0.75, 4.25, 4.19, 4.19, 2.38, 3.81, 3.81, 3.88, 3.94, 2.44, 4.56, 1.69, 1.75, 1.81, 1.88, 1.94, 2.0, 1.81, 4.81, 4.12, 3.19, 0.25, 0.31, 1.44, 2.06, 2.12, 3.81, 3.88, 3.94, 4.0, 4.06, 4.12, 4.19, 2.38, 1.5, 0.81, 0.88, 5.88, 5.94, 2.69, 2.75, 2.81, 2.88, 2.94, 1.75, 0.88, 0.94, 1.0, 0.94, 1.0, 1.12, 6.0, 6.19, 6.25, 1.06, 1.25, 1.31, 1.38, 1.44, 1.5, 1.56, 1.62, 1.69, 1.75, 6.12, 1.69, 1.75, 1.81, 1.88, 1.94, 7.62, 1.88, 2.0, 1.38, 2.0, 1.31, 1.88, 1.75, 7.56, 0.69, 0.5, 0.56, 0.62, 0.69, 5.25, 7.69, 5.44, 4.94, 5.0, 5.06, 5.12, 5.19, 5.25, 5.31, 5.38, 5.31, 5.38, 5.44, 5.56, 5.62, 7.81, 3.88, 0.75, 3.81, 3.88, 3.94, 4.0, 4.0, 0.75, 0.81, 0.88, 6.44, 4.19, 1.0, 5.75, 1.06, 1.31, 1.38, 1.44, 1.5, 1.56, 1.62, 1.69, 1.75, 6.44, 2.81, 2.88, 7.0, 6.69, 5.81, 5.94, 6.0, 6.06, 4.31, 2.31, 0.75, 0.25, 0.31, 3.12, 1.12, 4.69, 1.5, 1.06, 3.5, 7.38, 7.0, 9.88, 5.56, 0.12, 1.62, 6.31, 2.69, 1.0, 1.06, 1.12, 1.19, 1.25, 1.25, 1.38, 1.25, 2.44, 1.62, 0.44, 0.5, 0.56, 0.62, 0.69, 0.75, 8.94, 7.12, 5.56, 0.19, 5.0, 0.19, 0.25, 0.31, 3.31, 1.75, 0.31, 0.31, 0.38, 0.25, 0.5, 0.56, 0.62, 0.69, 0.44, 0.38, 2.38, 2.44, 2.5, 2.56, 2.62, 2.62, 2.75, 2.81, 2.88, 15.62, 3.25, 3.56, 3.62, 3.69, 3.75, 3.81, 9.06, 3.88, 3.94, 3.81, 5.88, 3.81, 3.88, 3.94, 7.44, 6.12, 6.19, 16.62, 6.25, 6.31, 6.38, 16.88, 6.44, 6.38, 3.75, 15.75, 3.94, 3.56, 3.62, 6.25, 4.25, 16.44, 13.25, 8.31, 6.81, 3.75, 12.38, 1.5, 1.56, 0.88, 1.06, 19.12, 4.88, 2.0, 2.06, 1.12, 1.19, 1.25, 17.75, 5.5, 5.44, 1.94, 1.31, 2.06, 1.38, 1.44, 1.5, 14.69, 5.5, 5.56, 5.62, 6.31, 5.38, 1.56, 1.38, 5.44, 6.75, 6.5, 2.25, 5.81, 7.12, 2.31, 2.81, 2.88, 2.5, 2.56, 2.62, 2.69, 2.75, 5.94, 4.94, 3.44, 2.56, 1.81, 1.88, 1.94, 2.0, 2.06, 2.75, 1.94, 2.0, 3.94, 3.0, 2.0, 3.12, 3.19, 3.25, 3.31, 3.38, 3.44, 3.5, 3.38, 3.38, 3.69, 2.06, 3.88, 1.0, 1.0, 1.06, 16.25, 2.25, 2.31, 2.38, 1.12, 4.69, 1.19, 8.25, 7.25, 1.25, 1.62, 1.62, 1.69, 1.5, 5.75, 2.56, 2.44, 2.5, 1.81, 1.88, 1.94, 2.0, 2.12, 1.31, 1.75, 1.38, 1.44, 14.75, 3.94, 4.0, 4.06, 4.12, 2.12, 2.19, 2.25, 2.38, 2.31, 6.44, 2.38, 2.44, 2.5, 3.06, 2.19, 2.25, 2.31, 1.25, 8.0, 3.44, 2.5, 2.69, 1.31, 1.38, 1.44, 1.5, 1.56, 1.62, 1.69, 1.75, 1.81, 1.75, 1.69, 2.69, 10.81, 5.62, 9.62, 10.25, 1.62]

ILAO*:
Tiempo requerido: 0.098
Iteraciones requeridas: 24
Nodos expandidos: 446

RLAO*:
Tiempo requerido: 0.092
Iteraciones requeridas: 23
Nodos expandidos: 529

BLAO*:
Tiempo requerido: 0.086
Iteraciones requeridas: 22
Nodos expandidos: 459

VI:
Tiempo requerido: 0.612
Iteraciones requeridas: 48

Problema 5
-------------------------------------------------------
LAO*:
Tiempo requerido: 3.611
Iteraciones requeridas: 441
Nodos expandidos: 441
Porcentajes del conjunto Z: [0.06, 0.12, 0.19, 0.12, 0.25, 0.31, 0.44, 0.5, 0.56, 0.62, 0.69, 0.56, 0.75, 0.81, 0.5, 0.12, 0.19, 0.88, 0.75, 1.25, 0.88, 0.31, 0.38, 0.44, 1.38, 1.62, 1.62, 1.75, 1.81, 1.88, 1.94, 0.19, 1.38, 0.56, 1.69, 0.5, 0.56, 0.62, 1.38, 2.5, 2.56, 2.62, 2.69, 2.0, 2.81, 0.62, 2.69, 0.88, 2.88, 1.31, 0.56, 1.88, 2.56, 3.06, 3.44, 3.5, 3.56, 3.62, 3.69, 3.69, 3.75, 2.25, 3.88, 3.94, 4.0, 4.06, 4.12, 0.75, 4.25, 4.19, 4.19, 2.38, 3.81, 3.81, 3.88, 3.94, 2.44, 4.56, 1.69, 1.75, 1.81, 1.88, 1.94, 2.0, 1.81, 4.81, 4.12, 3.19, 0.25, 0.31, 1.44, 2.06, 2.12, 3.81, 3.88, 3.94, 4.0, 4.06, 4.12, 4.19, 2.38, 1.5, 0.81, 0.88, 5.88, 5.94, 2.69, 2.75, 2.81, 2.88, 2.94, 1.75, 0.88, 0.94, 1.0, 0.94, 1.0, 1.12, 6.0, 6.19, 6.25, 1.06, 1.25, 1.31, 1.38, 1.44, 1.5, 1.56, 1.62, 1.69, 1.75, 6.12, 1.69, 1.75, 1.81, 1.88, 1.94, 7.62, 1.88, 2.0, 1.38, 2.0, 1.31, 1.88, 1.75, 7.56, 0.69, 0.5, 0.56, 0.62, 0.69, 5.25, 7.69, 5.44, 4.94, 5.0, 5.06, 5.12, 5.19, 5.25, 5.31, 5.38, 5.31, 5.38, 5.44, 5.56, 5.62, 7.81, 3.88, 0.75, 3.81, 3.88, 3.94, 4.0, 4.0, 0.75, 0.81, 0.88, 6.44, 4.19, 1.0, 5.75, 1.06, 1.31, 1.38, 1.44, 1.5, 1.56, 1.62, 1.69, 1.75, 6.44, 2.81, 2.88, 7.0, 6.69, 5.81, 5.94, 6.0, 6.06, 4.31, 2.31, 0.75, 0.25, 0.31, 3.12, 1.12, 4.69, 1.5, 1.06, 3.5, 7.38, 7.0, 9.88, 5.56, 0.12, 1.62, 6.31, 2.69, 1.0, 1.06, 1.12, 1.19, 1.25, 1.25, 1.38, 1.25, 2.44, 1.62, 0.44, 0.5, 0.56, 0.62, 0.69, 0.75, 8.94, 7.12, 5.56, 0.19, 5.0, 0.19, 0.25, 0.31, 3.31, 1.75, 0.31, 0.31, 0.38, 0.25, 0.5, 0.56, 0.62, 0.69, 0.44, 0.38, 2.38, 2.44, 2.5, 2.56, 2.62, 2.62, 2.75, 2.81, 2.88, 15.62, 3.25, 3.56, 3.62, 3.69, 3.75, 3.81, 9.06, 3.88, 3.94, 3.81, 5.88, 3.81, 3.88, 3.94, 7.44, 6.12, 6.19, 16.62, 6.25, 6.31, 6.38, 16.88, 6.44, 6.38, 3.75, 15.75, 3.94, 3.56, 3.62, 6.25, 4.25, 16.44, 13.25, 8.31, 6.81, 3.75, 12.38, 1.5, 1.56, 0.88, 1.06, 19.12, 4.88, 2.0, 2.06, 1.12, 1.19, 1.25, 17.75, 5.5, 5.44, 1.94, 1.31, 2.06, 1.38, 1.44, 1.5, 14.69, 5.5, 5.56, 5.62, 6.31, 5.38, 1.56, 1.38, 5.44, 6.75, 6.5, 2.25, 5.81, 7.12, 2.31, 2.81, 2.88, 2.5, 2.56, 2.62, 2.69, 2.75, 5.94, 4.94, 3.44, 2.56, 1.81, 1.88, 1.94, 2.0, 2.06, 2.75, 1.94, 2.0, 3.94, 3.0, 2.0, 3.12, 3.19, 3.25, 3.31, 3.38, 3.44, 3.5, 3.38, 3.38, 3.69, 2.06, 3.88, 1.0, 1.0, 1.06, 16.25, 2.25, 2.31, 2.38, 1.12, 4.69, 1.19, 8.25, 7.25, 1.25, 1.62, 1.62, 1.69, 1.5, 5.75, 2.56, 2.44, 2.5, 1.81, 1.88, 1.94, 2.0, 2.12, 1.31, 1.75, 1.38, 1.44, 14.75, 3.94, 4.0, 4.06, 4.12, 2.12, 2.19, 2.25, 2.38, 2.31, 6.44, 2.38, 2.44, 2.5, 3.06, 2.19, 2.25, 2.31, 1.25, 8.0, 3.44, 2.5, 2.69, 1.31, 1.38, 1.44, 1.5, 1.56, 1.62, 1.69, 1.75, 1.81, 1.75, 1.69, 2.69, 10.81, 5.62, 9.62, 10.25, 1.62]

ILAO*:
Tiempo requerido: 0.094
Iteraciones requeridas: 24
Nodos expandidos: 446

RLAO*:
Tiempo requerido: 0.095
Iteraciones requeridas: 23
Nodos expandidos: 529

BLAO*:
Tiempo requerido: 0.083
Iteraciones requeridas: 22
Nodos expandidos: 459

VI:
Tiempo requerido: 0.596
Iteraciones requeridas: 48

Problema 6
-------------------------------------------------------
LAO*:
Tiempo requerido: 3.67
Iteraciones requeridas: 441
Nodos expandidos: 441
Porcentajes del conjunto Z: [0.06, 0.12, 0.19, 0.12, 0.25, 0.31, 0.44, 0.5, 0.56, 0.62, 0.69, 0.56, 0.75, 0.81, 0.5, 0.12, 0.19, 0.88, 0.75, 1.25, 0.88, 0.31, 0.38, 0.44, 1.38, 1.62, 1.62, 1.75, 1.81, 1.88, 1.94, 0.19, 1.38, 0.56, 1.69, 0.5, 0.56, 0.62, 1.38, 2.5, 2.56, 2.62, 2.69, 2.0, 2.81, 0.62, 2.69, 0.88, 2.88, 1.31, 0.56, 1.88, 2.56, 3.06, 3.44, 3.5, 3.56, 3.62, 3.69, 3.69, 3.75, 2.25, 3.88, 3.94, 4.0, 4.06, 4.12, 0.75, 4.25, 4.19, 4.19, 2.38, 3.81, 3.81, 3.88, 3.94, 2.44, 4.56, 1.69, 1.75, 1.81, 1.88, 1.94, 2.0, 1.81, 4.81, 4.12, 3.19, 0.25, 0.31, 1.44, 2.06, 2.12, 3.81, 3.88, 3.94, 4.0, 4.06, 4.12, 4.19, 2.38, 1.5, 0.81, 0.88, 5.88, 5.94, 2.69, 2.75, 2.81, 2.88, 2.94, 1.75, 0.88, 0.94, 1.0, 0.94, 1.0, 1.12, 6.0, 6.19, 6.25, 1.06, 1.25, 1.31, 1.38, 1.44, 1.5, 1.56, 1.62, 1.69, 1.75, 6.12, 1.69, 1.75, 1.81, 1.88, 1.94, 7.62, 1.88, 2.0, 1.38, 2.0, 1.31, 1.88, 1.75, 7.56, 0.69, 0.5, 0.56, 0.62, 0.69, 5.25, 7.69, 5.44, 4.94, 5.0, 5.06, 5.12, 5.19, 5.25, 5.31, 5.38, 5.31, 5.38, 5.44, 5.56, 5.62, 7.81, 3.88, 0.75, 3.81, 3.88, 3.94, 4.0, 4.0, 0.75, 0.81, 0.88, 6.44, 4.19, 1.0, 5.75, 1.06, 1.31, 1.38, 1.44, 1.5, 1.56, 1.62, 1.69, 1.75, 6.44, 2.81, 2.88, 7.0, 6.69, 5.81, 5.94, 6.0, 6.06, 4.31, 2.31, 0.75, 0.25, 0.31, 3.12, 1.12, 4.69, 1.5, 1.06, 3.5, 7.38, 7.0, 9.88, 5.56, 0.12, 1.62, 6.31, 2.69, 1.0, 1.06, 1.12, 1.19, 1.25, 1.25, 1.38, 1.25, 2.44, 1.62, 0.44, 0.5, 0.56, 0.62, 0.69, 0.75, 8.94, 7.12, 5.56, 0.19, 5.0, 0.19, 0.25, 0.31, 3.31, 1.75, 0.31, 0.31, 0.38, 0.25, 0.5, 0.56, 0.62, 0.69, 0.44, 0.38, 2.38, 2.44, 2.5, 2.56, 2.62, 2.62, 2.75, 2.81, 2.88, 15.62, 3.25, 3.56, 3.62, 3.69, 3.75, 3.81, 9.06, 3.88, 3.94, 3.81, 5.88, 3.81, 3.88, 3.94, 7.44, 6.12, 6.19, 16.62, 6.25, 6.31, 6.38, 16.88, 6.44, 6.38, 3.75, 15.75, 3.94, 3.56, 3.62, 6.25, 4.25, 16.44, 13.25, 8.31, 6.81, 3.75, 12.38, 1.5, 1.56, 0.88, 1.06, 19.12, 4.88, 2.0, 2.06, 1.12, 1.19, 1.25, 17.75, 5.5, 5.44, 1.94, 1.31, 2.06, 1.38, 1.44, 1.5, 14.69, 5.5, 5.56, 5.62, 6.31, 5.38, 1.56, 1.38, 5.44, 6.75, 6.5, 2.25, 5.81, 7.12, 2.31, 2.81, 2.88, 2.5, 2.56, 2.62, 2.69, 2.75, 5.94, 4.94, 3.44, 2.56, 1.81, 1.88, 1.94, 2.0, 2.06, 2.75, 1.94, 2.0, 3.94, 3.0, 2.0, 3.12, 3.19, 3.25, 3.31, 3.38, 3.44, 3.5, 3.38, 3.38, 3.69, 2.06, 3.88, 1.0, 1.0, 1.06, 16.25, 2.25, 2.31, 2.38, 1.12, 4.69, 1.19, 8.25, 7.25, 1.25, 1.62, 1.62, 1.69, 1.5, 5.75, 2.56, 2.44, 2.5, 1.81, 1.88, 1.94, 2.0, 2.12, 1.31, 1.75, 1.38, 1.44, 14.75, 3.94, 4.0, 4.06, 4.12, 2.12, 2.19, 2.25, 2.38, 2.31, 6.44, 2.38, 2.44, 2.5, 3.06, 2.19, 2.25, 2.31, 1.25, 8.0, 3.44, 2.5, 2.69, 1.31, 1.38, 1.44, 1.5, 1.56, 1.62, 1.69, 1.75, 1.81, 1.75, 1.69, 2.69, 10.81, 5.62, 9.62, 10.25, 1.62]

ILAO*:
Tiempo requerido: 0.11
Iteraciones requeridas: 24
Nodos expandidos: 446

RLAO*:
Tiempo requerido: 0.09
Iteraciones requeridas: 23
Nodos expandidos: 529

BLAO*:
Tiempo requerido: 0.099
Iteraciones requeridas: 22
Nodos expandidos: 459

VI:
Tiempo requerido: 0.638
Iteraciones requeridas: 48

Problema 7
-------------------------------------------------------
LAO*:
Tiempo requerido: 3.632
Iteraciones requeridas: 441
Nodos expandidos: 441
Porcentajes del conjunto Z: [0.06, 0.12, 0.19, 0.12, 0.25, 0.31, 0.44, 0.5, 0.56, 0.62, 0.69, 0.56, 0.75, 0.81, 0.5, 0.12, 0.19, 0.88, 0.75, 1.25, 0.88, 0.31, 0.38, 0.44, 1.38, 1.62, 1.62, 1.75, 1.81, 1.88, 1.94, 0.19, 1.38, 0.56, 1.69, 0.5, 0.56, 0.62, 1.38, 2.5, 2.56, 2.62, 2.69, 2.0, 2.81, 0.62, 2.69, 0.88, 2.88, 1.31, 0.56, 1.88, 2.56, 3.06, 3.44, 3.5, 3.56, 3.62, 3.69, 3.69, 3.75, 2.25, 3.88, 3.94, 4.0, 4.06, 4.12, 0.75, 4.25, 4.19, 4.19, 2.38, 3.81, 3.81, 3.88, 3.94, 2.44, 4.56, 1.69, 1.75, 1.81, 1.88, 1.94, 2.0, 1.81, 4.81, 4.12, 3.19, 0.25, 0.31, 1.44, 2.06, 2.12, 3.81, 3.88, 3.94, 4.0, 4.06, 4.12, 4.19, 2.38, 1.5, 0.81, 0.88, 5.88, 5.94, 2.69, 2.75, 2.81, 2.88, 2.94, 1.75, 0.88, 0.94, 1.0, 0.94, 1.0, 1.12, 6.0, 6.19, 6.25, 1.06, 1.25, 1.31, 1.38, 1.44, 1.5, 1.56, 1.62, 1.69, 1.75, 6.12, 1.69, 1.75, 1.81, 1.88, 1.94, 7.62, 1.88, 2.0, 1.38, 2.0, 1.31, 1.88, 1.75, 7.56, 0.69, 0.5, 0.56, 0.62, 0.69, 5.25, 7.69, 5.44, 4.94, 5.0, 5.06, 5.12, 5.19, 5.25, 5.31, 5.38, 5.31, 5.38, 5.44, 5.56, 5.62, 7.81, 3.88, 0.75, 3.81, 3.88, 3.94, 4.0, 4.0, 0.75, 0.81, 0.88, 6.44, 4.19, 1.0, 5.75, 1.06, 1.31, 1.38, 1.44, 1.5, 1.56, 1.62, 1.69, 1.75, 6.44, 2.81, 2.88, 7.0, 6.69, 5.81, 5.94, 6.0, 6.06, 4.31, 2.31, 0.75, 0.25, 0.31, 3.12, 1.12, 4.69, 1.5, 1.06, 3.5, 7.38, 7.0, 9.88, 5.56, 0.12, 1.62, 6.31, 2.69, 1.0, 1.06, 1.12, 1.19, 1.25, 1.25, 1.38, 1.25, 2.44, 1.62, 0.44, 0.5, 0.56, 0.62, 0.69, 0.75, 8.94, 7.12, 5.56, 0.19, 5.0, 0.19, 0.25, 0.31, 3.31, 1.75, 0.31, 0.31, 0.38, 0.25, 0.5, 0.56, 0.62, 0.69, 0.44, 0.38, 2.38, 2.44, 2.5, 2.56, 2.62, 2.62, 2.75, 2.81, 2.88, 15.62, 3.25, 3.56, 3.62, 3.69, 3.75, 3.81, 9.06, 3.88, 3.94, 3.81, 5.88, 3.81, 3.88, 3.94, 7.44, 6.12, 6.19, 16.62, 6.25, 6.31, 6.38, 16.88, 6.44, 6.38, 3.75, 15.75, 3.94, 3.56, 3.62, 6.25, 4.25, 16.44, 13.25, 8.31, 6.81, 3.75, 12.38, 1.5, 1.56, 0.88, 1.06, 19.12, 4.88, 2.0, 2.06, 1.12, 1.19, 1.25, 17.75, 5.5, 5.44, 1.94, 1.31, 2.06, 1.38, 1.44, 1.5, 14.69, 5.5, 5.56, 5.62, 6.31, 5.38, 1.56, 1.38, 5.44, 6.75, 6.5, 2.25, 5.81, 7.12, 2.31, 2.81, 2.88, 2.5, 2.56, 2.62, 2.69, 2.75, 5.94, 4.94, 3.44, 2.56, 1.81, 1.88, 1.94, 2.0, 2.06, 2.75, 1.94, 2.0, 3.94, 3.0, 2.0, 3.12, 3.19, 3.25, 3.31, 3.38, 3.44, 3.5, 3.38, 3.38, 3.69, 2.06, 3.88, 1.0, 1.0, 1.06, 16.25, 2.25, 2.31, 2.38, 1.12, 4.69, 1.19, 8.25, 7.25, 1.25, 1.62, 1.62, 1.69, 1.5, 5.75, 2.56, 2.44, 2.5, 1.81, 1.88, 1.94, 2.0, 2.12, 1.31, 1.75, 1.38, 1.44, 14.75, 3.94, 4.0, 4.06, 4.12, 2.12, 2.19, 2.25, 2.38, 2.31, 6.44, 2.38, 2.44, 2.5, 3.06, 2.19, 2.25, 2.31, 1.25, 8.0, 3.44, 2.5, 2.69, 1.31, 1.38, 1.44, 1.5, 1.56, 1.62, 1.69, 1.75, 1.81, 1.75, 1.69, 2.69, 10.81, 5.62, 9.62, 10.25, 1.62]

ILAO*:
Tiempo requerido: 0.099
Iteraciones requeridas: 24
Nodos expandidos: 446

RLAO*:
Tiempo requerido: 0.112
Iteraciones requeridas: 23
Nodos expandidos: 529

BLAO*:
Tiempo requerido: 0.086
Iteraciones requeridas: 22
Nodos expandidos: 459

VI:
Tiempo requerido: 0.606
Iteraciones requeridas: 48

Problema 8
-------------------------------------------------------
LAO*:
Tiempo requerido: 3.618
Iteraciones requeridas: 441
Nodos expandidos: 441
Porcentajes del conjunto Z: [0.06, 0.12, 0.19, 0.12, 0.25, 0.31, 0.44, 0.5, 0.56, 0.62, 0.69, 0.56, 0.75, 0.81, 0.5, 0.12, 0.19, 0.88, 0.75, 1.25, 0.88, 0.31, 0.38, 0.44, 1.38, 1.62, 1.62, 1.75, 1.81, 1.88, 1.94, 0.19, 1.38, 0.56, 1.69, 0.5, 0.56, 0.62, 1.38, 2.5, 2.56, 2.62, 2.69, 2.0, 2.81, 0.62, 2.69, 0.88, 2.88, 1.31, 0.56, 1.88, 2.56, 3.06, 3.44, 3.5, 3.56, 3.62, 3.69, 3.69, 3.75, 2.25, 3.88, 3.94, 4.0, 4.06, 4.12, 0.75, 4.25, 4.19, 4.19, 2.38, 3.81, 3.81, 3.88, 3.94, 2.44, 4.56, 1.69, 1.75, 1.81, 1.88, 1.94, 2.0, 1.81, 4.81, 4.12, 3.19, 0.25, 0.31, 1.44, 2.06, 2.12, 3.81, 3.88, 3.94, 4.0, 4.06, 4.12, 4.19, 2.38, 1.5, 0.81, 0.88, 5.88, 5.94, 2.69, 2.75, 2.81, 2.88, 2.94, 1.75, 0.88, 0.94, 1.0, 0.94, 1.0, 1.12, 6.0, 6.19, 6.25, 1.06, 1.25, 1.31, 1.38, 1.44, 1.5, 1.56, 1.62, 1.69, 1.75, 6.12, 1.69, 1.75, 1.81, 1.88, 1.94, 7.62, 1.88, 2.0, 1.38, 2.0, 1.31, 1.88, 1.75, 7.56, 0.69, 0.5, 0.56, 0.62, 0.69, 5.25, 7.69, 5.44, 4.94, 5.0, 5.06, 5.12, 5.19, 5.25, 5.31, 5.38, 5.31, 5.38, 5.44, 5.56, 5.62, 7.81, 3.88, 0.75, 3.81, 3.88, 3.94, 4.0, 4.0, 0.75, 0.81, 0.88, 6.44, 4.19, 1.0, 5.75, 1.06, 1.31, 1.38, 1.44, 1.5, 1.56, 1.62, 1.69, 1.75, 6.44, 2.81, 2.88, 7.0, 6.69, 5.81, 5.94, 6.0, 6.06, 4.31, 2.31, 0.75, 0.25, 0.31, 3.12, 1.12, 4.69, 1.5, 1.06, 3.5, 7.38, 7.0, 9.88, 5.56, 0.12, 1.62, 6.31, 2.69, 1.0, 1.06, 1.12, 1.19, 1.25, 1.25, 1.38, 1.25, 2.44, 1.62, 0.44, 0.5, 0.56, 0.62, 0.69, 0.75, 8.94, 7.12, 5.56, 0.19, 5.0, 0.19, 0.25, 0.31, 3.31, 1.75, 0.31, 0.31, 0.38, 0.25, 0.5, 0.56, 0.62, 0.69, 0.44, 0.38, 2.38, 2.44, 2.5, 2.56, 2.62, 2.62, 2.75, 2.81, 2.88, 15.62, 3.25, 3.56, 3.62, 3.69, 3.75, 3.81, 9.06, 3.88, 3.94, 3.81, 5.88, 3.81, 3.88, 3.94, 7.44, 6.12, 6.19, 16.62, 6.25, 6.31, 6.38, 16.88, 6.44, 6.38, 3.75, 15.75, 3.94, 3.56, 3.62, 6.25, 4.25, 16.44, 13.25, 8.31, 6.81, 3.75, 12.38, 1.5, 1.56, 0.88, 1.06, 19.12, 4.88, 2.0, 2.06, 1.12, 1.19, 1.25, 17.75, 5.5, 5.44, 1.94, 1.31, 2.06, 1.38, 1.44, 1.5, 14.69, 5.5, 5.56, 5.62, 6.31, 5.38, 1.56, 1.38, 5.44, 6.75, 6.5, 2.25, 5.81, 7.12, 2.31, 2.81, 2.88, 2.5, 2.56, 2.62, 2.69, 2.75, 5.94, 4.94, 3.44, 2.56, 1.81, 1.88, 1.94, 2.0, 2.06, 2.75, 1.94, 2.0, 3.94, 3.0, 2.0, 3.12, 3.19, 3.25, 3.31, 3.38, 3.44, 3.5, 3.38, 3.38, 3.69, 2.06, 3.88, 1.0, 1.0, 1.06, 16.25, 2.25, 2.31, 2.38, 1.12, 4.69, 1.19, 8.25, 7.25, 1.25, 1.62, 1.62, 1.69, 1.5, 5.75, 2.56, 2.44, 2.5, 1.81, 1.88, 1.94, 2.0, 2.12, 1.31, 1.75, 1.38, 1.44, 14.75, 3.94, 4.0, 4.06, 4.12, 2.12, 2.19, 2.25, 2.38, 2.31, 6.44, 2.38, 2.44, 2.5, 3.06, 2.19, 2.25, 2.31, 1.25, 8.0, 3.44, 2.5, 2.69, 1.31, 1.38, 1.44, 1.5, 1.56, 1.62, 1.69, 1.75, 1.81, 1.75, 1.69, 2.69, 10.81, 5.62, 9.62, 10.25, 1.62]

ILAO*:
Tiempo requerido: 0.094
Iteraciones requeridas: 24
Nodos expandidos: 446

RLAO*:
Tiempo requerido: 0.096
Iteraciones requeridas: 23
Nodos expandidos: 529

BLAO*:
Tiempo requerido: 0.082
Iteraciones requeridas: 22
Nodos expandidos: 459

VI:
Tiempo requerido: 0.602
Iteraciones requeridas: 48

Problema 9
-------------------------------------------------------
LAO*:
Tiempo requerido: 3.542
Iteraciones requeridas: 441
Nodos expandidos: 441
Porcentajes del conjunto Z: [0.06, 0.12, 0.19, 0.12, 0.25, 0.31, 0.44, 0.5, 0.56, 0.62, 0.69, 0.56, 0.75, 0.81, 0.5, 0.12, 0.19, 0.88, 0.75, 1.25, 0.88, 0.31, 0.38, 0.44, 1.38, 1.62, 1.62, 1.75, 1.81, 1.88, 1.94, 0.19, 1.38, 0.56, 1.69, 0.5, 0.56, 0.62, 1.38, 2.5, 2.56, 2.62, 2.69, 2.0, 2.81, 0.62, 2.69, 0.88, 2.88, 1.31, 0.56, 1.88, 2.56, 3.06, 3.44, 3.5, 3.56, 3.62, 3.69, 3.69, 3.75, 2.25, 3.88, 3.94, 4.0, 4.06, 4.12, 0.75, 4.25, 4.19, 4.19, 2.38, 3.81, 3.81, 3.88, 3.94, 2.44, 4.56, 1.69, 1.75, 1.81, 1.88, 1.94, 2.0, 1.81, 4.81, 4.12, 3.19, 0.25, 0.31, 1.44, 2.06, 2.12, 3.81, 3.88, 3.94, 4.0, 4.06, 4.12, 4.19, 2.38, 1.5, 0.81, 0.88, 5.88, 5.94, 2.69, 2.75, 2.81, 2.88, 2.94, 1.75, 0.88, 0.94, 1.0, 0.94, 1.0, 1.12, 6.0, 6.19, 6.25, 1.06, 1.25, 1.31, 1.38, 1.44, 1.5, 1.56, 1.62, 1.69, 1.75, 6.12, 1.69, 1.75, 1.81, 1.88, 1.94, 7.62, 1.88, 2.0, 1.38, 2.0, 1.31, 1.88, 1.75, 7.56, 0.69, 0.5, 0.56, 0.62, 0.69, 5.25, 7.69, 5.44, 4.94, 5.0, 5.06, 5.12, 5.19, 5.25, 5.31, 5.38, 5.31, 5.38, 5.44, 5.56, 5.62, 7.81, 3.88, 0.75, 3.81, 3.88, 3.94, 4.0, 4.0, 0.75, 0.81, 0.88, 6.44, 4.19, 1.0, 5.75, 1.06, 1.31, 1.38, 1.44, 1.5, 1.56, 1.62, 1.69, 1.75, 6.44, 2.81, 2.88, 7.0, 6.69, 5.81, 5.94, 6.0, 6.06, 4.31, 2.31, 0.75, 0.25, 0.31, 3.12, 1.12, 4.69, 1.5, 1.06, 3.5, 7.38, 7.0, 9.88, 5.56, 0.12, 1.62, 6.31, 2.69, 1.0, 1.06, 1.12, 1.19, 1.25, 1.25, 1.38, 1.25, 2.44, 1.62, 0.44, 0.5, 0.56, 0.62, 0.69, 0.75, 8.94, 7.12, 5.56, 0.19, 5.0, 0.19, 0.25, 0.31, 3.31, 1.75, 0.31, 0.31, 0.38, 0.25, 0.5, 0.56, 0.62, 0.69, 0.44, 0.38, 2.38, 2.44, 2.5, 2.56, 2.62, 2.62, 2.75, 2.81, 2.88, 15.62, 3.25, 3.56, 3.62, 3.69, 3.75, 3.81, 9.06, 3.88, 3.94, 3.81, 5.88, 3.81, 3.88, 3.94, 7.44, 6.12, 6.19, 16.62, 6.25, 6.31, 6.38, 16.88, 6.44, 6.38, 3.75, 15.75, 3.94, 3.56, 3.62, 6.25, 4.25, 16.44, 13.25, 8.31, 6.81, 3.75, 12.38, 1.5, 1.56, 0.88, 1.06, 19.12, 4.88, 2.0, 2.06, 1.12, 1.19, 1.25, 17.75, 5.5, 5.44, 1.94, 1.31, 2.06, 1.38, 1.44, 1.5, 14.69, 5.5, 5.56, 5.62, 6.31, 5.38, 1.56, 1.38, 5.44, 6.75, 6.5, 2.25, 5.81, 7.12, 2.31, 2.81, 2.88, 2.5, 2.56, 2.62, 2.69, 2.75, 5.94, 4.94, 3.44, 2.56, 1.81, 1.88, 1.94, 2.0, 2.06, 2.75, 1.94, 2.0, 3.94, 3.0, 2.0, 3.12, 3.19, 3.25, 3.31, 3.38, 3.44, 3.5, 3.38, 3.38, 3.69, 2.06, 3.88, 1.0, 1.0, 1.06, 16.25, 2.25, 2.31, 2.38, 1.12, 4.69, 1.19, 8.25, 7.25, 1.25, 1.62, 1.62, 1.69, 1.5, 5.75, 2.56, 2.44, 2.5, 1.81, 1.88, 1.94, 2.0, 2.12, 1.31, 1.75, 1.38, 1.44, 14.75, 3.94, 4.0, 4.06, 4.12, 2.12, 2.19, 2.25, 2.38, 2.31, 6.44, 2.38, 2.44, 2.5, 3.06, 2.19, 2.25, 2.31, 1.25, 8.0, 3.44, 2.5, 2.69, 1.31, 1.38, 1.44, 1.5, 1.56, 1.62, 1.69, 1.75, 1.81, 1.75, 1.69, 2.69, 10.81, 5.62, 9.62, 10.25, 1.62]

ILAO*:
Tiempo requerido: 0.094
Iteraciones requeridas: 24
Nodos expandidos: 446

RLAO*:
Tiempo requerido: 0.092
Iteraciones requeridas: 23
Nodos expandidos: 529

BLAO*:
Tiempo requerido: 0.082
Iteraciones requeridas: 22
Nodos expandidos: 459

VI:
Tiempo requerido: 0.591
Iteraciones requeridas: 48

Problema 10
-------------------------------------------------------
LAO*:
Tiempo requerido: 3.562
Iteraciones requeridas: 441
Nodos expandidos: 441
Porcentajes del conjunto Z: [0.06, 0.12, 0.19, 0.12, 0.25, 0.31, 0.44, 0.5, 0.56, 0.62, 0.69, 0.56, 0.75, 0.81, 0.5, 0.12, 0.19, 0.88, 0.75, 1.25, 0.88, 0.31, 0.38, 0.44, 1.38, 1.62, 1.62, 1.75, 1.81, 1.88, 1.94, 0.19, 1.38, 0.56, 1.69, 0.5, 0.56, 0.62, 1.38, 2.5, 2.56, 2.62, 2.69, 2.0, 2.81, 0.62, 2.69, 0.88, 2.88, 1.31, 0.56, 1.88, 2.56, 3.06, 3.44, 3.5, 3.56, 3.62, 3.69, 3.69, 3.75, 2.25, 3.88, 3.94, 4.0, 4.06, 4.12, 0.75, 4.25, 4.19, 4.19, 2.38, 3.81, 3.81, 3.88, 3.94, 2.44, 4.56, 1.69, 1.75, 1.81, 1.88, 1.94, 2.0, 1.81, 4.81, 4.12, 3.19, 0.25, 0.31, 1.44, 2.06, 2.12, 3.81, 3.88, 3.94, 4.0, 4.06, 4.12, 4.19, 2.38, 1.5, 0.81, 0.88, 5.88, 5.94, 2.69, 2.75, 2.81, 2.88, 2.94, 1.75, 0.88, 0.94, 1.0, 0.94, 1.0, 1.12, 6.0, 6.19, 6.25, 1.06, 1.25, 1.31, 1.38, 1.44, 1.5, 1.56, 1.62, 1.69, 1.75, 6.12, 1.69, 1.75, 1.81, 1.88, 1.94, 7.62, 1.88, 2.0, 1.38, 2.0, 1.31, 1.88, 1.75, 7.56, 0.69, 0.5, 0.56, 0.62, 0.69, 5.25, 7.69, 5.44, 4.94, 5.0, 5.06, 5.12, 5.19, 5.25, 5.31, 5.38, 5.31, 5.38, 5.44, 5.56, 5.62, 7.81, 3.88, 0.75, 3.81, 3.88, 3.94, 4.0, 4.0, 0.75, 0.81, 0.88, 6.44, 4.19, 1.0, 5.75, 1.06, 1.31, 1.38, 1.44, 1.5, 1.56, 1.62, 1.69, 1.75, 6.44, 2.81, 2.88, 7.0, 6.69, 5.81, 5.94, 6.0, 6.06, 4.31, 2.31, 0.75, 0.25, 0.31, 3.12, 1.12, 4.69, 1.5, 1.06, 3.5, 7.38, 7.0, 9.88, 5.56, 0.12, 1.62, 6.31, 2.69, 1.0, 1.06, 1.12, 1.19, 1.25, 1.25, 1.38, 1.25, 2.44, 1.62, 0.44, 0.5, 0.56, 0.62, 0.69, 0.75, 8.94, 7.12, 5.56, 0.19, 5.0, 0.19, 0.25, 0.31, 3.31, 1.75, 0.31, 0.31, 0.38, 0.25, 0.5, 0.56, 0.62, 0.69, 0.44, 0.38, 2.38, 2.44, 2.5, 2.56, 2.62, 2.62, 2.75, 2.81, 2.88, 15.62, 3.25, 3.56, 3.62, 3.69, 3.75, 3.81, 9.06, 3.88, 3.94, 3.81, 5.88, 3.81, 3.88, 3.94, 7.44, 6.12, 6.19, 16.62, 6.25, 6.31, 6.38, 16.88, 6.44, 6.38, 3.75, 15.75, 3.94, 3.56, 3.62, 6.25, 4.25, 16.44, 13.25, 8.31, 6.81, 3.75, 12.38, 1.5, 1.56, 0.88, 1.06, 19.12, 4.88, 2.0, 2.06, 1.12, 1.19, 1.25, 17.75, 5.5, 5.44, 1.94, 1.31, 2.06, 1.38, 1.44, 1.5, 14.69, 5.5, 5.56, 5.62, 6.31, 5.38, 1.56, 1.38, 5.44, 6.75, 6.5, 2.25, 5.81, 7.12, 2.31, 2.81, 2.88, 2.5, 2.56, 2.62, 2.69, 2.75, 5.94, 4.94, 3.44, 2.56, 1.81, 1.88, 1.94, 2.0, 2.06, 2.75, 1.94, 2.0, 3.94, 3.0, 2.0, 3.12, 3.19, 3.25, 3.31, 3.38, 3.44, 3.5, 3.38, 3.38, 3.69, 2.06, 3.88, 1.0, 1.0, 1.06, 16.25, 2.25, 2.31, 2.38, 1.12, 4.69, 1.19, 8.25, 7.25, 1.25, 1.62, 1.62, 1.69, 1.5, 5.75, 2.56, 2.44, 2.5, 1.81, 1.88, 1.94, 2.0, 2.12, 1.31, 1.75, 1.38, 1.44, 14.75, 3.94, 4.0, 4.06, 4.12, 2.12, 2.19, 2.25, 2.38, 2.31, 6.44, 2.38, 2.44, 2.5, 3.06, 2.19, 2.25, 2.31, 1.25, 8.0, 3.44, 2.5, 2.69, 1.31, 1.38, 1.44, 1.5, 1.56, 1.62, 1.69, 1.75, 1.81, 1.75, 1.69, 2.69, 10.81, 5.62, 9.62, 10.25, 1.62]

ILAO*:
Tiempo requerido: 0.094
Iteraciones requeridas: 24
Nodos expandidos: 446

RLAO*:
Tiempo requerido: 0.089
Iteraciones requeridas: 23
Nodos expandidos: 529

BLAO*:
Tiempo requerido: 0.085
Iteraciones requeridas: 22
Nodos expandidos: 459

VI:
Tiempo requerido: 0.653
Iteraciones requeridas: 48

Media tiempo LAO: 3.637
Media iteraciones LAO: 441.0
Media expansiones LAO: 441.0

Media tiempo RLAO: 0.095
Media iteraciones RLAO: 23.0
Media expansiones RLAO: 529.0

Media tiempo ILAO: 0.101
Media iteraciones ILAO: 24.0
Media expansiones ILAO: 446.0

Media tiempo BLAO: 0.087
Media iteraciones BLAO: 22.0
Media expansiones BLAO: 459.0

Media tiempo VI: 0.623
Media iteraciones VI: 48.0

-------------------------------------------------------
