Problema 1
-------------------------------------------------------
LAO*:
Tiempo requerido: 3.599
Iteraciones requeridas: 359
Nodos expandidos: 359
Porcentajes del conjunto Z: [0.04, 0.08, 0.12, 0.16, 0.2, 0.16, 0.24, 0.32, 0.16, 0.2, 0.24, 0.28, 0.32, 0.36, 0.32, 0.56, 0.68, 0.72, 0.72, 0.64, 0.64, 0.68, 0.6, 0.64, 0.76, 0.44, 0.48, 0.4, 0.24, 1.16, 1.2, 1.16, 1.2, 1.24, 1.36, 0.28, 0.12, 0.12, 0.16, 0.2, 0.36, 0.24, 0.28, 0.68, 1.4, 1.48, 0.08, 0.36, 1.8, 1.44, 1.48, 1.52, 1.56, 1.52, 2.12, 2.16, 2.2, 2.24, 1.56, 1.6, 1.64, 1.68, 1.64, 2.44, 2.32, 2.36, 2.4, 2.36, 2.4, 2.44, 1.76, 2.24, 0.2, 0.28, 0.16, 2.92, 3.08, 3.04, 3.08, 2.52, 2.56, 2.24, 2.76, 3.32, 3.24, 2.56, 3.24, 2.88, 2.76, 1.68, 3.48, 2.68, 3.04, 3.76, 2.88, 2.92, 2.8, 2.84, 3.88, 3.92, 3.92, 2.88, 4.0, 3.96, 2.88, 2.92, 3.0, 3.04, 3.08, 4.4, 4.36, 4.36, 4.48, 4.52, 4.56, 4.4, 4.56, 4.16, 4.48, 0.44, 4.24, 4.4, 1.64, 0.36, 0.4, 1.16, 0.44, 0.32, 1.24, 1.36, 1.4, 4.8, 4.84, 4.88, 4.44, 0.68, 3.6, 0.64, 4.52, 3.08, 3.32, 0.6, 4.56, 4.48, 4.4, 4.48, 4.52, 4.56, 0.52, 4.56, 0.88, 3.4, 4.12, 4.4, 3.72, 3.76, 3.8, 4.4, 0.4, 0.64, 3.24, 4.56, 4.84, 4.08, 4.12, 4.16, 4.16, 4.24, 3.96, 1.52, 0.36, 0.68, 0.76, 2.4, 1.4, 1.44, 1.48, 0.4, 0.44, 1.52, 3.0, 0.72, 2.2, 0.36, 0.12, 0.08, 0.08, 0.72, 2.8, 2.36, 2.4, 2.96, 3.0, 0.68, 2.48, 0.12, 2.68, 2.44, 0.28, 0.16, 1.24, 1.28, 1.32, 1.36, 1.4, 1.44, 1.48, 1.52, 1.56, 0.88, 1.84, 2.24, 4.44, 0.6, 0.2, 0.28, 0.28, 0.32, 1.08, 1.8, 1.16, 1.2, 1.28, 1.32, 1.24, 0.28, 3.68, 3.4, 1.4, 3.52, 3.48, 4.96, 1.28, 1.32, 5.24, 4.6, 4.64, 4.72, 4.76, 4.68, 4.72, 4.76, 3.6, 3.64, 3.68, 4.36, 1.56, 0.68, 0.72, 0.76, 0.8, 0.84, 0.8, 4.0, 3.08, 3.12, 3.16, 3.2, 3.2, 3.24, 2.32, 3.28, 3.32, 3.36, 3.32, 3.32, 3.28, 3.64, 2.4, 2.76, 0.8, 2.72, 2.76, 2.8, 2.84, 2.88, 2.84, 2.96, 2.76, 2.8, 1.24, 0.76, 0.84, 0.88, 6.12, 2.64, 2.68, 2.72, 2.76, 2.8, 3.08, 2.6, 1.4, 1.44, 2.08, 1.48, 1.52, 1.56, 1.6, 1.88, 1.92, 1.96, 2.0, 2.04, 8.64, 0.44, 0.44, 4.88, 6.28, 5.88, 2.72, 1.44, 4.88, 4.92, 1.52, 1.56, 1.6, 1.6, 1.64, 5.48, 3.72, 3.76, 3.8, 3.84, 3.88, 3.92, 3.64, 3.68, 3.72, 2.04, 3.8, 1.4, 1.44, 8.92, 4.16, 4.24, 0.68, 0.72, 0.76, 0.8, 0.84, 5.16, 4.52, 0.88, 3.68, 3.04, 2.48, 2.52, 3.24, 2.48, 0.92, 1.76, 0.96, 1.0, 1.04, 1.84, 2.76, 8.92, 8.64]

ILAO*:
Tiempo requerido: 0.095
Iteraciones requeridas: 46
Nodos expandidos: 368

RLAO*:
Tiempo requerido: 0.186
Iteraciones requeridas: 28
Nodos expandidos: 784

BLAO*:
Tiempo requerido: 0.264
Iteraciones requeridas: 29
Nodos expandidos: 1119

VI:
Tiempo requerido: 1.023
Iteraciones requeridas: 57

Problema 2
-------------------------------------------------------
LAO*:
Tiempo requerido: 3.584
Iteraciones requeridas: 359
Nodos expandidos: 359
Porcentajes del conjunto Z: [0.04, 0.08, 0.12, 0.16, 0.2, 0.16, 0.24, 0.32, 0.16, 0.2, 0.24, 0.28, 0.32, 0.36, 0.32, 0.56, 0.68, 0.72, 0.72, 0.64, 0.64, 0.68, 0.6, 0.64, 0.76, 0.44, 0.48, 0.4, 0.24, 1.16, 1.2, 1.16, 1.2, 1.24, 1.36, 0.28, 0.12, 0.12, 0.16, 0.2, 0.36, 0.24, 0.28, 0.68, 1.4, 1.48, 0.08, 0.36, 1.8, 1.44, 1.48, 1.52, 1.56, 1.52, 2.12, 2.16, 2.2, 2.24, 1.56, 1.6, 1.64, 1.68, 1.64, 2.44, 2.32, 2.36, 2.4, 2.36, 2.4, 2.44, 1.76, 2.24, 0.2, 0.28, 0.16, 2.92, 3.08, 3.04, 3.08, 2.52, 2.56, 2.24, 2.76, 3.32, 3.24, 2.56, 3.24, 2.88, 2.76, 1.68, 3.48, 2.68, 3.04, 3.76, 2.88, 2.92, 2.8, 2.84, 3.88, 3.92, 3.92, 2.88, 4.0, 3.96, 2.88, 2.92, 3.0, 3.04, 3.08, 4.4, 4.36, 4.36, 4.48, 4.52, 4.56, 4.4, 4.56, 4.16, 4.48, 0.44, 4.24, 4.4, 1.64, 0.36, 0.4, 1.16, 0.44, 0.32, 1.24, 1.36, 1.4, 4.8, 4.84, 4.88, 4.44, 0.68, 3.6, 0.64, 4.52, 3.08, 3.32, 0.6, 4.56, 4.48, 4.4, 4.48, 4.52, 4.56, 0.52, 4.56, 0.88, 3.4, 4.12, 4.4, 3.72, 3.76, 3.8, 4.4, 0.4, 0.64, 3.24, 4.56, 4.84, 4.08, 4.12, 4.16, 4.16, 4.24, 3.96, 1.52, 0.36, 0.68, 0.76, 2.4, 1.4, 1.44, 1.48, 0.4, 0.44, 1.52, 3.0, 0.72, 2.2, 0.36, 0.12, 0.08, 0.08, 0.72, 2.8, 2.36, 2.4, 2.96, 3.0, 0.68, 2.48, 0.12, 2.68, 2.44, 0.28, 0.16, 1.24, 1.28, 1.32, 1.36, 1.4, 1.44, 1.48, 1.52, 1.56, 0.88, 1.84, 2.24, 4.44, 0.6, 0.2, 0.28, 0.28, 0.32, 1.08, 1.8, 1.16, 1.2, 1.28, 1.32, 1.24, 0.28, 3.68, 3.4, 1.4, 3.52, 3.48, 4.96, 1.28, 1.32, 5.24, 4.6, 4.64, 4.72, 4.76, 4.68, 4.72, 4.76, 3.6, 3.64, 3.68, 4.36, 1.56, 0.68, 0.72, 0.76, 0.8, 0.84, 0.8, 4.0, 3.08, 3.12, 3.16, 3.2, 3.2, 3.24, 2.32, 3.28, 3.32, 3.36, 3.32, 3.32, 3.28, 3.64, 2.4, 2.76, 0.8, 2.72, 2.76, 2.8, 2.84, 2.88, 2.84, 2.96, 2.76, 2.8, 1.24, 0.76, 0.84, 0.88, 6.12, 2.64, 2.68, 2.72, 2.76, 2.8, 3.08, 2.6, 1.4, 1.44, 2.08, 1.48, 1.52, 1.56, 1.6, 1.88, 1.92, 1.96, 2.0, 2.04, 8.64, 0.44, 0.44, 4.88, 6.28, 5.88, 2.72, 1.44, 4.88, 4.92, 1.52, 1.56, 1.6, 1.6, 1.64, 5.48, 3.72, 3.76, 3.8, 3.84, 3.88, 3.92, 3.64, 3.68, 3.72, 2.04, 3.8, 1.4, 1.44, 8.92, 4.16, 4.24, 0.68, 0.72, 0.76, 0.8, 0.84, 5.16, 4.52, 0.88, 3.68, 3.04, 2.48, 2.52, 3.24, 2.48, 0.92, 1.76, 0.96, 1.0, 1.04, 1.84, 2.76, 8.92, 8.64]

ILAO*:
Tiempo requerido: 0.095
Iteraciones requeridas: 46
Nodos expandidos: 368

RLAO*:
Tiempo requerido: 0.175
Iteraciones requeridas: 28
Nodos expandidos: 784

BLAO*:
Tiempo requerido: 0.259
Iteraciones requeridas: 29
Nodos expandidos: 1119

VI:
Tiempo requerido: 1.04
Iteraciones requeridas: 57

Problema 3
-------------------------------------------------------
LAO*:
Tiempo requerido: 3.61
Iteraciones requeridas: 359
Nodos expandidos: 359
Porcentajes del conjunto Z: [0.04, 0.08, 0.12, 0.16, 0.2, 0.16, 0.24, 0.32, 0.16, 0.2, 0.24, 0.28, 0.32, 0.36, 0.32, 0.56, 0.68, 0.72, 0.72, 0.64, 0.64, 0.68, 0.6, 0.64, 0.76, 0.44, 0.48, 0.4, 0.24, 1.16, 1.2, 1.16, 1.2, 1.24, 1.36, 0.28, 0.12, 0.12, 0.16, 0.2, 0.36, 0.24, 0.28, 0.68, 1.4, 1.48, 0.08, 0.36, 1.8, 1.44, 1.48, 1.52, 1.56, 1.52, 2.12, 2.16, 2.2, 2.24, 1.56, 1.6, 1.64, 1.68, 1.64, 2.44, 2.32, 2.36, 2.4, 2.36, 2.4, 2.44, 1.76, 2.24, 0.2, 0.28, 0.16, 2.92, 3.08, 3.04, 3.08, 2.52, 2.56, 2.24, 2.76, 3.32, 3.24, 2.56, 3.24, 2.88, 2.76, 1.68, 3.48, 2.68, 3.04, 3.76, 2.88, 2.92, 2.8, 2.84, 3.88, 3.92, 3.92, 2.88, 4.0, 3.96, 2.88, 2.92, 3.0, 3.04, 3.08, 4.4, 4.36, 4.36, 4.48, 4.52, 4.56, 4.4, 4.56, 4.16, 4.48, 0.44, 4.24, 4.4, 1.64, 0.36, 0.4, 1.16, 0.44, 0.32, 1.24, 1.36, 1.4, 4.8, 4.84, 4.88, 4.44, 0.68, 3.6, 0.64, 4.52, 3.08, 3.32, 0.6, 4.56, 4.48, 4.4, 4.48, 4.52, 4.56, 0.52, 4.56, 0.88, 3.4, 4.12, 4.4, 3.72, 3.76, 3.8, 4.4, 0.4, 0.64, 3.24, 4.56, 4.84, 4.08, 4.12, 4.16, 4.16, 4.24, 3.96, 1.52, 0.36, 0.68, 0.76, 2.4, 1.4, 1.44, 1.48, 0.4, 0.44, 1.52, 3.0, 0.72, 2.2, 0.36, 0.12, 0.08, 0.08, 0.72, 2.8, 2.36, 2.4, 2.96, 3.0, 0.68, 2.48, 0.12, 2.68, 2.44, 0.28, 0.16, 1.24, 1.28, 1.32, 1.36, 1.4, 1.44, 1.48, 1.52, 1.56, 0.88, 1.84, 2.24, 4.44, 0.6, 0.2, 0.28, 0.28, 0.32, 1.08, 1.8, 1.16, 1.2, 1.28, 1.32, 1.24, 0.28, 3.68, 3.4, 1.4, 3.52, 3.48, 4.96, 1.28, 1.32, 5.24, 4.6, 4.64, 4.72, 4.76, 4.68, 4.72, 4.76, 3.6, 3.64, 3.68, 4.36, 1.56, 0.68, 0.72, 0.76, 0.8, 0.84, 0.8, 4.0, 3.08, 3.12, 3.16, 3.2, 3.2, 3.24, 2.32, 3.28, 3.32, 3.36, 3.32, 3.32, 3.28, 3.64, 2.4, 2.76, 0.8, 2.72, 2.76, 2.8, 2.84, 2.88, 2.84, 2.96, 2.76, 2.8, 1.24, 0.76, 0.84, 0.88, 6.12, 2.64, 2.68, 2.72, 2.76, 2.8, 3.08, 2.6, 1.4, 1.44, 2.08, 1.48, 1.52, 1.56, 1.6, 1.88, 1.92, 1.96, 2.0, 2.04, 8.64, 0.44, 0.44, 4.88, 6.28, 5.88, 2.72, 1.44, 4.88, 4.92, 1.52, 1.56, 1.6, 1.6, 1.64, 5.48, 3.72, 3.76, 3.8, 3.84, 3.88, 3.92, 3.64, 3.68, 3.72, 2.04, 3.8, 1.4, 1.44, 8.92, 4.16, 4.24, 0.68, 0.72, 0.76, 0.8, 0.84, 5.16, 4.52, 0.88, 3.68, 3.04, 2.48, 2.52, 3.24, 2.48, 0.92, 1.76, 0.96, 1.0, 1.04, 1.84, 2.76, 8.92, 8.64]

ILAO*:
Tiempo requerido: 0.096
Iteraciones requeridas: 46
Nodos expandidos: 368

RLAO*:
Tiempo requerido: 0.176
Iteraciones requeridas: 28
Nodos expandidos: 784

BLAO*:
Tiempo requerido: 0.263
Iteraciones requeridas: 29
Nodos expandidos: 1119

VI:
Tiempo requerido: 1.037
Iteraciones requeridas: 57

Problema 4
-------------------------------------------------------
LAO*:
Tiempo requerido: 3.61
Iteraciones requeridas: 359
Nodos expandidos: 359
Porcentajes del conjunto Z: [0.04, 0.08, 0.12, 0.16, 0.2, 0.16, 0.24, 0.32, 0.16, 0.2, 0.24, 0.28, 0.32, 0.36, 0.32, 0.56, 0.68, 0.72, 0.72, 0.64, 0.64, 0.68, 0.6, 0.64, 0.76, 0.44, 0.48, 0.4, 0.24, 1.16, 1.2, 1.16, 1.2, 1.24, 1.36, 0.28, 0.12, 0.12, 0.16, 0.2, 0.36, 0.24, 0.28, 0.68, 1.4, 1.48, 0.08, 0.36, 1.8, 1.44, 1.48, 1.52, 1.56, 1.52, 2.12, 2.16, 2.2, 2.24, 1.56, 1.6, 1.64, 1.68, 1.64, 2.44, 2.32, 2.36, 2.4, 2.36, 2.4, 2.44, 1.76, 2.24, 0.2, 0.28, 0.16, 2.92, 3.08, 3.04, 3.08, 2.52, 2.56, 2.24, 2.76, 3.32, 3.24, 2.56, 3.24, 2.88, 2.76, 1.68, 3.48, 2.68, 3.04, 3.76, 2.88, 2.92, 2.8, 2.84, 3.88, 3.92, 3.92, 2.88, 4.0, 3.96, 2.88, 2.92, 3.0, 3.04, 3.08, 4.4, 4.36, 4.36, 4.48, 4.52, 4.56, 4.4, 4.56, 4.16, 4.48, 0.44, 4.24, 4.4, 1.64, 0.36, 0.4, 1.16, 0.44, 0.32, 1.24, 1.36, 1.4, 4.8, 4.84, 4.88, 4.44, 0.68, 3.6, 0.64, 4.52, 3.08, 3.32, 0.6, 4.56, 4.48, 4.4, 4.48, 4.52, 4.56, 0.52, 4.56, 0.88, 3.4, 4.12, 4.4, 3.72, 3.76, 3.8, 4.4, 0.4, 0.64, 3.24, 4.56, 4.84, 4.08, 4.12, 4.16, 4.16, 4.24, 3.96, 1.52, 0.36, 0.68, 0.76, 2.4, 1.4, 1.44, 1.48, 0.4, 0.44, 1.52, 3.0, 0.72, 2.2, 0.36, 0.12, 0.08, 0.08, 0.72, 2.8, 2.36, 2.4, 2.96, 3.0, 0.68, 2.48, 0.12, 2.68, 2.44, 0.28, 0.16, 1.24, 1.28, 1.32, 1.36, 1.4, 1.44, 1.48, 1.52, 1.56, 0.88, 1.84, 2.24, 4.44, 0.6, 0.2, 0.28, 0.28, 0.32, 1.08, 1.8, 1.16, 1.2, 1.28, 1.32, 1.24, 0.28, 3.68, 3.4, 1.4, 3.52, 3.48, 4.96, 1.28, 1.32, 5.24, 4.6, 4.64, 4.72, 4.76, 4.68, 4.72, 4.76, 3.6, 3.64, 3.68, 4.36, 1.56, 0.68, 0.72, 0.76, 0.8, 0.84, 0.8, 4.0, 3.08, 3.12, 3.16, 3.2, 3.2, 3.24, 2.32, 3.28, 3.32, 3.36, 3.32, 3.32, 3.28, 3.64, 2.4, 2.76, 0.8, 2.72, 2.76, 2.8, 2.84, 2.88, 2.84, 2.96, 2.76, 2.8, 1.24, 0.76, 0.84, 0.88, 6.12, 2.64, 2.68, 2.72, 2.76, 2.8, 3.08, 2.6, 1.4, 1.44, 2.08, 1.48, 1.52, 1.56, 1.6, 1.88, 1.92, 1.96, 2.0, 2.04, 8.64, 0.44, 0.44, 4.88, 6.28, 5.88, 2.72, 1.44, 4.88, 4.92, 1.52, 1.56, 1.6, 1.6, 1.64, 5.48, 3.72, 3.76, 3.8, 3.84, 3.88, 3.92, 3.64, 3.68, 3.72, 2.04, 3.8, 1.4, 1.44, 8.92, 4.16, 4.24, 0.68, 0.72, 0.76, 0.8, 0.84, 5.16, 4.52, 0.88, 3.68, 3.04, 2.48, 2.52, 3.24, 2.48, 0.92, 1.76, 0.96, 1.0, 1.04, 1.84, 2.76, 8.92, 8.64]

ILAO*:
Tiempo requerido: 0.096
Iteraciones requeridas: 46
Nodos expandidos: 368

RLAO*:
Tiempo requerido: 0.176
Iteraciones requeridas: 28
Nodos expandidos: 784

BLAO*:
Tiempo requerido: 0.258
Iteraciones requeridas: 29
Nodos expandidos: 1119

VI:
Tiempo requerido: 1.029
Iteraciones requeridas: 57

Problema 5
-------------------------------------------------------
LAO*:
Tiempo requerido: 3.608
Iteraciones requeridas: 359
Nodos expandidos: 359
Porcentajes del conjunto Z: [0.04, 0.08, 0.12, 0.16, 0.2, 0.16, 0.24, 0.32, 0.16, 0.2, 0.24, 0.28, 0.32, 0.36, 0.32, 0.56, 0.68, 0.72, 0.72, 0.64, 0.64, 0.68, 0.6, 0.64, 0.76, 0.44, 0.48, 0.4, 0.24, 1.16, 1.2, 1.16, 1.2, 1.24, 1.36, 0.28, 0.12, 0.12, 0.16, 0.2, 0.36, 0.24, 0.28, 0.68, 1.4, 1.48, 0.08, 0.36, 1.8, 1.44, 1.48, 1.52, 1.56, 1.52, 2.12, 2.16, 2.2, 2.24, 1.56, 1.6, 1.64, 1.68, 1.64, 2.44, 2.32, 2.36, 2.4, 2.36, 2.4, 2.44, 1.76, 2.24, 0.2, 0.28, 0.16, 2.92, 3.08, 3.04, 3.08, 2.52, 2.56, 2.24, 2.76, 3.32, 3.24, 2.56, 3.24, 2.88, 2.76, 1.68, 3.48, 2.68, 3.04, 3.76, 2.88, 2.92, 2.8, 2.84, 3.88, 3.92, 3.92, 2.88, 4.0, 3.96, 2.88, 2.92, 3.0, 3.04, 3.08, 4.4, 4.36, 4.36, 4.48, 4.52, 4.56, 4.4, 4.56, 4.16, 4.48, 0.44, 4.24, 4.4, 1.64, 0.36, 0.4, 1.16, 0.44, 0.32, 1.24, 1.36, 1.4, 4.8, 4.84, 4.88, 4.44, 0.68, 3.6, 0.64, 4.52, 3.08, 3.32, 0.6, 4.56, 4.48, 4.4, 4.48, 4.52, 4.56, 0.52, 4.56, 0.88, 3.4, 4.12, 4.4, 3.72, 3.76, 3.8, 4.4, 0.4, 0.64, 3.24, 4.56, 4.84, 4.08, 4.12, 4.16, 4.16, 4.24, 3.96, 1.52, 0.36, 0.68, 0.76, 2.4, 1.4, 1.44, 1.48, 0.4, 0.44, 1.52, 3.0, 0.72, 2.2, 0.36, 0.12, 0.08, 0.08, 0.72, 2.8, 2.36, 2.4, 2.96, 3.0, 0.68, 2.48, 0.12, 2.68, 2.44, 0.28, 0.16, 1.24, 1.28, 1.32, 1.36, 1.4, 1.44, 1.48, 1.52, 1.56, 0.88, 1.84, 2.24, 4.44, 0.6, 0.2, 0.28, 0.28, 0.32, 1.08, 1.8, 1.16, 1.2, 1.28, 1.32, 1.24, 0.28, 3.68, 3.4, 1.4, 3.52, 3.48, 4.96, 1.28, 1.32, 5.24, 4.6, 4.64, 4.72, 4.76, 4.68, 4.72, 4.76, 3.6, 3.64, 3.68, 4.36, 1.56, 0.68, 0.72, 0.76, 0.8, 0.84, 0.8, 4.0, 3.08, 3.12, 3.16, 3.2, 3.2, 3.24, 2.32, 3.28, 3.32, 3.36, 3.32, 3.32, 3.28, 3.64, 2.4, 2.76, 0.8, 2.72, 2.76, 2.8, 2.84, 2.88, 2.84, 2.96, 2.76, 2.8, 1.24, 0.76, 0.84, 0.88, 6.12, 2.64, 2.68, 2.72, 2.76, 2.8, 3.08, 2.6, 1.4, 1.44, 2.08, 1.48, 1.52, 1.56, 1.6, 1.88, 1.92, 1.96, 2.0, 2.04, 8.64, 0.44, 0.44, 4.88, 6.28, 5.88, 2.72, 1.44, 4.88, 4.92, 1.52, 1.56, 1.6, 1.6, 1.64, 5.48, 3.72, 3.76, 3.8, 3.84, 3.88, 3.92, 3.64, 3.68, 3.72, 2.04, 3.8, 1.4, 1.44, 8.92, 4.16, 4.24, 0.68, 0.72, 0.76, 0.8, 0.84, 5.16, 4.52, 0.88, 3.68, 3.04, 2.48, 2.52, 3.24, 2.48, 0.92, 1.76, 0.96, 1.0, 1.04, 1.84, 2.76, 8.92, 8.64]

ILAO*:
Tiempo requerido: 0.096
Iteraciones requeridas: 46
Nodos expandidos: 368

RLAO*:
Tiempo requerido: 0.174
Iteraciones requeridas: 28
Nodos expandidos: 784

BLAO*:
Tiempo requerido: 0.259
Iteraciones requeridas: 29
Nodos expandidos: 1119

VI:
Tiempo requerido: 1.031
Iteraciones requeridas: 57

Problema 6
-------------------------------------------------------
LAO*:
Tiempo requerido: 3.603
Iteraciones requeridas: 359
Nodos expandidos: 359
Porcentajes del conjunto Z: [0.04, 0.08, 0.12, 0.16, 0.2, 0.16, 0.24, 0.32, 0.16, 0.2, 0.24, 0.28, 0.32, 0.36, 0.32, 0.56, 0.68, 0.72, 0.72, 0.64, 0.64, 0.68, 0.6, 0.64, 0.76, 0.44, 0.48, 0.4, 0.24, 1.16, 1.2, 1.16, 1.2, 1.24, 1.36, 0.28, 0.12, 0.12, 0.16, 0.2, 0.36, 0.24, 0.28, 0.68, 1.4, 1.48, 0.08, 0.36, 1.8, 1.44, 1.48, 1.52, 1.56, 1.52, 2.12, 2.16, 2.2, 2.24, 1.56, 1.6, 1.64, 1.68, 1.64, 2.44, 2.32, 2.36, 2.4, 2.36, 2.4, 2.44, 1.76, 2.24, 0.2, 0.28, 0.16, 2.92, 3.08, 3.04, 3.08, 2.52, 2.56, 2.24, 2.76, 3.32, 3.24, 2.56, 3.24, 2.88, 2.76, 1.68, 3.48, 2.68, 3.04, 3.76, 2.88, 2.92, 2.8, 2.84, 3.88, 3.92, 3.92, 2.88, 4.0, 3.96, 2.88, 2.92, 3.0, 3.04, 3.08, 4.4, 4.36, 4.36, 4.48, 4.52, 4.56, 4.4, 4.56, 4.16, 4.48, 0.44, 4.24, 4.4, 1.64, 0.36, 0.4, 1.16, 0.44, 0.32, 1.24, 1.36, 1.4, 4.8, 4.84, 4.88, 4.44, 0.68, 3.6, 0.64, 4.52, 3.08, 3.32, 0.6, 4.56, 4.48, 4.4, 4.48, 4.52, 4.56, 0.52, 4.56, 0.88, 3.4, 4.12, 4.4, 3.72, 3.76, 3.8, 4.4, 0.4, 0.64, 3.24, 4.56, 4.84, 4.08, 4.12, 4.16, 4.16, 4.24, 3.96, 1.52, 0.36, 0.68, 0.76, 2.4, 1.4, 1.44, 1.48, 0.4, 0.44, 1.52, 3.0, 0.72, 2.2, 0.36, 0.12, 0.08, 0.08, 0.72, 2.8, 2.36, 2.4, 2.96, 3.0, 0.68, 2.48, 0.12, 2.68, 2.44, 0.28, 0.16, 1.24, 1.28, 1.32, 1.36, 1.4, 1.44, 1.48, 1.52, 1.56, 0.88, 1.84, 2.24, 4.44, 0.6, 0.2, 0.28, 0.28, 0.32, 1.08, 1.8, 1.16, 1.2, 1.28, 1.32, 1.24, 0.28, 3.68, 3.4, 1.4, 3.52, 3.48, 4.96, 1.28, 1.32, 5.24, 4.6, 4.64, 4.72, 4.76, 4.68, 4.72, 4.76, 3.6, 3.64, 3.68, 4.36, 1.56, 0.68, 0.72, 0.76, 0.8, 0.84, 0.8, 4.0, 3.08, 3.12, 3.16, 3.2, 3.2, 3.24, 2.32, 3.28, 3.32, 3.36, 3.32, 3.32, 3.28, 3.64, 2.4, 2.76, 0.8, 2.72, 2.76, 2.8, 2.84, 2.88, 2.84, 2.96, 2.76, 2.8, 1.24, 0.76, 0.84, 0.88, 6.12, 2.64, 2.68, 2.72, 2.76, 2.8, 3.08, 2.6, 1.4, 1.44, 2.08, 1.48, 1.52, 1.56, 1.6, 1.88, 1.92, 1.96, 2.0, 2.04, 8.64, 0.44, 0.44, 4.88, 6.28, 5.88, 2.72, 1.44, 4.88, 4.92, 1.52, 1.56, 1.6, 1.6, 1.64, 5.48, 3.72, 3.76, 3.8, 3.84, 3.88, 3.92, 3.64, 3.68, 3.72, 2.04, 3.8, 1.4, 1.44, 8.92, 4.16, 4.24, 0.68, 0.72, 0.76, 0.8, 0.84, 5.16, 4.52, 0.88, 3.68, 3.04, 2.48, 2.52, 3.24, 2.48, 0.92, 1.76, 0.96, 1.0, 1.04, 1.84, 2.76, 8.92, 8.64]

ILAO*:
Tiempo requerido: 0.095
Iteraciones requeridas: 46
Nodos expandidos: 368

RLAO*:
Tiempo requerido: 0.176
Iteraciones requeridas: 28
Nodos expandidos: 784

BLAO*:
Tiempo requerido: 0.265
Iteraciones requeridas: 29
Nodos expandidos: 1119

VI:
Tiempo requerido: 1.035
Iteraciones requeridas: 57

Problema 7
-------------------------------------------------------
LAO*:
Tiempo requerido: 3.641
Iteraciones requeridas: 359
Nodos expandidos: 359
Porcentajes del conjunto Z: [0.04, 0.08, 0.12, 0.16, 0.2, 0.16, 0.24, 0.32, 0.16, 0.2, 0.24, 0.28, 0.32, 0.36, 0.32, 0.56, 0.68, 0.72, 0.72, 0.64, 0.64, 0.68, 0.6, 0.64, 0.76, 0.44, 0.48, 0.4, 0.24, 1.16, 1.2, 1.16, 1.2, 1.24, 1.36, 0.28, 0.12, 0.12, 0.16, 0.2, 0.36, 0.24, 0.28, 0.68, 1.4, 1.48, 0.08, 0.36, 1.8, 1.44, 1.48, 1.52, 1.56, 1.52, 2.12, 2.16, 2.2, 2.24, 1.56, 1.6, 1.64, 1.68, 1.64, 2.44, 2.32, 2.36, 2.4, 2.36, 2.4, 2.44, 1.76, 2.24, 0.2, 0.28, 0.16, 2.92, 3.08, 3.04, 3.08, 2.52, 2.56, 2.24, 2.76, 3.32, 3.24, 2.56, 3.24, 2.88, 2.76, 1.68, 3.48, 2.68, 3.04, 3.76, 2.88, 2.92, 2.8, 2.84, 3.88, 3.92, 3.92, 2.88, 4.0, 3.96, 2.88, 2.92, 3.0, 3.04, 3.08, 4.4, 4.36, 4.36, 4.48, 4.52, 4.56, 4.4, 4.56, 4.16, 4.48, 0.44, 4.24, 4.4, 1.64, 0.36, 0.4, 1.16, 0.44, 0.32, 1.24, 1.36, 1.4, 4.8, 4.84, 4.88, 4.44, 0.68, 3.6, 0.64, 4.52, 3.08, 3.32, 0.6, 4.56, 4.48, 4.4, 4.48, 4.52, 4.56, 0.52, 4.56, 0.88, 3.4, 4.12, 4.4, 3.72, 3.76, 3.8, 4.4, 0.4, 0.64, 3.24, 4.56, 4.84, 4.08, 4.12, 4.16, 4.16, 4.24, 3.96, 1.52, 0.36, 0.68, 0.76, 2.4, 1.4, 1.44, 1.48, 0.4, 0.44, 1.52, 3.0, 0.72, 2.2, 0.36, 0.12, 0.08, 0.08, 0.72, 2.8, 2.36, 2.4, 2.96, 3.0, 0.68, 2.48, 0.12, 2.68, 2.44, 0.28, 0.16, 1.24, 1.28, 1.32, 1.36, 1.4, 1.44, 1.48, 1.52, 1.56, 0.88, 1.84, 2.24, 4.44, 0.6, 0.2, 0.28, 0.28, 0.32, 1.08, 1.8, 1.16, 1.2, 1.28, 1.32, 1.24, 0.28, 3.68, 3.4, 1.4, 3.52, 3.48, 4.96, 1.28, 1.32, 5.24, 4.6, 4.64, 4.72, 4.76, 4.68, 4.72, 4.76, 3.6, 3.64, 3.68, 4.36, 1.56, 0.68, 0.72, 0.76, 0.8, 0.84, 0.8, 4.0, 3.08, 3.12, 3.16, 3.2, 3.2, 3.24, 2.32, 3.28, 3.32, 3.36, 3.32, 3.32, 3.28, 3.64, 2.4, 2.76, 0.8, 2.72, 2.76, 2.8, 2.84, 2.88, 2.84, 2.96, 2.76, 2.8, 1.24, 0.76, 0.84, 0.88, 6.12, 2.64, 2.68, 2.72, 2.76, 2.8, 3.08, 2.6, 1.4, 1.44, 2.08, 1.48, 1.52, 1.56, 1.6, 1.88, 1.92, 1.96, 2.0, 2.04, 8.64, 0.44, 0.44, 4.88, 6.28, 5.88, 2.72, 1.44, 4.88, 4.92, 1.52, 1.56, 1.6, 1.6, 1.64, 5.48, 3.72, 3.76, 3.8, 3.84, 3.88, 3.92, 3.64, 3.68, 3.72, 2.04, 3.8, 1.4, 1.44, 8.92, 4.16, 4.24, 0.68, 0.72, 0.76, 0.8, 0.84, 5.16, 4.52, 0.88, 3.68, 3.04, 2.48, 2.52, 3.24, 2.48, 0.92, 1.76, 0.96, 1.0, 1.04, 1.84, 2.76, 8.92, 8.64]

ILAO*:
Tiempo requerido: 0.095
Iteraciones requeridas: 46
Nodos expandidos: 368

RLAO*:
Tiempo requerido: 0.174
Iteraciones requeridas: 28
Nodos expandidos: 784

BLAO*:
Tiempo requerido: 0.257
Iteraciones requeridas: 29
Nodos expandidos: 1119

VI:
Tiempo requerido: 1.027
Iteraciones requeridas: 57

Problema 8
-------------------------------------------------------
LAO*:
Tiempo requerido: 3.589
Iteraciones requeridas: 359
Nodos expandidos: 359
Porcentajes del conjunto Z: [0.04, 0.08, 0.12, 0.16, 0.2, 0.16, 0.24, 0.32, 0.16, 0.2, 0.24, 0.28, 0.32, 0.36, 0.32, 0.56, 0.68, 0.72, 0.72, 0.64, 0.64, 0.68, 0.6, 0.64, 0.76, 0.44, 0.48, 0.4, 0.24, 1.16, 1.2, 1.16, 1.2, 1.24, 1.36, 0.28, 0.12, 0.12, 0.16, 0.2, 0.36, 0.24, 0.28, 0.68, 1.4, 1.48, 0.08, 0.36, 1.8, 1.44, 1.48, 1.52, 1.56, 1.52, 2.12, 2.16, 2.2, 2.24, 1.56, 1.6, 1.64, 1.68, 1.64, 2.44, 2.32, 2.36, 2.4, 2.36, 2.4, 2.44, 1.76, 2.24, 0.2, 0.28, 0.16, 2.92, 3.08, 3.04, 3.08, 2.52, 2.56, 2.24, 2.76, 3.32, 3.24, 2.56, 3.24, 2.88, 2.76, 1.68, 3.48, 2.68, 3.04, 3.76, 2.88, 2.92, 2.8, 2.84, 3.88, 3.92, 3.92, 2.88, 4.0, 3.96, 2.88, 2.92, 3.0, 3.04, 3.08, 4.4, 4.36, 4.36, 4.48, 4.52, 4.56, 4.4, 4.56, 4.16, 4.48, 0.44, 4.24, 4.4, 1.64, 0.36, 0.4, 1.16, 0.44, 0.32, 1.24, 1.36, 1.4, 4.8, 4.84, 4.88, 4.44, 0.68, 3.6, 0.64, 4.52, 3.08, 3.32, 0.6, 4.56, 4.48, 4.4, 4.48, 4.52, 4.56, 0.52, 4.56, 0.88, 3.4, 4.12, 4.4, 3.72, 3.76, 3.8, 4.4, 0.4, 0.64, 3.24, 4.56, 4.84, 4.08, 4.12, 4.16, 4.16, 4.24, 3.96, 1.52, 0.36, 0.68, 0.76, 2.4, 1.4, 1.44, 1.48, 0.4, 0.44, 1.52, 3.0, 0.72, 2.2, 0.36, 0.12, 0.08, 0.08, 0.72, 2.8, 2.36, 2.4, 2.96, 3.0, 0.68, 2.48, 0.12, 2.68, 2.44, 0.28, 0.16, 1.24, 1.28, 1.32, 1.36, 1.4, 1.44, 1.48, 1.52, 1.56, 0.88, 1.84, 2.24, 4.44, 0.6, 0.2, 0.28, 0.28, 0.32, 1.08, 1.8, 1.16, 1.2, 1.28, 1.32, 1.24, 0.28, 3.68, 3.4, 1.4, 3.52, 3.48, 4.96, 1.28, 1.32, 5.24, 4.6, 4.64, 4.72, 4.76, 4.68, 4.72, 4.76, 3.6, 3.64, 3.68, 4.36, 1.56, 0.68, 0.72, 0.76, 0.8, 0.84, 0.8, 4.0, 3.08, 3.12, 3.16, 3.2, 3.2, 3.24, 2.32, 3.28, 3.32, 3.36, 3.32, 3.32, 3.28, 3.64, 2.4, 2.76, 0.8, 2.72, 2.76, 2.8, 2.84, 2.88, 2.84, 2.96, 2.76, 2.8, 1.24, 0.76, 0.84, 0.88, 6.12, 2.64, 2.68, 2.72, 2.76, 2.8, 3.08, 2.6, 1.4, 1.44, 2.08, 1.48, 1.52, 1.56, 1.6, 1.88, 1.92, 1.96, 2.0, 2.04, 8.64, 0.44, 0.44, 4.88, 6.28, 5.88, 2.72, 1.44, 4.88, 4.92, 1.52, 1.56, 1.6, 1.6, 1.64, 5.48, 3.72, 3.76, 3.8, 3.84, 3.88, 3.92, 3.64, 3.68, 3.72, 2.04, 3.8, 1.4, 1.44, 8.92, 4.16, 4.24, 0.68, 0.72, 0.76, 0.8, 0.84, 5.16, 4.52, 0.88, 3.68, 3.04, 2.48, 2.52, 3.24, 2.48, 0.92, 1.76, 0.96, 1.0, 1.04, 1.84, 2.76, 8.92, 8.64]

ILAO*:
Tiempo requerido: 0.096
Iteraciones requeridas: 46
Nodos expandidos: 368

RLAO*:
Tiempo requerido: 0.174
Iteraciones requeridas: 28
Nodos expandidos: 784

BLAO*:
Tiempo requerido: 0.259
Iteraciones requeridas: 29
Nodos expandidos: 1119

VI:
Tiempo requerido: 1.029
Iteraciones requeridas: 57

Problema 9
-------------------------------------------------------
LAO*:
Tiempo requerido: 3.613
Iteraciones requeridas: 359
Nodos expandidos: 359
Porcentajes del conjunto Z: [0.04, 0.08, 0.12, 0.16, 0.2, 0.16, 0.24, 0.32, 0.16, 0.2, 0.24, 0.28, 0.32, 0.36, 0.32, 0.56, 0.68, 0.72, 0.72, 0.64, 0.64, 0.68, 0.6, 0.64, 0.76, 0.44, 0.48, 0.4, 0.24, 1.16, 1.2, 1.16, 1.2, 1.24, 1.36, 0.28, 0.12, 0.12, 0.16, 0.2, 0.36, 0.24, 0.28, 0.68, 1.4, 1.48, 0.08, 0.36, 1.8, 1.44, 1.48, 1.52, 1.56, 1.52, 2.12, 2.16, 2.2, 2.24, 1.56, 1.6, 1.64, 1.68, 1.64, 2.44, 2.32, 2.36, 2.4, 2.36, 2.4, 2.44, 1.76, 2.24, 0.2, 0.28, 0.16, 2.92, 3.08, 3.04, 3.08, 2.52, 2.56, 2.24, 2.76, 3.32, 3.24, 2.56, 3.24, 2.88, 2.76, 1.68, 3.48, 2.68, 3.04, 3.76, 2.88, 2.92, 2.8, 2.84, 3.88, 3.92, 3.92, 2.88, 4.0, 3.96, 2.88, 2.92, 3.0, 3.04, 3.08, 4.4, 4.36, 4.36, 4.48, 4.52, 4.56, 4.4, 4.56, 4.16, 4.48, 0.44, 4.24, 4.4, 1.64, 0.36, 0.4, 1.16, 0.44, 0.32, 1.24, 1.36, 1.4, 4.8, 4.84, 4.88, 4.44, 0.68, 3.6, 0.64, 4.52, 3.08, 3.32, 0.6, 4.56, 4.48, 4.4, 4.48, 4.52, 4.56, 0.52, 4.56, 0.88, 3.4, 4.12, 4.4, 3.72, 3.76, 3.8, 4.4, 0.4, 0.64, 3.24, 4.56, 4.84, 4.08, 4.12, 4.16, 4.16, 4.24, 3.96, 1.52, 0.36, 0.68, 0.76, 2.4, 1.4, 1.44, 1.48, 0.4, 0.44, 1.52, 3.0, 0.72, 2.2, 0.36, 0.12, 0.08, 0.08, 0.72, 2.8, 2.36, 2.4, 2.96, 3.0, 0.68, 2.48, 0.12, 2.68, 2.44, 0.28, 0.16, 1.24, 1.28, 1.32, 1.36, 1.4, 1.44, 1.48, 1.52, 1.56, 0.88, 1.84, 2.24, 4.44, 0.6, 0.2, 0.28, 0.28, 0.32, 1.08, 1.8, 1.16, 1.2, 1.28, 1.32, 1.24, 0.28, 3.68, 3.4, 1.4, 3.52, 3.48, 4.96, 1.28, 1.32, 5.24, 4.6, 4.64, 4.72, 4.76, 4.68, 4.72, 4.76, 3.6, 3.64, 3.68, 4.36, 1.56, 0.68, 0.72, 0.76, 0.8, 0.84, 0.8, 4.0, 3.08, 3.12, 3.16, 3.2, 3.2, 3.24, 2.32, 3.28, 3.32, 3.36, 3.32, 3.32, 3.28, 3.64, 2.4, 2.76, 0.8, 2.72, 2.76, 2.8, 2.84, 2.88, 2.84, 2.96, 2.76, 2.8, 1.24, 0.76, 0.84, 0.88, 6.12, 2.64, 2.68, 2.72, 2.76, 2.8, 3.08, 2.6, 1.4, 1.44, 2.08, 1.48, 1.52, 1.56, 1.6, 1.88, 1.92, 1.96, 2.0, 2.04, 8.64, 0.44, 0.44, 4.88, 6.28, 5.88, 2.72, 1.44, 4.88, 4.92, 1.52, 1.56, 1.6, 1.6, 1.64, 5.48, 3.72, 3.76, 3.8, 3.84, 3.88, 3.92, 3.64, 3.68, 3.72, 2.04, 3.8, 1.4, 1.44, 8.92, 4.16, 4.24, 0.68, 0.72, 0.76, 0.8, 0.84, 5.16, 4.52, 0.88, 3.68, 3.04, 2.48, 2.52, 3.24, 2.48, 0.92, 1.76, 0.96, 1.0, 1.04, 1.84, 2.76, 8.92, 8.64]

ILAO*:
Tiempo requerido: 0.096
Iteraciones requeridas: 46
Nodos expandidos: 368

RLAO*:
Tiempo requerido: 0.176
Iteraciones requeridas: 28
Nodos expandidos: 784

BLAO*:
Tiempo requerido: 0.261
Iteraciones requeridas: 29
Nodos expandidos: 1119

VI:
Tiempo requerido: 1.027
Iteraciones requeridas: 57

Problema 10
-------------------------------------------------------
LAO*:
Tiempo requerido: 3.595
Iteraciones requeridas: 359
Nodos expandidos: 359
Porcentajes del conjunto Z: [0.04, 0.08, 0.12, 0.16, 0.2, 0.16, 0.24, 0.32, 0.16, 0.2, 0.24, 0.28, 0.32, 0.36, 0.32, 0.56, 0.68, 0.72, 0.72, 0.64, 0.64, 0.68, 0.6, 0.64, 0.76, 0.44, 0.48, 0.4, 0.24, 1.16, 1.2, 1.16, 1.2, 1.24, 1.36, 0.28, 0.12, 0.12, 0.16, 0.2, 0.36, 0.24, 0.28, 0.68, 1.4, 1.48, 0.08, 0.36, 1.8, 1.44, 1.48, 1.52, 1.56, 1.52, 2.12, 2.16, 2.2, 2.24, 1.56, 1.6, 1.64, 1.68, 1.64, 2.44, 2.32, 2.36, 2.4, 2.36, 2.4, 2.44, 1.76, 2.24, 0.2, 0.28, 0.16, 2.92, 3.08, 3.04, 3.08, 2.52, 2.56, 2.24, 2.76, 3.32, 3.24, 2.56, 3.24, 2.88, 2.76, 1.68, 3.48, 2.68, 3.04, 3.76, 2.88, 2.92, 2.8, 2.84, 3.88, 3.92, 3.92, 2.88, 4.0, 3.96, 2.88, 2.92, 3.0, 3.04, 3.08, 4.4, 4.36, 4.36, 4.48, 4.52, 4.56, 4.4, 4.56, 4.16, 4.48, 0.44, 4.24, 4.4, 1.64, 0.36, 0.4, 1.16, 0.44, 0.32, 1.24, 1.36, 1.4, 4.8, 4.84, 4.88, 4.44, 0.68, 3.6, 0.64, 4.52, 3.08, 3.32, 0.6, 4.56, 4.48, 4.4, 4.48, 4.52, 4.56, 0.52, 4.56, 0.88, 3.4, 4.12, 4.4, 3.72, 3.76, 3.8, 4.4, 0.4, 0.64, 3.24, 4.56, 4.84, 4.08, 4.12, 4.16, 4.16, 4.24, 3.96, 1.52, 0.36, 0.68, 0.76, 2.4, 1.4, 1.44, 1.48, 0.4, 0.44, 1.52, 3.0, 0.72, 2.2, 0.36, 0.12, 0.08, 0.08, 0.72, 2.8, 2.36, 2.4, 2.96, 3.0, 0.68, 2.48, 0.12, 2.68, 2.44, 0.28, 0.16, 1.24, 1.28, 1.32, 1.36, 1.4, 1.44, 1.48, 1.52, 1.56, 0.88, 1.84, 2.24, 4.44, 0.6, 0.2, 0.28, 0.28, 0.32, 1.08, 1.8, 1.16, 1.2, 1.28, 1.32, 1.24, 0.28, 3.68, 3.4, 1.4, 3.52, 3.48, 4.96, 1.28, 1.32, 5.24, 4.6, 4.64, 4.72, 4.76, 4.68, 4.72, 4.76, 3.6, 3.64, 3.68, 4.36, 1.56, 0.68, 0.72, 0.76, 0.8, 0.84, 0.8, 4.0, 3.08, 3.12, 3.16, 3.2, 3.2, 3.24, 2.32, 3.28, 3.32, 3.36, 3.32, 3.32, 3.28, 3.64, 2.4, 2.76, 0.8, 2.72, 2.76, 2.8, 2.84, 2.88, 2.84, 2.96, 2.76, 2.8, 1.24, 0.76, 0.84, 0.88, 6.12, 2.64, 2.68, 2.72, 2.76, 2.8, 3.08, 2.6, 1.4, 1.44, 2.08, 1.48, 1.52, 1.56, 1.6, 1.88, 1.92, 1.96, 2.0, 2.04, 8.64, 0.44, 0.44, 4.88, 6.28, 5.88, 2.72, 1.44, 4.88, 4.92, 1.52, 1.56, 1.6, 1.6, 1.64, 5.48, 3.72, 3.76, 3.8, 3.84, 3.88, 3.92, 3.64, 3.68, 3.72, 2.04, 3.8, 1.4, 1.44, 8.92, 4.16, 4.24, 0.68, 0.72, 0.76, 0.8, 0.84, 5.16, 4.52, 0.88, 3.68, 3.04, 2.48, 2.52, 3.24, 2.48, 0.92, 1.76, 0.96, 1.0, 1.04, 1.84, 2.76, 8.92, 8.64]

ILAO*:
Tiempo requerido: 0.096
Iteraciones requeridas: 46
Nodos expandidos: 368

RLAO*:
Tiempo requerido: 0.175
Iteraciones requeridas: 28
Nodos expandidos: 784

BLAO*:
Tiempo requerido: 0.259
Iteraciones requeridas: 29
Nodos expandidos: 1119

VI:
Tiempo requerido: 1.033
Iteraciones requeridas: 57

Media tiempo LAO: 3.605
Media iteraciones LAO: 359.0
Media expansiones LAO: 359.0

Media tiempo RLAO: 0.176
Media iteraciones RLAO: 28.0
Media expansiones RLAO: 784.0

Media tiempo ILAO: 0.096
Media iteraciones ILAO: 46.0
Media expansiones ILAO: 368.0

Media tiempo BLAO: 0.26
Media iteraciones BLAO: 29.0
Media expansiones BLAO: 1119.0

Media tiempo VI: 1.031
Media iteraciones VI: 57.0

-------------------------------------------------------
