Problema 1
-------------------------------------------------------
LAO*:
Tiempo requerido: 13.447
Iteraciones requeridas: 686
Nodos expandidos: 686
Porcentajes del conjunto Z: [0.02, 0.04, 0.06, 0.08, 0.1, 0.12, 0.14, 0.08, 0.12, 0.16, 0.12, 0.22, 0.18, 0.16, 0.18, 0.33, 0.24, 0.27, 0.29, 0.31, 0.33, 0.31, 0.33, 0.39, 0.35, 0.43, 0.45, 0.47, 0.49, 0.14, 0.49, 0.45, 0.55, 0.57, 0.59, 0.61, 0.57, 0.57, 0.16, 0.18, 0.2, 0.22, 0.22, 0.24, 0.27, 0.27, 0.24, 0.47, 0.96, 0.67, 0.78, 0.69, 0.78, 0.73, 1.06, 1.12, 1.14, 1.16, 1.08, 1.0, 1.08, 0.76, 1.27, 1.29, 1.31, 1.29, 1.31, 0.98, 0.78, 0.92, 0.86, 0.94, 0.94, 0.96, 0.98, 1.0, 1.02, 1.04, 0.08, 0.1, 0.12, 0.94, 1.27, 1.16, 1.22, 0.96, 0.98, 0.86, 0.88, 0.73, 0.76, 0.78, 0.8, 0.84, 0.86, 1.45, 0.84, 1.49, 1.49, 1.51, 1.57, 1.55, 1.59, 1.59, 1.65, 1.61, 1.69, 1.63, 1.73, 1.71, 1.73, 0.04, 1.53, 1.82, 1.45, 1.47, 1.49, 1.51, 1.53, 1.51, 1.9, 2.0, 1.65, 1.49, 1.63, 2.37, 2.22, 1.96, 0.06, 1.47, 2.0, 2.02, 2.04, 2.04, 2.06, 2.06, 2.06, 2.0, 1.94, 0.08, 0.1, 0.24, 0.12, 0.14, 2.59, 2.24, 2.2, 2.06, 2.08, 2.84, 2.9, 2.94, 2.84, 2.76, 2.0, 2.51, 2.94, 2.96, 0.82, 0.71, 2.57, 2.59, 2.12, 0.47, 3.06, 2.57, 2.59, 0.16, 0.18, 3.06, 3.1, 3.08, 2.61, 0.86, 0.86, 3.14, 0.14, 2.67, 2.51, 2.51, 0.88, 0.9, 0.98, 0.92, 3.45, 2.78, 3.47, 2.59, 2.61, 2.63, 2.65, 2.67, 2.67, 2.76, 3.73, 3.65, 3.02, 3.69, 2.71, 2.73, 2.76, 2.78, 3.86, 2.76, 2.78, 2.8, 2.82, 2.8, 0.22, 0.24, 0.27, 0.31, 0.33, 0.2, 3.04, 2.94, 4.18, 3.51, 2.96, 0.96, 0.04, 0.59, 0.57, 0.22, 0.33, 0.43, 0.57, 1.1, 1.12, 1.14, 0.16, 1.27, 4.08, 2.57, 2.86, 2.96, 4.41, 2.78, 2.96, 3.51, 3.53, 1.08, 0.98, 1.0, 1.02, 2.94, 3.16, 0.65, 2.82, 1.51, 0.63, 3.43, 1.06, 3.53, 2.06, 1.39, 3.35, 3.2, 3.22, 1.08, 1.1, 2.94, 0.16, 1.12, 2.02, 0.35, 0.65, 1.71, 1.73, 1.41, 1.43, 1.94, 2.8, 1.22, 1.24, 0.06, 0.04, 0.04, 0.06, 1.63, 0.06, 1.82, 3.43, 3.27, 4.12, 0.16, 1.49, 1.0, 0.9, 1.82, 1.76, 1.78, 1.49, 1.41, 0.1, 0.33, 0.29, 0.1, 0.14, 0.14, 0.16, 0.14, 0.69, 0.71, 1.59, 1.33, 1.18, 1.2, 1.55, 1.45, 1.22, 2.12, 3.92, 2.57, 1.29, 0.94, 1.41, 4.29, 1.37, 1.06, 2.16, 4.24, 4.27, 4.29, 4.31, 4.33, 4.31, 0.55, 0.88, 0.22, 1.55, 1.45, 1.47, 1.49, 1.51, 1.53, 1.55, 1.57, 1.59, 1.59, 1.61, 0.45, 0.47, 2.18, 0.88, 0.61, 0.49, 4.86, 4.0, 0.22, 4.16, 4.47, 0.65, 4.22, 0.24, 4.0, 1.55, 1.45, 4.65, 1.47, 1.18, 1.14, 1.16, 1.18, 1.2, 1.24, 1.27, 1.2, 6.1, 0.78, 0.8, 0.82, 0.84, 1.59, 1.61, 1.63, 0.27, 0.29, 2.08, 1.61, 1.55, 1.39, 0.88, 5.29, 4.84, 1.06, 0.57, 2.24, 1.8, 2.86, 0.9, 0.98, 3.16, 2.29, 3.24, 2.69, 2.29, 1.98, 2.0, 2.02, 5.57, 2.04, 2.06, 2.08, 5.63, 2.1, 2.12, 2.14, 2.24, 2.1, 5.9, 5.51, 5.41, 1.73, 1.76, 5.47, 5.47, 1.78, 2.37, 3.39, 2.43, 2.92, 0.22, 3.22, 3.24, 3.37, 3.31, 1.78, 1.69, 3.37, 2.57, 3.33, 0.27, 3.43, 2.59, 2.94, 3.0, 2.61, 2.71, 2.76, 2.78, 2.8, 1.45, 1.47, 4.1, 2.27, 1.9, 1.92, 1.94, 1.94, 1.96, 2.96, 1.98, 2.92, 3.59, 2.76, 2.51, 2.67, 2.0, 2.71, 2.39, 2.76, 2.47, 1.82, 2.39, 5.16, 1.69, 0.12, 5.71, 0.18, 4.76, 4.78, 5.12, 4.8, 2.49, 0.08, 0.33, 0.22, 4.94, 4.88, 4.9, 4.98, 5.0, 5.02, 5.02, 2.45, 2.08, 1.71, 0.88, 0.22, 4.9, 1.37, 0.24, 2.82, 4.92, 3.06, 3.08, 3.1, 2.59, 0.63, 4.37, 0.69, 3.98, 4.0, 0.61, 0.88, 0.29, 0.59, 1.2, 0.61, 1.18, 0.63, 0.94, 0.63, 0.31, 0.33, 4.27, 1.82, 4.39, 4.41, 1.67, 1.04, 0.35, 1.41, 0.37, 0.39, 0.41, 0.41, 0.73, 1.8, 1.73, 1.76, 1.69, 1.18, 1.92, 1.94, 1.96, 1.98, 1.98, 2.02, 2.0, 2.02, 2.04, 1.96, 1.94, 4.92, 3.73, 3.04, 3.06, 3.08, 3.12, 3.14, 2.24, 2.27, 2.29, 3.51, 2.45, 2.47, 2.45, 1.47, 1.49, 1.51, 6.39, 2.57, 1.9, 1.51, 2.41, 2.47, 2.49, 2.51, 2.43, 2.78, 1.53, 1.55, 1.57, 5.35, 4.37, 4.39, 4.41, 4.43, 3.67, 4.16, 4.18, 2.92, 3.69, 3.71, 1.98, 2.04, 2.98, 3.0, 4.94, 3.94, 0.27, 4.47, 0.33, 5.24, 0.35, 0.37, 0.39, 0.31, 4.67, 3.27, 3.24, 3.29, 0.35, 3.24, 3.27, 3.27, 3.31, 4.0, 3.59, 3.14, 3.16, 3.18, 3.2, 2.22, 2.24, 2.27, 4.12, 4.14, 4.16, 4.18, 4.18, 4.14, 4.43, 4.16, 3.94, 3.96, 3.98, 4.33, 3.9, 3.78, 3.27, 2.29, 3.86, 2.33, 2.35, 2.31, 3.73, 3.53, 1.63, 0.8, 1.22, 1.24, 1.24, 0.82, 0.41, 0.43, 0.45, 0.47, 0.94, 7.12, 1.41, 0.96, 0.98, 1.0, 1.02, 1.04, 1.02, 1.0, 0.49, 0.43, 1.49, 2.96, 0.53, 1.53, 1.04, 1.06, 0.55, 0.57, 1.65, 2.18, 0.59, 1.14, 1.71, 1.73, 2.27, 1.16, 0.63, 0.65, 0.61, 2.92, 2.98, 7.06, 1.18, 2.06]

ILAO*:
Tiempo requerido: 0.209
Iteraciones requeridas: 55
Nodos expandidos: 695

RLAO*:
Tiempo requerido: 0.359
Iteraciones requeridas: 38
Nodos expandidos: 1444

BLAO*:
Tiempo requerido: 1.314
Iteraciones requeridas: 40
Nodos expandidos: 2290

VI:
Tiempo requerido: 2.877
Iteraciones requeridas: 77

Problema 2
-------------------------------------------------------
LAO*:
Tiempo requerido: 13.08
Iteraciones requeridas: 686
Nodos expandidos: 686
Porcentajes del conjunto Z: [0.02, 0.04, 0.06, 0.08, 0.1, 0.12, 0.14, 0.08, 0.12, 0.16, 0.12, 0.22, 0.18, 0.16, 0.18, 0.33, 0.24, 0.27, 0.29, 0.31, 0.33, 0.31, 0.33, 0.39, 0.35, 0.43, 0.45, 0.47, 0.49, 0.14, 0.49, 0.45, 0.55, 0.57, 0.59, 0.61, 0.57, 0.57, 0.16, 0.18, 0.2, 0.22, 0.22, 0.24, 0.27, 0.27, 0.24, 0.47, 0.96, 0.67, 0.78, 0.69, 0.78, 0.73, 1.06, 1.12, 1.14, 1.16, 1.08, 1.0, 1.08, 0.76, 1.27, 1.29, 1.31, 1.29, 1.31, 0.98, 0.78, 0.92, 0.86, 0.94, 0.94, 0.96, 0.98, 1.0, 1.02, 1.04, 0.08, 0.1, 0.12, 0.94, 1.27, 1.16, 1.22, 0.96, 0.98, 0.86, 0.88, 0.73, 0.76, 0.78, 0.8, 0.84, 0.86, 1.45, 0.84, 1.49, 1.49, 1.51, 1.57, 1.55, 1.59, 1.59, 1.65, 1.61, 1.69, 1.63, 1.73, 1.71, 1.73, 0.04, 1.53, 1.82, 1.45, 1.47, 1.49, 1.51, 1.53, 1.51, 1.9, 2.0, 1.65, 1.49, 1.63, 2.37, 2.22, 1.96, 0.06, 1.47, 2.0, 2.02, 2.04, 2.04, 2.06, 2.06, 2.06, 2.0, 1.94, 0.08, 0.1, 0.24, 0.12, 0.14, 2.59, 2.24, 2.2, 2.06, 2.08, 2.84, 2.9, 2.94, 2.84, 2.76, 2.0, 2.51, 2.94, 2.96, 0.82, 0.71, 2.57, 2.59, 2.12, 0.47, 3.06, 2.57, 2.59, 0.16, 0.18, 3.06, 3.1, 3.08, 2.61, 0.86, 0.86, 3.14, 0.14, 2.67, 2.51, 2.51, 0.88, 0.9, 0.98, 0.92, 3.45, 2.78, 3.47, 2.59, 2.61, 2.63, 2.65, 2.67, 2.67, 2.76, 3.73, 3.65, 3.02, 3.69, 2.71, 2.73, 2.76, 2.78, 3.86, 2.76, 2.78, 2.8, 2.82, 2.8, 0.22, 0.24, 0.27, 0.31, 0.33, 0.2, 3.04, 2.94, 4.18, 3.51, 2.96, 0.96, 0.04, 0.59, 0.57, 0.22, 0.33, 0.43, 0.57, 1.1, 1.12, 1.14, 0.16, 1.27, 4.08, 2.57, 2.86, 2.96, 4.41, 2.78, 2.96, 3.51, 3.53, 1.08, 0.98, 1.0, 1.02, 2.94, 3.16, 0.65, 2.82, 1.51, 0.63, 3.43, 1.06, 3.53, 2.06, 1.39, 3.35, 3.2, 3.22, 1.08, 1.1, 2.94, 0.16, 1.12, 2.02, 0.35, 0.65, 1.71, 1.73, 1.41, 1.43, 1.94, 2.8, 1.22, 1.24, 0.06, 0.04, 0.04, 0.06, 1.63, 0.06, 1.82, 3.43, 3.27, 4.12, 0.16, 1.49, 1.0, 0.9, 1.82, 1.76, 1.78, 1.49, 1.41, 0.1, 0.33, 0.29, 0.1, 0.14, 0.14, 0.16, 0.14, 0.69, 0.71, 1.59, 1.33, 1.18, 1.2, 1.55, 1.45, 1.22, 2.12, 3.92, 2.57, 1.29, 0.94, 1.41, 4.29, 1.37, 1.06, 2.16, 4.24, 4.27, 4.29, 4.31, 4.33, 4.31, 0.55, 0.88, 0.22, 1.55, 1.45, 1.47, 1.49, 1.51, 1.53, 1.55, 1.57, 1.59, 1.59, 1.61, 0.45, 0.47, 2.18, 0.88, 0.61, 0.49, 4.86, 4.0, 0.22, 4.16, 4.47, 0.65, 4.22, 0.24, 4.0, 1.55, 1.45, 4.65, 1.47, 1.18, 1.14, 1.16, 1.18, 1.2, 1.24, 1.27, 1.2, 6.1, 0.78, 0.8, 0.82, 0.84, 1.59, 1.61, 1.63, 0.27, 0.29, 2.08, 1.61, 1.55, 1.39, 0.88, 5.29, 4.84, 1.06, 0.57, 2.24, 1.8, 2.86, 0.9, 0.98, 3.16, 2.29, 3.24, 2.69, 2.29, 1.98, 2.0, 2.02, 5.57, 2.04, 2.06, 2.08, 5.63, 2.1, 2.12, 2.14, 2.24, 2.1, 5.9, 5.51, 5.41, 1.73, 1.76, 5.47, 5.47, 1.78, 2.37, 3.39, 2.43, 2.92, 0.22, 3.22, 3.24, 3.37, 3.31, 1.78, 1.69, 3.37, 2.57, 3.33, 0.27, 3.43, 2.59, 2.94, 3.0, 2.61, 2.71, 2.76, 2.78, 2.8, 1.45, 1.47, 4.1, 2.27, 1.9, 1.92, 1.94, 1.94, 1.96, 2.96, 1.98, 2.92, 3.59, 2.76, 2.51, 2.67, 2.0, 2.71, 2.39, 2.76, 2.47, 1.82, 2.39, 5.16, 1.69, 0.12, 5.71, 0.18, 4.76, 4.78, 5.12, 4.8, 2.49, 0.08, 0.33, 0.22, 4.94, 4.88, 4.9, 4.98, 5.0, 5.02, 5.02, 2.45, 2.08, 1.71, 0.88, 0.22, 4.9, 1.37, 0.24, 2.82, 4.92, 3.06, 3.08, 3.1, 2.59, 0.63, 4.37, 0.69, 3.98, 4.0, 0.61, 0.88, 0.29, 0.59, 1.2, 0.61, 1.18, 0.63, 0.94, 0.63, 0.31, 0.33, 4.27, 1.82, 4.39, 4.41, 1.67, 1.04, 0.35, 1.41, 0.37, 0.39, 0.41, 0.41, 0.73, 1.8, 1.73, 1.76, 1.69, 1.18, 1.92, 1.94, 1.96, 1.98, 1.98, 2.02, 2.0, 2.02, 2.04, 1.96, 1.94, 4.92, 3.73, 3.04, 3.06, 3.08, 3.12, 3.14, 2.24, 2.27, 2.29, 3.51, 2.45, 2.47, 2.45, 1.47, 1.49, 1.51, 6.39, 2.57, 1.9, 1.51, 2.41, 2.47, 2.49, 2.51, 2.43, 2.78, 1.53, 1.55, 1.57, 5.35, 4.37, 4.39, 4.41, 4.43, 3.67, 4.16, 4.18, 2.92, 3.69, 3.71, 1.98, 2.04, 2.98, 3.0, 4.94, 3.94, 0.27, 4.47, 0.33, 5.24, 0.35, 0.37, 0.39, 0.31, 4.67, 3.27, 3.24, 3.29, 0.35, 3.24, 3.27, 3.27, 3.31, 4.0, 3.59, 3.14, 3.16, 3.18, 3.2, 2.22, 2.24, 2.27, 4.12, 4.14, 4.16, 4.18, 4.18, 4.14, 4.43, 4.16, 3.94, 3.96, 3.98, 4.33, 3.9, 3.78, 3.27, 2.29, 3.86, 2.33, 2.35, 2.31, 3.73, 3.53, 1.63, 0.8, 1.22, 1.24, 1.24, 0.82, 0.41, 0.43, 0.45, 0.47, 0.94, 7.12, 1.41, 0.96, 0.98, 1.0, 1.02, 1.04, 1.02, 1.0, 0.49, 0.43, 1.49, 2.96, 0.53, 1.53, 1.04, 1.06, 0.55, 0.57, 1.65, 2.18, 0.59, 1.14, 1.71, 1.73, 2.27, 1.16, 0.63, 0.65, 0.61, 2.92, 2.98, 7.06, 1.18, 2.06]

ILAO*:
Tiempo requerido: 0.209
Iteraciones requeridas: 55
Nodos expandidos: 695

RLAO*:
Tiempo requerido: 0.352
Iteraciones requeridas: 38
Nodos expandidos: 1444

BLAO*:
Tiempo requerido: 1.328
Iteraciones requeridas: 40
Nodos expandidos: 2290

VI:
Tiempo requerido: 2.875
Iteraciones requeridas: 77

Problema 3
-------------------------------------------------------
LAO*:
Tiempo requerido: 13.022
Iteraciones requeridas: 686
Nodos expandidos: 686
Porcentajes del conjunto Z: [0.02, 0.04, 0.06, 0.08, 0.1, 0.12, 0.14, 0.08, 0.12, 0.16, 0.12, 0.22, 0.18, 0.16, 0.18, 0.33, 0.24, 0.27, 0.29, 0.31, 0.33, 0.31, 0.33, 0.39, 0.35, 0.43, 0.45, 0.47, 0.49, 0.14, 0.49, 0.45, 0.55, 0.57, 0.59, 0.61, 0.57, 0.57, 0.16, 0.18, 0.2, 0.22, 0.22, 0.24, 0.27, 0.27, 0.24, 0.47, 0.96, 0.67, 0.78, 0.69, 0.78, 0.73, 1.06, 1.12, 1.14, 1.16, 1.08, 1.0, 1.08, 0.76, 1.27, 1.29, 1.31, 1.29, 1.31, 0.98, 0.78, 0.92, 0.86, 0.94, 0.94, 0.96, 0.98, 1.0, 1.02, 1.04, 0.08, 0.1, 0.12, 0.94, 1.27, 1.16, 1.22, 0.96, 0.98, 0.86, 0.88, 0.73, 0.76, 0.78, 0.8, 0.84, 0.86, 1.45, 0.84, 1.49, 1.49, 1.51, 1.57, 1.55, 1.59, 1.59, 1.65, 1.61, 1.69, 1.63, 1.73, 1.71, 1.73, 0.04, 1.53, 1.82, 1.45, 1.47, 1.49, 1.51, 1.53, 1.51, 1.9, 2.0, 1.65, 1.49, 1.63, 2.37, 2.22, 1.96, 0.06, 1.47, 2.0, 2.02, 2.04, 2.04, 2.06, 2.06, 2.06, 2.0, 1.94, 0.08, 0.1, 0.24, 0.12, 0.14, 2.59, 2.24, 2.2, 2.06, 2.08, 2.84, 2.9, 2.94, 2.84, 2.76, 2.0, 2.51, 2.94, 2.96, 0.82, 0.71, 2.57, 2.59, 2.12, 0.47, 3.06, 2.57, 2.59, 0.16, 0.18, 3.06, 3.1, 3.08, 2.61, 0.86, 0.86, 3.14, 0.14, 2.67, 2.51, 2.51, 0.88, 0.9, 0.98, 0.92, 3.45, 2.78, 3.47, 2.59, 2.61, 2.63, 2.65, 2.67, 2.67, 2.76, 3.73, 3.65, 3.02, 3.69, 2.71, 2.73, 2.76, 2.78, 3.86, 2.76, 2.78, 2.8, 2.82, 2.8, 0.22, 0.24, 0.27, 0.31, 0.33, 0.2, 3.04, 2.94, 4.18, 3.51, 2.96, 0.96, 0.04, 0.59, 0.57, 0.22, 0.33, 0.43, 0.57, 1.1, 1.12, 1.14, 0.16, 1.27, 4.08, 2.57, 2.86, 2.96, 4.41, 2.78, 2.96, 3.51, 3.53, 1.08, 0.98, 1.0, 1.02, 2.94, 3.16, 0.65, 2.82, 1.51, 0.63, 3.43, 1.06, 3.53, 2.06, 1.39, 3.35, 3.2, 3.22, 1.08, 1.1, 2.94, 0.16, 1.12, 2.02, 0.35, 0.65, 1.71, 1.73, 1.41, 1.43, 1.94, 2.8, 1.22, 1.24, 0.06, 0.04, 0.04, 0.06, 1.63, 0.06, 1.82, 3.43, 3.27, 4.12, 0.16, 1.49, 1.0, 0.9, 1.82, 1.76, 1.78, 1.49, 1.41, 0.1, 0.33, 0.29, 0.1, 0.14, 0.14, 0.16, 0.14, 0.69, 0.71, 1.59, 1.33, 1.18, 1.2, 1.55, 1.45, 1.22, 2.12, 3.92, 2.57, 1.29, 0.94, 1.41, 4.29, 1.37, 1.06, 2.16, 4.24, 4.27, 4.29, 4.31, 4.33, 4.31, 0.55, 0.88, 0.22, 1.55, 1.45, 1.47, 1.49, 1.51, 1.53, 1.55, 1.57, 1.59, 1.59, 1.61, 0.45, 0.47, 2.18, 0.88, 0.61, 0.49, 4.86, 4.0, 0.22, 4.16, 4.47, 0.65, 4.22, 0.24, 4.0, 1.55, 1.45, 4.65, 1.47, 1.18, 1.14, 1.16, 1.18, 1.2, 1.24, 1.27, 1.2, 6.1, 0.78, 0.8, 0.82, 0.84, 1.59, 1.61, 1.63, 0.27, 0.29, 2.08, 1.61, 1.55, 1.39, 0.88, 5.29, 4.84, 1.06, 0.57, 2.24, 1.8, 2.86, 0.9, 0.98, 3.16, 2.29, 3.24, 2.69, 2.29, 1.98, 2.0, 2.02, 5.57, 2.04, 2.06, 2.08, 5.63, 2.1, 2.12, 2.14, 2.24, 2.1, 5.9, 5.51, 5.41, 1.73, 1.76, 5.47, 5.47, 1.78, 2.37, 3.39, 2.43, 2.92, 0.22, 3.22, 3.24, 3.37, 3.31, 1.78, 1.69, 3.37, 2.57, 3.33, 0.27, 3.43, 2.59, 2.94, 3.0, 2.61, 2.71, 2.76, 2.78, 2.8, 1.45, 1.47, 4.1, 2.27, 1.9, 1.92, 1.94, 1.94, 1.96, 2.96, 1.98, 2.92, 3.59, 2.76, 2.51, 2.67, 2.0, 2.71, 2.39, 2.76, 2.47, 1.82, 2.39, 5.16, 1.69, 0.12, 5.71, 0.18, 4.76, 4.78, 5.12, 4.8, 2.49, 0.08, 0.33, 0.22, 4.94, 4.88, 4.9, 4.98, 5.0, 5.02, 5.02, 2.45, 2.08, 1.71, 0.88, 0.22, 4.9, 1.37, 0.24, 2.82, 4.92, 3.06, 3.08, 3.1, 2.59, 0.63, 4.37, 0.69, 3.98, 4.0, 0.61, 0.88, 0.29, 0.59, 1.2, 0.61, 1.18, 0.63, 0.94, 0.63, 0.31, 0.33, 4.27, 1.82, 4.39, 4.41, 1.67, 1.04, 0.35, 1.41, 0.37, 0.39, 0.41, 0.41, 0.73, 1.8, 1.73, 1.76, 1.69, 1.18, 1.92, 1.94, 1.96, 1.98, 1.98, 2.02, 2.0, 2.02, 2.04, 1.96, 1.94, 4.92, 3.73, 3.04, 3.06, 3.08, 3.12, 3.14, 2.24, 2.27, 2.29, 3.51, 2.45, 2.47, 2.45, 1.47, 1.49, 1.51, 6.39, 2.57, 1.9, 1.51, 2.41, 2.47, 2.49, 2.51, 2.43, 2.78, 1.53, 1.55, 1.57, 5.35, 4.37, 4.39, 4.41, 4.43, 3.67, 4.16, 4.18, 2.92, 3.69, 3.71, 1.98, 2.04, 2.98, 3.0, 4.94, 3.94, 0.27, 4.47, 0.33, 5.24, 0.35, 0.37, 0.39, 0.31, 4.67, 3.27, 3.24, 3.29, 0.35, 3.24, 3.27, 3.27, 3.31, 4.0, 3.59, 3.14, 3.16, 3.18, 3.2, 2.22, 2.24, 2.27, 4.12, 4.14, 4.16, 4.18, 4.18, 4.14, 4.43, 4.16, 3.94, 3.96, 3.98, 4.33, 3.9, 3.78, 3.27, 2.29, 3.86, 2.33, 2.35, 2.31, 3.73, 3.53, 1.63, 0.8, 1.22, 1.24, 1.24, 0.82, 0.41, 0.43, 0.45, 0.47, 0.94, 7.12, 1.41, 0.96, 0.98, 1.0, 1.02, 1.04, 1.02, 1.0, 0.49, 0.43, 1.49, 2.96, 0.53, 1.53, 1.04, 1.06, 0.55, 0.57, 1.65, 2.18, 0.59, 1.14, 1.71, 1.73, 2.27, 1.16, 0.63, 0.65, 0.61, 2.92, 2.98, 7.06, 1.18, 2.06]

ILAO*:
Tiempo requerido: 0.21
Iteraciones requeridas: 55
Nodos expandidos: 695

RLAO*:
Tiempo requerido: 0.359
Iteraciones requeridas: 38
Nodos expandidos: 1444

BLAO*:
Tiempo requerido: 1.315
Iteraciones requeridas: 40
Nodos expandidos: 2290

VI:
Tiempo requerido: 2.899
Iteraciones requeridas: 77

Problema 4
-------------------------------------------------------
LAO*:
Tiempo requerido: 12.996
Iteraciones requeridas: 686
Nodos expandidos: 686
Porcentajes del conjunto Z: [0.02, 0.04, 0.06, 0.08, 0.1, 0.12, 0.14, 0.08, 0.12, 0.16, 0.12, 0.22, 0.18, 0.16, 0.18, 0.33, 0.24, 0.27, 0.29, 0.31, 0.33, 0.31, 0.33, 0.39, 0.35, 0.43, 0.45, 0.47, 0.49, 0.14, 0.49, 0.45, 0.55, 0.57, 0.59, 0.61, 0.57, 0.57, 0.16, 0.18, 0.2, 0.22, 0.22, 0.24, 0.27, 0.27, 0.24, 0.47, 0.96, 0.67, 0.78, 0.69, 0.78, 0.73, 1.06, 1.12, 1.14, 1.16, 1.08, 1.0, 1.08, 0.76, 1.27, 1.29, 1.31, 1.29, 1.31, 0.98, 0.78, 0.92, 0.86, 0.94, 0.94, 0.96, 0.98, 1.0, 1.02, 1.04, 0.08, 0.1, 0.12, 0.94, 1.27, 1.16, 1.22, 0.96, 0.98, 0.86, 0.88, 0.73, 0.76, 0.78, 0.8, 0.84, 0.86, 1.45, 0.84, 1.49, 1.49, 1.51, 1.57, 1.55, 1.59, 1.59, 1.65, 1.61, 1.69, 1.63, 1.73, 1.71, 1.73, 0.04, 1.53, 1.82, 1.45, 1.47, 1.49, 1.51, 1.53, 1.51, 1.9, 2.0, 1.65, 1.49, 1.63, 2.37, 2.22, 1.96, 0.06, 1.47, 2.0, 2.02, 2.04, 2.04, 2.06, 2.06, 2.06, 2.0, 1.94, 0.08, 0.1, 0.24, 0.12, 0.14, 2.59, 2.24, 2.2, 2.06, 2.08, 2.84, 2.9, 2.94, 2.84, 2.76, 2.0, 2.51, 2.94, 2.96, 0.82, 0.71, 2.57, 2.59, 2.12, 0.47, 3.06, 2.57, 2.59, 0.16, 0.18, 3.06, 3.1, 3.08, 2.61, 0.86, 0.86, 3.14, 0.14, 2.67, 2.51, 2.51, 0.88, 0.9, 0.98, 0.92, 3.45, 2.78, 3.47, 2.59, 2.61, 2.63, 2.65, 2.67, 2.67, 2.76, 3.73, 3.65, 3.02, 3.69, 2.71, 2.73, 2.76, 2.78, 3.86, 2.76, 2.78, 2.8, 2.82, 2.8, 0.22, 0.24, 0.27, 0.31, 0.33, 0.2, 3.04, 2.94, 4.18, 3.51, 2.96, 0.96, 0.04, 0.59, 0.57, 0.22, 0.33, 0.43, 0.57, 1.1, 1.12, 1.14, 0.16, 1.27, 4.08, 2.57, 2.86, 2.96, 4.41, 2.78, 2.96, 3.51, 3.53, 1.08, 0.98, 1.0, 1.02, 2.94, 3.16, 0.65, 2.82, 1.51, 0.63, 3.43, 1.06, 3.53, 2.06, 1.39, 3.35, 3.2, 3.22, 1.08, 1.1, 2.94, 0.16, 1.12, 2.02, 0.35, 0.65, 1.71, 1.73, 1.41, 1.43, 1.94, 2.8, 1.22, 1.24, 0.06, 0.04, 0.04, 0.06, 1.63, 0.06, 1.82, 3.43, 3.27, 4.12, 0.16, 1.49, 1.0, 0.9, 1.82, 1.76, 1.78, 1.49, 1.41, 0.1, 0.33, 0.29, 0.1, 0.14, 0.14, 0.16, 0.14, 0.69, 0.71, 1.59, 1.33, 1.18, 1.2, 1.55, 1.45, 1.22, 2.12, 3.92, 2.57, 1.29, 0.94, 1.41, 4.29, 1.37, 1.06, 2.16, 4.24, 4.27, 4.29, 4.31, 4.33, 4.31, 0.55, 0.88, 0.22, 1.55, 1.45, 1.47, 1.49, 1.51, 1.53, 1.55, 1.57, 1.59, 1.59, 1.61, 0.45, 0.47, 2.18, 0.88, 0.61, 0.49, 4.86, 4.0, 0.22, 4.16, 4.47, 0.65, 4.22, 0.24, 4.0, 1.55, 1.45, 4.65, 1.47, 1.18, 1.14, 1.16, 1.18, 1.2, 1.24, 1.27, 1.2, 6.1, 0.78, 0.8, 0.82, 0.84, 1.59, 1.61, 1.63, 0.27, 0.29, 2.08, 1.61, 1.55, 1.39, 0.88, 5.29, 4.84, 1.06, 0.57, 2.24, 1.8, 2.86, 0.9, 0.98, 3.16, 2.29, 3.24, 2.69, 2.29, 1.98, 2.0, 2.02, 5.57, 2.04, 2.06, 2.08, 5.63, 2.1, 2.12, 2.14, 2.24, 2.1, 5.9, 5.51, 5.41, 1.73, 1.76, 5.47, 5.47, 1.78, 2.37, 3.39, 2.43, 2.92, 0.22, 3.22, 3.24, 3.37, 3.31, 1.78, 1.69, 3.37, 2.57, 3.33, 0.27, 3.43, 2.59, 2.94, 3.0, 2.61, 2.71, 2.76, 2.78, 2.8, 1.45, 1.47, 4.1, 2.27, 1.9, 1.92, 1.94, 1.94, 1.96, 2.96, 1.98, 2.92, 3.59, 2.76, 2.51, 2.67, 2.0, 2.71, 2.39, 2.76, 2.47, 1.82, 2.39, 5.16, 1.69, 0.12, 5.71, 0.18, 4.76, 4.78, 5.12, 4.8, 2.49, 0.08, 0.33, 0.22, 4.94, 4.88, 4.9, 4.98, 5.0, 5.02, 5.02, 2.45, 2.08, 1.71, 0.88, 0.22, 4.9, 1.37, 0.24, 2.82, 4.92, 3.06, 3.08, 3.1, 2.59, 0.63, 4.37, 0.69, 3.98, 4.0, 0.61, 0.88, 0.29, 0.59, 1.2, 0.61, 1.18, 0.63, 0.94, 0.63, 0.31, 0.33, 4.27, 1.82, 4.39, 4.41, 1.67, 1.04, 0.35, 1.41, 0.37, 0.39, 0.41, 0.41, 0.73, 1.8, 1.73, 1.76, 1.69, 1.18, 1.92, 1.94, 1.96, 1.98, 1.98, 2.02, 2.0, 2.02, 2.04, 1.96, 1.94, 4.92, 3.73, 3.04, 3.06, 3.08, 3.12, 3.14, 2.24, 2.27, 2.29, 3.51, 2.45, 2.47, 2.45, 1.47, 1.49, 1.51, 6.39, 2.57, 1.9, 1.51, 2.41, 2.47, 2.49, 2.51, 2.43, 2.78, 1.53, 1.55, 1.57, 5.35, 4.37, 4.39, 4.41, 4.43, 3.67, 4.16, 4.18, 2.92, 3.69, 3.71, 1.98, 2.04, 2.98, 3.0, 4.94, 3.94, 0.27, 4.47, 0.33, 5.24, 0.35, 0.37, 0.39, 0.31, 4.67, 3.27, 3.24, 3.29, 0.35, 3.24, 3.27, 3.27, 3.31, 4.0, 3.59, 3.14, 3.16, 3.18, 3.2, 2.22, 2.24, 2.27, 4.12, 4.14, 4.16, 4.18, 4.18, 4.14, 4.43, 4.16, 3.94, 3.96, 3.98, 4.33, 3.9, 3.78, 3.27, 2.29, 3.86, 2.33, 2.35, 2.31, 3.73, 3.53, 1.63, 0.8, 1.22, 1.24, 1.24, 0.82, 0.41, 0.43, 0.45, 0.47, 0.94, 7.12, 1.41, 0.96, 0.98, 1.0, 1.02, 1.04, 1.02, 1.0, 0.49, 0.43, 1.49, 2.96, 0.53, 1.53, 1.04, 1.06, 0.55, 0.57, 1.65, 2.18, 0.59, 1.14, 1.71, 1.73, 2.27, 1.16, 0.63, 0.65, 0.61, 2.92, 2.98, 7.06, 1.18, 2.06]

ILAO*:
Tiempo requerido: 0.208
Iteraciones requeridas: 55
Nodos expandidos: 695

RLAO*:
Tiempo requerido: 0.356
Iteraciones requeridas: 38
Nodos expandidos: 1444

BLAO*:
Tiempo requerido: 1.319
Iteraciones requeridas: 40
Nodos expandidos: 2290

VI:
Tiempo requerido: 2.888
Iteraciones requeridas: 77

Problema 5
-------------------------------------------------------
LAO*:
Tiempo requerido: 12.986
Iteraciones requeridas: 686
Nodos expandidos: 686
Porcentajes del conjunto Z: [0.02, 0.04, 0.06, 0.08, 0.1, 0.12, 0.14, 0.08, 0.12, 0.16, 0.12, 0.22, 0.18, 0.16, 0.18, 0.33, 0.24, 0.27, 0.29, 0.31, 0.33, 0.31, 0.33, 0.39, 0.35, 0.43, 0.45, 0.47, 0.49, 0.14, 0.49, 0.45, 0.55, 0.57, 0.59, 0.61, 0.57, 0.57, 0.16, 0.18, 0.2, 0.22, 0.22, 0.24, 0.27, 0.27, 0.24, 0.47, 0.96, 0.67, 0.78, 0.69, 0.78, 0.73, 1.06, 1.12, 1.14, 1.16, 1.08, 1.0, 1.08, 0.76, 1.27, 1.29, 1.31, 1.29, 1.31, 0.98, 0.78, 0.92, 0.86, 0.94, 0.94, 0.96, 0.98, 1.0, 1.02, 1.04, 0.08, 0.1, 0.12, 0.94, 1.27, 1.16, 1.22, 0.96, 0.98, 0.86, 0.88, 0.73, 0.76, 0.78, 0.8, 0.84, 0.86, 1.45, 0.84, 1.49, 1.49, 1.51, 1.57, 1.55, 1.59, 1.59, 1.65, 1.61, 1.69, 1.63, 1.73, 1.71, 1.73, 0.04, 1.53, 1.82, 1.45, 1.47, 1.49, 1.51, 1.53, 1.51, 1.9, 2.0, 1.65, 1.49, 1.63, 2.37, 2.22, 1.96, 0.06, 1.47, 2.0, 2.02, 2.04, 2.04, 2.06, 2.06, 2.06, 2.0, 1.94, 0.08, 0.1, 0.24, 0.12, 0.14, 2.59, 2.24, 2.2, 2.06, 2.08, 2.84, 2.9, 2.94, 2.84, 2.76, 2.0, 2.51, 2.94, 2.96, 0.82, 0.71, 2.57, 2.59, 2.12, 0.47, 3.06, 2.57, 2.59, 0.16, 0.18, 3.06, 3.1, 3.08, 2.61, 0.86, 0.86, 3.14, 0.14, 2.67, 2.51, 2.51, 0.88, 0.9, 0.98, 0.92, 3.45, 2.78, 3.47, 2.59, 2.61, 2.63, 2.65, 2.67, 2.67, 2.76, 3.73, 3.65, 3.02, 3.69, 2.71, 2.73, 2.76, 2.78, 3.86, 2.76, 2.78, 2.8, 2.82, 2.8, 0.22, 0.24, 0.27, 0.31, 0.33, 0.2, 3.04, 2.94, 4.18, 3.51, 2.96, 0.96, 0.04, 0.59, 0.57, 0.22, 0.33, 0.43, 0.57, 1.1, 1.12, 1.14, 0.16, 1.27, 4.08, 2.57, 2.86, 2.96, 4.41, 2.78, 2.96, 3.51, 3.53, 1.08, 0.98, 1.0, 1.02, 2.94, 3.16, 0.65, 2.82, 1.51, 0.63, 3.43, 1.06, 3.53, 2.06, 1.39, 3.35, 3.2, 3.22, 1.08, 1.1, 2.94, 0.16, 1.12, 2.02, 0.35, 0.65, 1.71, 1.73, 1.41, 1.43, 1.94, 2.8, 1.22, 1.24, 0.06, 0.04, 0.04, 0.06, 1.63, 0.06, 1.82, 3.43, 3.27, 4.12, 0.16, 1.49, 1.0, 0.9, 1.82, 1.76, 1.78, 1.49, 1.41, 0.1, 0.33, 0.29, 0.1, 0.14, 0.14, 0.16, 0.14, 0.69, 0.71, 1.59, 1.33, 1.18, 1.2, 1.55, 1.45, 1.22, 2.12, 3.92, 2.57, 1.29, 0.94, 1.41, 4.29, 1.37, 1.06, 2.16, 4.24, 4.27, 4.29, 4.31, 4.33, 4.31, 0.55, 0.88, 0.22, 1.55, 1.45, 1.47, 1.49, 1.51, 1.53, 1.55, 1.57, 1.59, 1.59, 1.61, 0.45, 0.47, 2.18, 0.88, 0.61, 0.49, 4.86, 4.0, 0.22, 4.16, 4.47, 0.65, 4.22, 0.24, 4.0, 1.55, 1.45, 4.65, 1.47, 1.18, 1.14, 1.16, 1.18, 1.2, 1.24, 1.27, 1.2, 6.1, 0.78, 0.8, 0.82, 0.84, 1.59, 1.61, 1.63, 0.27, 0.29, 2.08, 1.61, 1.55, 1.39, 0.88, 5.29, 4.84, 1.06, 0.57, 2.24, 1.8, 2.86, 0.9, 0.98, 3.16, 2.29, 3.24, 2.69, 2.29, 1.98, 2.0, 2.02, 5.57, 2.04, 2.06, 2.08, 5.63, 2.1, 2.12, 2.14, 2.24, 2.1, 5.9, 5.51, 5.41, 1.73, 1.76, 5.47, 5.47, 1.78, 2.37, 3.39, 2.43, 2.92, 0.22, 3.22, 3.24, 3.37, 3.31, 1.78, 1.69, 3.37, 2.57, 3.33, 0.27, 3.43, 2.59, 2.94, 3.0, 2.61, 2.71, 2.76, 2.78, 2.8, 1.45, 1.47, 4.1, 2.27, 1.9, 1.92, 1.94, 1.94, 1.96, 2.96, 1.98, 2.92, 3.59, 2.76, 2.51, 2.67, 2.0, 2.71, 2.39, 2.76, 2.47, 1.82, 2.39, 5.16, 1.69, 0.12, 5.71, 0.18, 4.76, 4.78, 5.12, 4.8, 2.49, 0.08, 0.33, 0.22, 4.94, 4.88, 4.9, 4.98, 5.0, 5.02, 5.02, 2.45, 2.08, 1.71, 0.88, 0.22, 4.9, 1.37, 0.24, 2.82, 4.92, 3.06, 3.08, 3.1, 2.59, 0.63, 4.37, 0.69, 3.98, 4.0, 0.61, 0.88, 0.29, 0.59, 1.2, 0.61, 1.18, 0.63, 0.94, 0.63, 0.31, 0.33, 4.27, 1.82, 4.39, 4.41, 1.67, 1.04, 0.35, 1.41, 0.37, 0.39, 0.41, 0.41, 0.73, 1.8, 1.73, 1.76, 1.69, 1.18, 1.92, 1.94, 1.96, 1.98, 1.98, 2.02, 2.0, 2.02, 2.04, 1.96, 1.94, 4.92, 3.73, 3.04, 3.06, 3.08, 3.12, 3.14, 2.24, 2.27, 2.29, 3.51, 2.45, 2.47, 2.45, 1.47, 1.49, 1.51, 6.39, 2.57, 1.9, 1.51, 2.41, 2.47, 2.49, 2.51, 2.43, 2.78, 1.53, 1.55, 1.57, 5.35, 4.37, 4.39, 4.41, 4.43, 3.67, 4.16, 4.18, 2.92, 3.69, 3.71, 1.98, 2.04, 2.98, 3.0, 4.94, 3.94, 0.27, 4.47, 0.33, 5.24, 0.35, 0.37, 0.39, 0.31, 4.67, 3.27, 3.24, 3.29, 0.35, 3.24, 3.27, 3.27, 3.31, 4.0, 3.59, 3.14, 3.16, 3.18, 3.2, 2.22, 2.24, 2.27, 4.12, 4.14, 4.16, 4.18, 4.18, 4.14, 4.43, 4.16, 3.94, 3.96, 3.98, 4.33, 3.9, 3.78, 3.27, 2.29, 3.86, 2.33, 2.35, 2.31, 3.73, 3.53, 1.63, 0.8, 1.22, 1.24, 1.24, 0.82, 0.41, 0.43, 0.45, 0.47, 0.94, 7.12, 1.41, 0.96, 0.98, 1.0, 1.02, 1.04, 1.02, 1.0, 0.49, 0.43, 1.49, 2.96, 0.53, 1.53, 1.04, 1.06, 0.55, 0.57, 1.65, 2.18, 0.59, 1.14, 1.71, 1.73, 2.27, 1.16, 0.63, 0.65, 0.61, 2.92, 2.98, 7.06, 1.18, 2.06]

ILAO*:
Tiempo requerido: 0.209
Iteraciones requeridas: 55
Nodos expandidos: 695

RLAO*:
Tiempo requerido: 0.375
Iteraciones requeridas: 38
Nodos expandidos: 1444

BLAO*:
Tiempo requerido: 1.327
Iteraciones requeridas: 40
Nodos expandidos: 2290

VI:
Tiempo requerido: 2.907
Iteraciones requeridas: 77

Problema 6
-------------------------------------------------------
LAO*:
Tiempo requerido: 12.971
Iteraciones requeridas: 686
Nodos expandidos: 686
Porcentajes del conjunto Z: [0.02, 0.04, 0.06, 0.08, 0.1, 0.12, 0.14, 0.08, 0.12, 0.16, 0.12, 0.22, 0.18, 0.16, 0.18, 0.33, 0.24, 0.27, 0.29, 0.31, 0.33, 0.31, 0.33, 0.39, 0.35, 0.43, 0.45, 0.47, 0.49, 0.14, 0.49, 0.45, 0.55, 0.57, 0.59, 0.61, 0.57, 0.57, 0.16, 0.18, 0.2, 0.22, 0.22, 0.24, 0.27, 0.27, 0.24, 0.47, 0.96, 0.67, 0.78, 0.69, 0.78, 0.73, 1.06, 1.12, 1.14, 1.16, 1.08, 1.0, 1.08, 0.76, 1.27, 1.29, 1.31, 1.29, 1.31, 0.98, 0.78, 0.92, 0.86, 0.94, 0.94, 0.96, 0.98, 1.0, 1.02, 1.04, 0.08, 0.1, 0.12, 0.94, 1.27, 1.16, 1.22, 0.96, 0.98, 0.86, 0.88, 0.73, 0.76, 0.78, 0.8, 0.84, 0.86, 1.45, 0.84, 1.49, 1.49, 1.51, 1.57, 1.55, 1.59, 1.59, 1.65, 1.61, 1.69, 1.63, 1.73, 1.71, 1.73, 0.04, 1.53, 1.82, 1.45, 1.47, 1.49, 1.51, 1.53, 1.51, 1.9, 2.0, 1.65, 1.49, 1.63, 2.37, 2.22, 1.96, 0.06, 1.47, 2.0, 2.02, 2.04, 2.04, 2.06, 2.06, 2.06, 2.0, 1.94, 0.08, 0.1, 0.24, 0.12, 0.14, 2.59, 2.24, 2.2, 2.06, 2.08, 2.84, 2.9, 2.94, 2.84, 2.76, 2.0, 2.51, 2.94, 2.96, 0.82, 0.71, 2.57, 2.59, 2.12, 0.47, 3.06, 2.57, 2.59, 0.16, 0.18, 3.06, 3.1, 3.08, 2.61, 0.86, 0.86, 3.14, 0.14, 2.67, 2.51, 2.51, 0.88, 0.9, 0.98, 0.92, 3.45, 2.78, 3.47, 2.59, 2.61, 2.63, 2.65, 2.67, 2.67, 2.76, 3.73, 3.65, 3.02, 3.69, 2.71, 2.73, 2.76, 2.78, 3.86, 2.76, 2.78, 2.8, 2.82, 2.8, 0.22, 0.24, 0.27, 0.31, 0.33, 0.2, 3.04, 2.94, 4.18, 3.51, 2.96, 0.96, 0.04, 0.59, 0.57, 0.22, 0.33, 0.43, 0.57, 1.1, 1.12, 1.14, 0.16, 1.27, 4.08, 2.57, 2.86, 2.96, 4.41, 2.78, 2.96, 3.51, 3.53, 1.08, 0.98, 1.0, 1.02, 2.94, 3.16, 0.65, 2.82, 1.51, 0.63, 3.43, 1.06, 3.53, 2.06, 1.39, 3.35, 3.2, 3.22, 1.08, 1.1, 2.94, 0.16, 1.12, 2.02, 0.35, 0.65, 1.71, 1.73, 1.41, 1.43, 1.94, 2.8, 1.22, 1.24, 0.06, 0.04, 0.04, 0.06, 1.63, 0.06, 1.82, 3.43, 3.27, 4.12, 0.16, 1.49, 1.0, 0.9, 1.82, 1.76, 1.78, 1.49, 1.41, 0.1, 0.33, 0.29, 0.1, 0.14, 0.14, 0.16, 0.14, 0.69, 0.71, 1.59, 1.33, 1.18, 1.2, 1.55, 1.45, 1.22, 2.12, 3.92, 2.57, 1.29, 0.94, 1.41, 4.29, 1.37, 1.06, 2.16, 4.24, 4.27, 4.29, 4.31, 4.33, 4.31, 0.55, 0.88, 0.22, 1.55, 1.45, 1.47, 1.49, 1.51, 1.53, 1.55, 1.57, 1.59, 1.59, 1.61, 0.45, 0.47, 2.18, 0.88, 0.61, 0.49, 4.86, 4.0, 0.22, 4.16, 4.47, 0.65, 4.22, 0.24, 4.0, 1.55, 1.45, 4.65, 1.47, 1.18, 1.14, 1.16, 1.18, 1.2, 1.24, 1.27, 1.2, 6.1, 0.78, 0.8, 0.82, 0.84, 1.59, 1.61, 1.63, 0.27, 0.29, 2.08, 1.61, 1.55, 1.39, 0.88, 5.29, 4.84, 1.06, 0.57, 2.24, 1.8, 2.86, 0.9, 0.98, 3.16, 2.29, 3.24, 2.69, 2.29, 1.98, 2.0, 2.02, 5.57, 2.04, 2.06, 2.08, 5.63, 2.1, 2.12, 2.14, 2.24, 2.1, 5.9, 5.51, 5.41, 1.73, 1.76, 5.47, 5.47, 1.78, 2.37, 3.39, 2.43, 2.92, 0.22, 3.22, 3.24, 3.37, 3.31, 1.78, 1.69, 3.37, 2.57, 3.33, 0.27, 3.43, 2.59, 2.94, 3.0, 2.61, 2.71, 2.76, 2.78, 2.8, 1.45, 1.47, 4.1, 2.27, 1.9, 1.92, 1.94, 1.94, 1.96, 2.96, 1.98, 2.92, 3.59, 2.76, 2.51, 2.67, 2.0, 2.71, 2.39, 2.76, 2.47, 1.82, 2.39, 5.16, 1.69, 0.12, 5.71, 0.18, 4.76, 4.78, 5.12, 4.8, 2.49, 0.08, 0.33, 0.22, 4.94, 4.88, 4.9, 4.98, 5.0, 5.02, 5.02, 2.45, 2.08, 1.71, 0.88, 0.22, 4.9, 1.37, 0.24, 2.82, 4.92, 3.06, 3.08, 3.1, 2.59, 0.63, 4.37, 0.69, 3.98, 4.0, 0.61, 0.88, 0.29, 0.59, 1.2, 0.61, 1.18, 0.63, 0.94, 0.63, 0.31, 0.33, 4.27, 1.82, 4.39, 4.41, 1.67, 1.04, 0.35, 1.41, 0.37, 0.39, 0.41, 0.41, 0.73, 1.8, 1.73, 1.76, 1.69, 1.18, 1.92, 1.94, 1.96, 1.98, 1.98, 2.02, 2.0, 2.02, 2.04, 1.96, 1.94, 4.92, 3.73, 3.04, 3.06, 3.08, 3.12, 3.14, 2.24, 2.27, 2.29, 3.51, 2.45, 2.47, 2.45, 1.47, 1.49, 1.51, 6.39, 2.57, 1.9, 1.51, 2.41, 2.47, 2.49, 2.51, 2.43, 2.78, 1.53, 1.55, 1.57, 5.35, 4.37, 4.39, 4.41, 4.43, 3.67, 4.16, 4.18, 2.92, 3.69, 3.71, 1.98, 2.04, 2.98, 3.0, 4.94, 3.94, 0.27, 4.47, 0.33, 5.24, 0.35, 0.37, 0.39, 0.31, 4.67, 3.27, 3.24, 3.29, 0.35, 3.24, 3.27, 3.27, 3.31, 4.0, 3.59, 3.14, 3.16, 3.18, 3.2, 2.22, 2.24, 2.27, 4.12, 4.14, 4.16, 4.18, 4.18, 4.14, 4.43, 4.16, 3.94, 3.96, 3.98, 4.33, 3.9, 3.78, 3.27, 2.29, 3.86, 2.33, 2.35, 2.31, 3.73, 3.53, 1.63, 0.8, 1.22, 1.24, 1.24, 0.82, 0.41, 0.43, 0.45, 0.47, 0.94, 7.12, 1.41, 0.96, 0.98, 1.0, 1.02, 1.04, 1.02, 1.0, 0.49, 0.43, 1.49, 2.96, 0.53, 1.53, 1.04, 1.06, 0.55, 0.57, 1.65, 2.18, 0.59, 1.14, 1.71, 1.73, 2.27, 1.16, 0.63, 0.65, 0.61, 2.92, 2.98, 7.06, 1.18, 2.06]

ILAO*:
Tiempo requerido: 0.207
Iteraciones requeridas: 55
Nodos expandidos: 695

RLAO*:
Tiempo requerido: 0.375
Iteraciones requeridas: 38
Nodos expandidos: 1444

BLAO*:
Tiempo requerido: 1.311
Iteraciones requeridas: 40
Nodos expandidos: 2290

VI:
Tiempo requerido: 2.882
Iteraciones requeridas: 77

Problema 7
-------------------------------------------------------
LAO*:
Tiempo requerido: 13.002
Iteraciones requeridas: 686
Nodos expandidos: 686
Porcentajes del conjunto Z: [0.02, 0.04, 0.06, 0.08, 0.1, 0.12, 0.14, 0.08, 0.12, 0.16, 0.12, 0.22, 0.18, 0.16, 0.18, 0.33, 0.24, 0.27, 0.29, 0.31, 0.33, 0.31, 0.33, 0.39, 0.35, 0.43, 0.45, 0.47, 0.49, 0.14, 0.49, 0.45, 0.55, 0.57, 0.59, 0.61, 0.57, 0.57, 0.16, 0.18, 0.2, 0.22, 0.22, 0.24, 0.27, 0.27, 0.24, 0.47, 0.96, 0.67, 0.78, 0.69, 0.78, 0.73, 1.06, 1.12, 1.14, 1.16, 1.08, 1.0, 1.08, 0.76, 1.27, 1.29, 1.31, 1.29, 1.31, 0.98, 0.78, 0.92, 0.86, 0.94, 0.94, 0.96, 0.98, 1.0, 1.02, 1.04, 0.08, 0.1, 0.12, 0.94, 1.27, 1.16, 1.22, 0.96, 0.98, 0.86, 0.88, 0.73, 0.76, 0.78, 0.8, 0.84, 0.86, 1.45, 0.84, 1.49, 1.49, 1.51, 1.57, 1.55, 1.59, 1.59, 1.65, 1.61, 1.69, 1.63, 1.73, 1.71, 1.73, 0.04, 1.53, 1.82, 1.45, 1.47, 1.49, 1.51, 1.53, 1.51, 1.9, 2.0, 1.65, 1.49, 1.63, 2.37, 2.22, 1.96, 0.06, 1.47, 2.0, 2.02, 2.04, 2.04, 2.06, 2.06, 2.06, 2.0, 1.94, 0.08, 0.1, 0.24, 0.12, 0.14, 2.59, 2.24, 2.2, 2.06, 2.08, 2.84, 2.9, 2.94, 2.84, 2.76, 2.0, 2.51, 2.94, 2.96, 0.82, 0.71, 2.57, 2.59, 2.12, 0.47, 3.06, 2.57, 2.59, 0.16, 0.18, 3.06, 3.1, 3.08, 2.61, 0.86, 0.86, 3.14, 0.14, 2.67, 2.51, 2.51, 0.88, 0.9, 0.98, 0.92, 3.45, 2.78, 3.47, 2.59, 2.61, 2.63, 2.65, 2.67, 2.67, 2.76, 3.73, 3.65, 3.02, 3.69, 2.71, 2.73, 2.76, 2.78, 3.86, 2.76, 2.78, 2.8, 2.82, 2.8, 0.22, 0.24, 0.27, 0.31, 0.33, 0.2, 3.04, 2.94, 4.18, 3.51, 2.96, 0.96, 0.04, 0.59, 0.57, 0.22, 0.33, 0.43, 0.57, 1.1, 1.12, 1.14, 0.16, 1.27, 4.08, 2.57, 2.86, 2.96, 4.41, 2.78, 2.96, 3.51, 3.53, 1.08, 0.98, 1.0, 1.02, 2.94, 3.16, 0.65, 2.82, 1.51, 0.63, 3.43, 1.06, 3.53, 2.06, 1.39, 3.35, 3.2, 3.22, 1.08, 1.1, 2.94, 0.16, 1.12, 2.02, 0.35, 0.65, 1.71, 1.73, 1.41, 1.43, 1.94, 2.8, 1.22, 1.24, 0.06, 0.04, 0.04, 0.06, 1.63, 0.06, 1.82, 3.43, 3.27, 4.12, 0.16, 1.49, 1.0, 0.9, 1.82, 1.76, 1.78, 1.49, 1.41, 0.1, 0.33, 0.29, 0.1, 0.14, 0.14, 0.16, 0.14, 0.69, 0.71, 1.59, 1.33, 1.18, 1.2, 1.55, 1.45, 1.22, 2.12, 3.92, 2.57, 1.29, 0.94, 1.41, 4.29, 1.37, 1.06, 2.16, 4.24, 4.27, 4.29, 4.31, 4.33, 4.31, 0.55, 0.88, 0.22, 1.55, 1.45, 1.47, 1.49, 1.51, 1.53, 1.55, 1.57, 1.59, 1.59, 1.61, 0.45, 0.47, 2.18, 0.88, 0.61, 0.49, 4.86, 4.0, 0.22, 4.16, 4.47, 0.65, 4.22, 0.24, 4.0, 1.55, 1.45, 4.65, 1.47, 1.18, 1.14, 1.16, 1.18, 1.2, 1.24, 1.27, 1.2, 6.1, 0.78, 0.8, 0.82, 0.84, 1.59, 1.61, 1.63, 0.27, 0.29, 2.08, 1.61, 1.55, 1.39, 0.88, 5.29, 4.84, 1.06, 0.57, 2.24, 1.8, 2.86, 0.9, 0.98, 3.16, 2.29, 3.24, 2.69, 2.29, 1.98, 2.0, 2.02, 5.57, 2.04, 2.06, 2.08, 5.63, 2.1, 2.12, 2.14, 2.24, 2.1, 5.9, 5.51, 5.41, 1.73, 1.76, 5.47, 5.47, 1.78, 2.37, 3.39, 2.43, 2.92, 0.22, 3.22, 3.24, 3.37, 3.31, 1.78, 1.69, 3.37, 2.57, 3.33, 0.27, 3.43, 2.59, 2.94, 3.0, 2.61, 2.71, 2.76, 2.78, 2.8, 1.45, 1.47, 4.1, 2.27, 1.9, 1.92, 1.94, 1.94, 1.96, 2.96, 1.98, 2.92, 3.59, 2.76, 2.51, 2.67, 2.0, 2.71, 2.39, 2.76, 2.47, 1.82, 2.39, 5.16, 1.69, 0.12, 5.71, 0.18, 4.76, 4.78, 5.12, 4.8, 2.49, 0.08, 0.33, 0.22, 4.94, 4.88, 4.9, 4.98, 5.0, 5.02, 5.02, 2.45, 2.08, 1.71, 0.88, 0.22, 4.9, 1.37, 0.24, 2.82, 4.92, 3.06, 3.08, 3.1, 2.59, 0.63, 4.37, 0.69, 3.98, 4.0, 0.61, 0.88, 0.29, 0.59, 1.2, 0.61, 1.18, 0.63, 0.94, 0.63, 0.31, 0.33, 4.27, 1.82, 4.39, 4.41, 1.67, 1.04, 0.35, 1.41, 0.37, 0.39, 0.41, 0.41, 0.73, 1.8, 1.73, 1.76, 1.69, 1.18, 1.92, 1.94, 1.96, 1.98, 1.98, 2.02, 2.0, 2.02, 2.04, 1.96, 1.94, 4.92, 3.73, 3.04, 3.06, 3.08, 3.12, 3.14, 2.24, 2.27, 2.29, 3.51, 2.45, 2.47, 2.45, 1.47, 1.49, 1.51, 6.39, 2.57, 1.9, 1.51, 2.41, 2.47, 2.49, 2.51, 2.43, 2.78, 1.53, 1.55, 1.57, 5.35, 4.37, 4.39, 4.41, 4.43, 3.67, 4.16, 4.18, 2.92, 3.69, 3.71, 1.98, 2.04, 2.98, 3.0, 4.94, 3.94, 0.27, 4.47, 0.33, 5.24, 0.35, 0.37, 0.39, 0.31, 4.67, 3.27, 3.24, 3.29, 0.35, 3.24, 3.27, 3.27, 3.31, 4.0, 3.59, 3.14, 3.16, 3.18, 3.2, 2.22, 2.24, 2.27, 4.12, 4.14, 4.16, 4.18, 4.18, 4.14, 4.43, 4.16, 3.94, 3.96, 3.98, 4.33, 3.9, 3.78, 3.27, 2.29, 3.86, 2.33, 2.35, 2.31, 3.73, 3.53, 1.63, 0.8, 1.22, 1.24, 1.24, 0.82, 0.41, 0.43, 0.45, 0.47, 0.94, 7.12, 1.41, 0.96, 0.98, 1.0, 1.02, 1.04, 1.02, 1.0, 0.49, 0.43, 1.49, 2.96, 0.53, 1.53, 1.04, 1.06, 0.55, 0.57, 1.65, 2.18, 0.59, 1.14, 1.71, 1.73, 2.27, 1.16, 0.63, 0.65, 0.61, 2.92, 2.98, 7.06, 1.18, 2.06]

ILAO*:
Tiempo requerido: 0.208
Iteraciones requeridas: 55
Nodos expandidos: 695

RLAO*:
Tiempo requerido: 0.375
Iteraciones requeridas: 38
Nodos expandidos: 1444

BLAO*:
Tiempo requerido: 1.317
Iteraciones requeridas: 40
Nodos expandidos: 2290

VI:
Tiempo requerido: 2.894
Iteraciones requeridas: 77

Problema 8
-------------------------------------------------------
LAO*:
Tiempo requerido: 13.013
Iteraciones requeridas: 686
Nodos expandidos: 686
Porcentajes del conjunto Z: [0.02, 0.04, 0.06, 0.08, 0.1, 0.12, 0.14, 0.08, 0.12, 0.16, 0.12, 0.22, 0.18, 0.16, 0.18, 0.33, 0.24, 0.27, 0.29, 0.31, 0.33, 0.31, 0.33, 0.39, 0.35, 0.43, 0.45, 0.47, 0.49, 0.14, 0.49, 0.45, 0.55, 0.57, 0.59, 0.61, 0.57, 0.57, 0.16, 0.18, 0.2, 0.22, 0.22, 0.24, 0.27, 0.27, 0.24, 0.47, 0.96, 0.67, 0.78, 0.69, 0.78, 0.73, 1.06, 1.12, 1.14, 1.16, 1.08, 1.0, 1.08, 0.76, 1.27, 1.29, 1.31, 1.29, 1.31, 0.98, 0.78, 0.92, 0.86, 0.94, 0.94, 0.96, 0.98, 1.0, 1.02, 1.04, 0.08, 0.1, 0.12, 0.94, 1.27, 1.16, 1.22, 0.96, 0.98, 0.86, 0.88, 0.73, 0.76, 0.78, 0.8, 0.84, 0.86, 1.45, 0.84, 1.49, 1.49, 1.51, 1.57, 1.55, 1.59, 1.59, 1.65, 1.61, 1.69, 1.63, 1.73, 1.71, 1.73, 0.04, 1.53, 1.82, 1.45, 1.47, 1.49, 1.51, 1.53, 1.51, 1.9, 2.0, 1.65, 1.49, 1.63, 2.37, 2.22, 1.96, 0.06, 1.47, 2.0, 2.02, 2.04, 2.04, 2.06, 2.06, 2.06, 2.0, 1.94, 0.08, 0.1, 0.24, 0.12, 0.14, 2.59, 2.24, 2.2, 2.06, 2.08, 2.84, 2.9, 2.94, 2.84, 2.76, 2.0, 2.51, 2.94, 2.96, 0.82, 0.71, 2.57, 2.59, 2.12, 0.47, 3.06, 2.57, 2.59, 0.16, 0.18, 3.06, 3.1, 3.08, 2.61, 0.86, 0.86, 3.14, 0.14, 2.67, 2.51, 2.51, 0.88, 0.9, 0.98, 0.92, 3.45, 2.78, 3.47, 2.59, 2.61, 2.63, 2.65, 2.67, 2.67, 2.76, 3.73, 3.65, 3.02, 3.69, 2.71, 2.73, 2.76, 2.78, 3.86, 2.76, 2.78, 2.8, 2.82, 2.8, 0.22, 0.24, 0.27, 0.31, 0.33, 0.2, 3.04, 2.94, 4.18, 3.51, 2.96, 0.96, 0.04, 0.59, 0.57, 0.22, 0.33, 0.43, 0.57, 1.1, 1.12, 1.14, 0.16, 1.27, 4.08, 2.57, 2.86, 2.96, 4.41, 2.78, 2.96, 3.51, 3.53, 1.08, 0.98, 1.0, 1.02, 2.94, 3.16, 0.65, 2.82, 1.51, 0.63, 3.43, 1.06, 3.53, 2.06, 1.39, 3.35, 3.2, 3.22, 1.08, 1.1, 2.94, 0.16, 1.12, 2.02, 0.35, 0.65, 1.71, 1.73, 1.41, 1.43, 1.94, 2.8, 1.22, 1.24, 0.06, 0.04, 0.04, 0.06, 1.63, 0.06, 1.82, 3.43, 3.27, 4.12, 0.16, 1.49, 1.0, 0.9, 1.82, 1.76, 1.78, 1.49, 1.41, 0.1, 0.33, 0.29, 0.1, 0.14, 0.14, 0.16, 0.14, 0.69, 0.71, 1.59, 1.33, 1.18, 1.2, 1.55, 1.45, 1.22, 2.12, 3.92, 2.57, 1.29, 0.94, 1.41, 4.29, 1.37, 1.06, 2.16, 4.24, 4.27, 4.29, 4.31, 4.33, 4.31, 0.55, 0.88, 0.22, 1.55, 1.45, 1.47, 1.49, 1.51, 1.53, 1.55, 1.57, 1.59, 1.59, 1.61, 0.45, 0.47, 2.18, 0.88, 0.61, 0.49, 4.86, 4.0, 0.22, 4.16, 4.47, 0.65, 4.22, 0.24, 4.0, 1.55, 1.45, 4.65, 1.47, 1.18, 1.14, 1.16, 1.18, 1.2, 1.24, 1.27, 1.2, 6.1, 0.78, 0.8, 0.82, 0.84, 1.59, 1.61, 1.63, 0.27, 0.29, 2.08, 1.61, 1.55, 1.39, 0.88, 5.29, 4.84, 1.06, 0.57, 2.24, 1.8, 2.86, 0.9, 0.98, 3.16, 2.29, 3.24, 2.69, 2.29, 1.98, 2.0, 2.02, 5.57, 2.04, 2.06, 2.08, 5.63, 2.1, 2.12, 2.14, 2.24, 2.1, 5.9, 5.51, 5.41, 1.73, 1.76, 5.47, 5.47, 1.78, 2.37, 3.39, 2.43, 2.92, 0.22, 3.22, 3.24, 3.37, 3.31, 1.78, 1.69, 3.37, 2.57, 3.33, 0.27, 3.43, 2.59, 2.94, 3.0, 2.61, 2.71, 2.76, 2.78, 2.8, 1.45, 1.47, 4.1, 2.27, 1.9, 1.92, 1.94, 1.94, 1.96, 2.96, 1.98, 2.92, 3.59, 2.76, 2.51, 2.67, 2.0, 2.71, 2.39, 2.76, 2.47, 1.82, 2.39, 5.16, 1.69, 0.12, 5.71, 0.18, 4.76, 4.78, 5.12, 4.8, 2.49, 0.08, 0.33, 0.22, 4.94, 4.88, 4.9, 4.98, 5.0, 5.02, 5.02, 2.45, 2.08, 1.71, 0.88, 0.22, 4.9, 1.37, 0.24, 2.82, 4.92, 3.06, 3.08, 3.1, 2.59, 0.63, 4.37, 0.69, 3.98, 4.0, 0.61, 0.88, 0.29, 0.59, 1.2, 0.61, 1.18, 0.63, 0.94, 0.63, 0.31, 0.33, 4.27, 1.82, 4.39, 4.41, 1.67, 1.04, 0.35, 1.41, 0.37, 0.39, 0.41, 0.41, 0.73, 1.8, 1.73, 1.76, 1.69, 1.18, 1.92, 1.94, 1.96, 1.98, 1.98, 2.02, 2.0, 2.02, 2.04, 1.96, 1.94, 4.92, 3.73, 3.04, 3.06, 3.08, 3.12, 3.14, 2.24, 2.27, 2.29, 3.51, 2.45, 2.47, 2.45, 1.47, 1.49, 1.51, 6.39, 2.57, 1.9, 1.51, 2.41, 2.47, 2.49, 2.51, 2.43, 2.78, 1.53, 1.55, 1.57, 5.35, 4.37, 4.39, 4.41, 4.43, 3.67, 4.16, 4.18, 2.92, 3.69, 3.71, 1.98, 2.04, 2.98, 3.0, 4.94, 3.94, 0.27, 4.47, 0.33, 5.24, 0.35, 0.37, 0.39, 0.31, 4.67, 3.27, 3.24, 3.29, 0.35, 3.24, 3.27, 3.27, 3.31, 4.0, 3.59, 3.14, 3.16, 3.18, 3.2, 2.22, 2.24, 2.27, 4.12, 4.14, 4.16, 4.18, 4.18, 4.14, 4.43, 4.16, 3.94, 3.96, 3.98, 4.33, 3.9, 3.78, 3.27, 2.29, 3.86, 2.33, 2.35, 2.31, 3.73, 3.53, 1.63, 0.8, 1.22, 1.24, 1.24, 0.82, 0.41, 0.43, 0.45, 0.47, 0.94, 7.12, 1.41, 0.96, 0.98, 1.0, 1.02, 1.04, 1.02, 1.0, 0.49, 0.43, 1.49, 2.96, 0.53, 1.53, 1.04, 1.06, 0.55, 0.57, 1.65, 2.18, 0.59, 1.14, 1.71, 1.73, 2.27, 1.16, 0.63, 0.65, 0.61, 2.92, 2.98, 7.06, 1.18, 2.06]

ILAO*:
Tiempo requerido: 0.209
Iteraciones requeridas: 55
Nodos expandidos: 695

RLAO*:
Tiempo requerido: 0.371
Iteraciones requeridas: 38
Nodos expandidos: 1444

BLAO*:
Tiempo requerido: 1.338
Iteraciones requeridas: 40
Nodos expandidos: 2290

VI:
Tiempo requerido: 2.89
Iteraciones requeridas: 77

Problema 9
-------------------------------------------------------
LAO*:
Tiempo requerido: 13.03
Iteraciones requeridas: 686
Nodos expandidos: 686
Porcentajes del conjunto Z: [0.02, 0.04, 0.06, 0.08, 0.1, 0.12, 0.14, 0.08, 0.12, 0.16, 0.12, 0.22, 0.18, 0.16, 0.18, 0.33, 0.24, 0.27, 0.29, 0.31, 0.33, 0.31, 0.33, 0.39, 0.35, 0.43, 0.45, 0.47, 0.49, 0.14, 0.49, 0.45, 0.55, 0.57, 0.59, 0.61, 0.57, 0.57, 0.16, 0.18, 0.2, 0.22, 0.22, 0.24, 0.27, 0.27, 0.24, 0.47, 0.96, 0.67, 0.78, 0.69, 0.78, 0.73, 1.06, 1.12, 1.14, 1.16, 1.08, 1.0, 1.08, 0.76, 1.27, 1.29, 1.31, 1.29, 1.31, 0.98, 0.78, 0.92, 0.86, 0.94, 0.94, 0.96, 0.98, 1.0, 1.02, 1.04, 0.08, 0.1, 0.12, 0.94, 1.27, 1.16, 1.22, 0.96, 0.98, 0.86, 0.88, 0.73, 0.76, 0.78, 0.8, 0.84, 0.86, 1.45, 0.84, 1.49, 1.49, 1.51, 1.57, 1.55, 1.59, 1.59, 1.65, 1.61, 1.69, 1.63, 1.73, 1.71, 1.73, 0.04, 1.53, 1.82, 1.45, 1.47, 1.49, 1.51, 1.53, 1.51, 1.9, 2.0, 1.65, 1.49, 1.63, 2.37, 2.22, 1.96, 0.06, 1.47, 2.0, 2.02, 2.04, 2.04, 2.06, 2.06, 2.06, 2.0, 1.94, 0.08, 0.1, 0.24, 0.12, 0.14, 2.59, 2.24, 2.2, 2.06, 2.08, 2.84, 2.9, 2.94, 2.84, 2.76, 2.0, 2.51, 2.94, 2.96, 0.82, 0.71, 2.57, 2.59, 2.12, 0.47, 3.06, 2.57, 2.59, 0.16, 0.18, 3.06, 3.1, 3.08, 2.61, 0.86, 0.86, 3.14, 0.14, 2.67, 2.51, 2.51, 0.88, 0.9, 0.98, 0.92, 3.45, 2.78, 3.47, 2.59, 2.61, 2.63, 2.65, 2.67, 2.67, 2.76, 3.73, 3.65, 3.02, 3.69, 2.71, 2.73, 2.76, 2.78, 3.86, 2.76, 2.78, 2.8, 2.82, 2.8, 0.22, 0.24, 0.27, 0.31, 0.33, 0.2, 3.04, 2.94, 4.18, 3.51, 2.96, 0.96, 0.04, 0.59, 0.57, 0.22, 0.33, 0.43, 0.57, 1.1, 1.12, 1.14, 0.16, 1.27, 4.08, 2.57, 2.86, 2.96, 4.41, 2.78, 2.96, 3.51, 3.53, 1.08, 0.98, 1.0, 1.02, 2.94, 3.16, 0.65, 2.82, 1.51, 0.63, 3.43, 1.06, 3.53, 2.06, 1.39, 3.35, 3.2, 3.22, 1.08, 1.1, 2.94, 0.16, 1.12, 2.02, 0.35, 0.65, 1.71, 1.73, 1.41, 1.43, 1.94, 2.8, 1.22, 1.24, 0.06, 0.04, 0.04, 0.06, 1.63, 0.06, 1.82, 3.43, 3.27, 4.12, 0.16, 1.49, 1.0, 0.9, 1.82, 1.76, 1.78, 1.49, 1.41, 0.1, 0.33, 0.29, 0.1, 0.14, 0.14, 0.16, 0.14, 0.69, 0.71, 1.59, 1.33, 1.18, 1.2, 1.55, 1.45, 1.22, 2.12, 3.92, 2.57, 1.29, 0.94, 1.41, 4.29, 1.37, 1.06, 2.16, 4.24, 4.27, 4.29, 4.31, 4.33, 4.31, 0.55, 0.88, 0.22, 1.55, 1.45, 1.47, 1.49, 1.51, 1.53, 1.55, 1.57, 1.59, 1.59, 1.61, 0.45, 0.47, 2.18, 0.88, 0.61, 0.49, 4.86, 4.0, 0.22, 4.16, 4.47, 0.65, 4.22, 0.24, 4.0, 1.55, 1.45, 4.65, 1.47, 1.18, 1.14, 1.16, 1.18, 1.2, 1.24, 1.27, 1.2, 6.1, 0.78, 0.8, 0.82, 0.84, 1.59, 1.61, 1.63, 0.27, 0.29, 2.08, 1.61, 1.55, 1.39, 0.88, 5.29, 4.84, 1.06, 0.57, 2.24, 1.8, 2.86, 0.9, 0.98, 3.16, 2.29, 3.24, 2.69, 2.29, 1.98, 2.0, 2.02, 5.57, 2.04, 2.06, 2.08, 5.63, 2.1, 2.12, 2.14, 2.24, 2.1, 5.9, 5.51, 5.41, 1.73, 1.76, 5.47, 5.47, 1.78, 2.37, 3.39, 2.43, 2.92, 0.22, 3.22, 3.24, 3.37, 3.31, 1.78, 1.69, 3.37, 2.57, 3.33, 0.27, 3.43, 2.59, 2.94, 3.0, 2.61, 2.71, 2.76, 2.78, 2.8, 1.45, 1.47, 4.1, 2.27, 1.9, 1.92, 1.94, 1.94, 1.96, 2.96, 1.98, 2.92, 3.59, 2.76, 2.51, 2.67, 2.0, 2.71, 2.39, 2.76, 2.47, 1.82, 2.39, 5.16, 1.69, 0.12, 5.71, 0.18, 4.76, 4.78, 5.12, 4.8, 2.49, 0.08, 0.33, 0.22, 4.94, 4.88, 4.9, 4.98, 5.0, 5.02, 5.02, 2.45, 2.08, 1.71, 0.88, 0.22, 4.9, 1.37, 0.24, 2.82, 4.92, 3.06, 3.08, 3.1, 2.59, 0.63, 4.37, 0.69, 3.98, 4.0, 0.61, 0.88, 0.29, 0.59, 1.2, 0.61, 1.18, 0.63, 0.94, 0.63, 0.31, 0.33, 4.27, 1.82, 4.39, 4.41, 1.67, 1.04, 0.35, 1.41, 0.37, 0.39, 0.41, 0.41, 0.73, 1.8, 1.73, 1.76, 1.69, 1.18, 1.92, 1.94, 1.96, 1.98, 1.98, 2.02, 2.0, 2.02, 2.04, 1.96, 1.94, 4.92, 3.73, 3.04, 3.06, 3.08, 3.12, 3.14, 2.24, 2.27, 2.29, 3.51, 2.45, 2.47, 2.45, 1.47, 1.49, 1.51, 6.39, 2.57, 1.9, 1.51, 2.41, 2.47, 2.49, 2.51, 2.43, 2.78, 1.53, 1.55, 1.57, 5.35, 4.37, 4.39, 4.41, 4.43, 3.67, 4.16, 4.18, 2.92, 3.69, 3.71, 1.98, 2.04, 2.98, 3.0, 4.94, 3.94, 0.27, 4.47, 0.33, 5.24, 0.35, 0.37, 0.39, 0.31, 4.67, 3.27, 3.24, 3.29, 0.35, 3.24, 3.27, 3.27, 3.31, 4.0, 3.59, 3.14, 3.16, 3.18, 3.2, 2.22, 2.24, 2.27, 4.12, 4.14, 4.16, 4.18, 4.18, 4.14, 4.43, 4.16, 3.94, 3.96, 3.98, 4.33, 3.9, 3.78, 3.27, 2.29, 3.86, 2.33, 2.35, 2.31, 3.73, 3.53, 1.63, 0.8, 1.22, 1.24, 1.24, 0.82, 0.41, 0.43, 0.45, 0.47, 0.94, 7.12, 1.41, 0.96, 0.98, 1.0, 1.02, 1.04, 1.02, 1.0, 0.49, 0.43, 1.49, 2.96, 0.53, 1.53, 1.04, 1.06, 0.55, 0.57, 1.65, 2.18, 0.59, 1.14, 1.71, 1.73, 2.27, 1.16, 0.63, 0.65, 0.61, 2.92, 2.98, 7.06, 1.18, 2.06]

ILAO*:
Tiempo requerido: 0.207
Iteraciones requeridas: 55
Nodos expandidos: 695

RLAO*:
Tiempo requerido: 0.355
Iteraciones requeridas: 38
Nodos expandidos: 1444

BLAO*:
Tiempo requerido: 1.338
Iteraciones requeridas: 40
Nodos expandidos: 2290

VI:
Tiempo requerido: 2.924
Iteraciones requeridas: 77

Problema 10
-------------------------------------------------------
LAO*:
Tiempo requerido: 13.785
Iteraciones requeridas: 686
Nodos expandidos: 686
Porcentajes del conjunto Z: [0.02, 0.04, 0.06, 0.08, 0.1, 0.12, 0.14, 0.08, 0.12, 0.16, 0.12, 0.22, 0.18, 0.16, 0.18, 0.33, 0.24, 0.27, 0.29, 0.31, 0.33, 0.31, 0.33, 0.39, 0.35, 0.43, 0.45, 0.47, 0.49, 0.14, 0.49, 0.45, 0.55, 0.57, 0.59, 0.61, 0.57, 0.57, 0.16, 0.18, 0.2, 0.22, 0.22, 0.24, 0.27, 0.27, 0.24, 0.47, 0.96, 0.67, 0.78, 0.69, 0.78, 0.73, 1.06, 1.12, 1.14, 1.16, 1.08, 1.0, 1.08, 0.76, 1.27, 1.29, 1.31, 1.29, 1.31, 0.98, 0.78, 0.92, 0.86, 0.94, 0.94, 0.96, 0.98, 1.0, 1.02, 1.04, 0.08, 0.1, 0.12, 0.94, 1.27, 1.16, 1.22, 0.96, 0.98, 0.86, 0.88, 0.73, 0.76, 0.78, 0.8, 0.84, 0.86, 1.45, 0.84, 1.49, 1.49, 1.51, 1.57, 1.55, 1.59, 1.59, 1.65, 1.61, 1.69, 1.63, 1.73, 1.71, 1.73, 0.04, 1.53, 1.82, 1.45, 1.47, 1.49, 1.51, 1.53, 1.51, 1.9, 2.0, 1.65, 1.49, 1.63, 2.37, 2.22, 1.96, 0.06, 1.47, 2.0, 2.02, 2.04, 2.04, 2.06, 2.06, 2.06, 2.0, 1.94, 0.08, 0.1, 0.24, 0.12, 0.14, 2.59, 2.24, 2.2, 2.06, 2.08, 2.84, 2.9, 2.94, 2.84, 2.76, 2.0, 2.51, 2.94, 2.96, 0.82, 0.71, 2.57, 2.59, 2.12, 0.47, 3.06, 2.57, 2.59, 0.16, 0.18, 3.06, 3.1, 3.08, 2.61, 0.86, 0.86, 3.14, 0.14, 2.67, 2.51, 2.51, 0.88, 0.9, 0.98, 0.92, 3.45, 2.78, 3.47, 2.59, 2.61, 2.63, 2.65, 2.67, 2.67, 2.76, 3.73, 3.65, 3.02, 3.69, 2.71, 2.73, 2.76, 2.78, 3.86, 2.76, 2.78, 2.8, 2.82, 2.8, 0.22, 0.24, 0.27, 0.31, 0.33, 0.2, 3.04, 2.94, 4.18, 3.51, 2.96, 0.96, 0.04, 0.59, 0.57, 0.22, 0.33, 0.43, 0.57, 1.1, 1.12, 1.14, 0.16, 1.27, 4.08, 2.57, 2.86, 2.96, 4.41, 2.78, 2.96, 3.51, 3.53, 1.08, 0.98, 1.0, 1.02, 2.94, 3.16, 0.65, 2.82, 1.51, 0.63, 3.43, 1.06, 3.53, 2.06, 1.39, 3.35, 3.2, 3.22, 1.08, 1.1, 2.94, 0.16, 1.12, 2.02, 0.35, 0.65, 1.71, 1.73, 1.41, 1.43, 1.94, 2.8, 1.22, 1.24, 0.06, 0.04, 0.04, 0.06, 1.63, 0.06, 1.82, 3.43, 3.27, 4.12, 0.16, 1.49, 1.0, 0.9, 1.82, 1.76, 1.78, 1.49, 1.41, 0.1, 0.33, 0.29, 0.1, 0.14, 0.14, 0.16, 0.14, 0.69, 0.71, 1.59, 1.33, 1.18, 1.2, 1.55, 1.45, 1.22, 2.12, 3.92, 2.57, 1.29, 0.94, 1.41, 4.29, 1.37, 1.06, 2.16, 4.24, 4.27, 4.29, 4.31, 4.33, 4.31, 0.55, 0.88, 0.22, 1.55, 1.45, 1.47, 1.49, 1.51, 1.53, 1.55, 1.57, 1.59, 1.59, 1.61, 0.45, 0.47, 2.18, 0.88, 0.61, 0.49, 4.86, 4.0, 0.22, 4.16, 4.47, 0.65, 4.22, 0.24, 4.0, 1.55, 1.45, 4.65, 1.47, 1.18, 1.14, 1.16, 1.18, 1.2, 1.24, 1.27, 1.2, 6.1, 0.78, 0.8, 0.82, 0.84, 1.59, 1.61, 1.63, 0.27, 0.29, 2.08, 1.61, 1.55, 1.39, 0.88, 5.29, 4.84, 1.06, 0.57, 2.24, 1.8, 2.86, 0.9, 0.98, 3.16, 2.29, 3.24, 2.69, 2.29, 1.98, 2.0, 2.02, 5.57, 2.04, 2.06, 2.08, 5.63, 2.1, 2.12, 2.14, 2.24, 2.1, 5.9, 5.51, 5.41, 1.73, 1.76, 5.47, 5.47, 1.78, 2.37, 3.39, 2.43, 2.92, 0.22, 3.22, 3.24, 3.37, 3.31, 1.78, 1.69, 3.37, 2.57, 3.33, 0.27, 3.43, 2.59, 2.94, 3.0, 2.61, 2.71, 2.76, 2.78, 2.8, 1.45, 1.47, 4.1, 2.27, 1.9, 1.92, 1.94, 1.94, 1.96, 2.96, 1.98, 2.92, 3.59, 2.76, 2.51, 2.67, 2.0, 2.71, 2.39, 2.76, 2.47, 1.82, 2.39, 5.16, 1.69, 0.12, 5.71, 0.18, 4.76, 4.78, 5.12, 4.8, 2.49, 0.08, 0.33, 0.22, 4.94, 4.88, 4.9, 4.98, 5.0, 5.02, 5.02, 2.45, 2.08, 1.71, 0.88, 0.22, 4.9, 1.37, 0.24, 2.82, 4.92, 3.06, 3.08, 3.1, 2.59, 0.63, 4.37, 0.69, 3.98, 4.0, 0.61, 0.88, 0.29, 0.59, 1.2, 0.61, 1.18, 0.63, 0.94, 0.63, 0.31, 0.33, 4.27, 1.82, 4.39, 4.41, 1.67, 1.04, 0.35, 1.41, 0.37, 0.39, 0.41, 0.41, 0.73, 1.8, 1.73, 1.76, 1.69, 1.18, 1.92, 1.94, 1.96, 1.98, 1.98, 2.02, 2.0, 2.02, 2.04, 1.96, 1.94, 4.92, 3.73, 3.04, 3.06, 3.08, 3.12, 3.14, 2.24, 2.27, 2.29, 3.51, 2.45, 2.47, 2.45, 1.47, 1.49, 1.51, 6.39, 2.57, 1.9, 1.51, 2.41, 2.47, 2.49, 2.51, 2.43, 2.78, 1.53, 1.55, 1.57, 5.35, 4.37, 4.39, 4.41, 4.43, 3.67, 4.16, 4.18, 2.92, 3.69, 3.71, 1.98, 2.04, 2.98, 3.0, 4.94, 3.94, 0.27, 4.47, 0.33, 5.24, 0.35, 0.37, 0.39, 0.31, 4.67, 3.27, 3.24, 3.29, 0.35, 3.24, 3.27, 3.27, 3.31, 4.0, 3.59, 3.14, 3.16, 3.18, 3.2, 2.22, 2.24, 2.27, 4.12, 4.14, 4.16, 4.18, 4.18, 4.14, 4.43, 4.16, 3.94, 3.96, 3.98, 4.33, 3.9, 3.78, 3.27, 2.29, 3.86, 2.33, 2.35, 2.31, 3.73, 3.53, 1.63, 0.8, 1.22, 1.24, 1.24, 0.82, 0.41, 0.43, 0.45, 0.47, 0.94, 7.12, 1.41, 0.96, 0.98, 1.0, 1.02, 1.04, 1.02, 1.0, 0.49, 0.43, 1.49, 2.96, 0.53, 1.53, 1.04, 1.06, 0.55, 0.57, 1.65, 2.18, 0.59, 1.14, 1.71, 1.73, 2.27, 1.16, 0.63, 0.65, 0.61, 2.92, 2.98, 7.06, 1.18, 2.06]

ILAO*:
Tiempo requerido: 0.22
Iteraciones requeridas: 55
Nodos expandidos: 695

RLAO*:
Tiempo requerido: 0.407
Iteraciones requeridas: 38
Nodos expandidos: 1444

BLAO*:
Tiempo requerido: 1.394
Iteraciones requeridas: 40
Nodos expandidos: 2290

VI:
Tiempo requerido: 2.985
Iteraciones requeridas: 77

Media tiempo LAO: 13.133
Media iteraciones LAO: 686.0
Media expansiones LAO: 686.0

Media tiempo RLAO: 0.368
Media iteraciones RLAO: 38.0
Media expansiones RLAO: 1444.0

Media tiempo ILAO: 0.21
Media iteraciones ILAO: 55.0
Media expansiones ILAO: 695.0

Media tiempo BLAO: 1.33
Media iteraciones BLAO: 40.0
Media expansiones BLAO: 2290.0

Media tiempo VI: 2.902
Media iteraciones VI: 77.0

-------------------------------------------------------
