Problema 1
-------------------------------------------------------
LAO*:
Tiempo requerido: 1.431
Iteraciones requeridas: 224
Nodos expandidos: 224
Porcentajes del conjunto Z: [0.06, 0.12, 0.19, 0.25, 0.12, 0.31, 0.38, 0.38, 0.44, 0.38, 0.44, 0.5, 0.56, 0.25, 0.19, 0.25, 0.44, 0.31, 0.94, 0.38, 0.44, 0.5, 0.56, 0.5, 1.44, 1.5, 1.56, 1.62, 0.56, 0.62, 0.69, 0.75, 0.69, 1.94, 1.75, 1.81, 1.88, 1.81, 1.88, 1.94, 0.88, 1.62, 2.5, 2.75, 2.69, 2.75, 2.81, 2.0, 2.94, 2.81, 3.12, 2.88, 3.31, 3.31, 1.12, 3.31, 3.38, 3.38, 3.12, 2.81, 3.81, 3.25, 3.31, 3.38, 3.44, 3.69, 2.25, 1.75, 1.25, 0.19, 2.81, 2.69, 1.38, 2.75, 0.31, 2.0, 1.5, 1.56, 3.19, 3.25, 3.31, 3.56, 4.12, 4.88, 4.19, 5.0, 3.06, 2.19, 0.75, 2.56, 0.56, 0.44, 1.62, 0.56, 0.81, 2.94, 3.0, 5.06, 1.31, 4.56, 0.44, 0.88, 0.94, 1.25, 0.94, 4.69, 0.12, 0.31, 4.31, 4.38, 4.44, 3.38, 5.06, 4.12, 4.19, 1.06, 4.69, 4.75, 3.75, 3.81, 3.88, 3.88, 4.0, 3.69, 3.06, 3.06, 3.5, 3.56, 3.62, 3.69, 3.75, 1.0, 0.38, 2.38, 0.19, 1.56, 1.62, 1.69, 2.06, 1.69, 2.25, 0.44, 0.5, 3.25, 2.31, 2.38, 2.44, 2.5, 2.56, 2.62, 2.5, 2.62, 5.75, 2.88, 1.75, 1.81, 1.38, 0.56, 0.62, 0.69, 0.75, 0.88, 0.5, 1.62, 1.12, 0.56, 0.62, 0.69, 0.75, 0.88, 1.0, 1.38, 0.75, 0.81, 0.88, 0.94, 1.12, 1.0, 1.06, 1.12, 1.19, 1.25, 0.94, 1.0, 1.38, 1.06, 1.12, 1.12, 1.25, 1.31, 1.38, 5.12, 1.44, 7.31, 5.88, 6.06, 6.12, 5.44, 1.62, 6.19, 5.0, 3.69, 2.69, 3.62, 0.88, 1.81, 1.88, 1.06, 1.12, 1.19, 1.19, 1.44, 1.5, 6.5, 2.19, 0.94, 1.19, 1.25, 1.31, 3.0, 1.12, 1.0, 1.25, 7.25]

ILAO*:
Tiempo requerido: 0.048
Iteraciones requeridas: 31
Nodos expandidos: 222

RLAO*:
Tiempo requerido: 0.066
Iteraciones requeridas: 21
Nodos expandidos: 441

BLAO*:
Tiempo requerido: 0.182
Iteraciones requeridas: 27
Nodos expandidos: 828

VI:
Tiempo requerido: 0.5
Iteraciones requeridas: 46

Problema 2
-------------------------------------------------------
LAO*:
Tiempo requerido: 1.43
Iteraciones requeridas: 224
Nodos expandidos: 224
Porcentajes del conjunto Z: [0.06, 0.12, 0.19, 0.25, 0.12, 0.31, 0.38, 0.38, 0.44, 0.38, 0.44, 0.5, 0.56, 0.25, 0.19, 0.25, 0.44, 0.31, 0.94, 0.38, 0.44, 0.5, 0.56, 0.5, 1.44, 1.5, 1.56, 1.62, 0.56, 0.62, 0.69, 0.75, 0.69, 1.94, 1.75, 1.81, 1.88, 1.81, 1.88, 1.94, 0.88, 1.62, 2.5, 2.75, 2.69, 2.75, 2.81, 2.0, 2.94, 2.81, 3.12, 2.88, 3.31, 3.31, 1.12, 3.31, 3.38, 3.38, 3.12, 2.81, 3.81, 3.25, 3.31, 3.38, 3.44, 3.69, 2.25, 1.75, 1.25, 0.19, 2.81, 2.69, 1.38, 2.75, 0.31, 2.0, 1.5, 1.56, 3.19, 3.25, 3.31, 3.56, 4.12, 4.88, 4.19, 5.0, 3.06, 2.19, 0.75, 2.56, 0.56, 0.44, 1.62, 0.56, 0.81, 2.94, 3.0, 5.06, 1.31, 4.56, 0.44, 0.88, 0.94, 1.25, 0.94, 4.69, 0.12, 0.31, 4.31, 4.38, 4.44, 3.38, 5.06, 4.12, 4.19, 1.06, 4.69, 4.75, 3.75, 3.81, 3.88, 3.88, 4.0, 3.69, 3.06, 3.06, 3.5, 3.56, 3.62, 3.69, 3.75, 1.0, 0.38, 2.38, 0.19, 1.56, 1.62, 1.69, 2.06, 1.69, 2.25, 0.44, 0.5, 3.25, 2.31, 2.38, 2.44, 2.5, 2.56, 2.62, 2.5, 2.62, 5.75, 2.88, 1.75, 1.81, 1.38, 0.56, 0.62, 0.69, 0.75, 0.88, 0.5, 1.62, 1.12, 0.56, 0.62, 0.69, 0.75, 0.88, 1.0, 1.38, 0.75, 0.81, 0.88, 0.94, 1.12, 1.0, 1.06, 1.12, 1.19, 1.25, 0.94, 1.0, 1.38, 1.06, 1.12, 1.12, 1.25, 1.31, 1.38, 5.12, 1.44, 7.31, 5.88, 6.06, 6.12, 5.44, 1.62, 6.19, 5.0, 3.69, 2.69, 3.62, 0.88, 1.81, 1.88, 1.06, 1.12, 1.19, 1.19, 1.44, 1.5, 6.5, 2.19, 0.94, 1.19, 1.25, 1.31, 3.0, 1.12, 1.0, 1.25, 7.25]

ILAO*:
Tiempo requerido: 0.047
Iteraciones requeridas: 31
Nodos expandidos: 222

RLAO*:
Tiempo requerido: 0.067
Iteraciones requeridas: 21
Nodos expandidos: 441

BLAO*:
Tiempo requerido: 0.182
Iteraciones requeridas: 27
Nodos expandidos: 828

VI:
Tiempo requerido: 0.505
Iteraciones requeridas: 46

Problema 3
-------------------------------------------------------
LAO*:
Tiempo requerido: 1.435
Iteraciones requeridas: 224
Nodos expandidos: 224
Porcentajes del conjunto Z: [0.06, 0.12, 0.19, 0.25, 0.12, 0.31, 0.38, 0.38, 0.44, 0.38, 0.44, 0.5, 0.56, 0.25, 0.19, 0.25, 0.44, 0.31, 0.94, 0.38, 0.44, 0.5, 0.56, 0.5, 1.44, 1.5, 1.56, 1.62, 0.56, 0.62, 0.69, 0.75, 0.69, 1.94, 1.75, 1.81, 1.88, 1.81, 1.88, 1.94, 0.88, 1.62, 2.5, 2.75, 2.69, 2.75, 2.81, 2.0, 2.94, 2.81, 3.12, 2.88, 3.31, 3.31, 1.12, 3.31, 3.38, 3.38, 3.12, 2.81, 3.81, 3.25, 3.31, 3.38, 3.44, 3.69, 2.25, 1.75, 1.25, 0.19, 2.81, 2.69, 1.38, 2.75, 0.31, 2.0, 1.5, 1.56, 3.19, 3.25, 3.31, 3.56, 4.12, 4.88, 4.19, 5.0, 3.06, 2.19, 0.75, 2.56, 0.56, 0.44, 1.62, 0.56, 0.81, 2.94, 3.0, 5.06, 1.31, 4.56, 0.44, 0.88, 0.94, 1.25, 0.94, 4.69, 0.12, 0.31, 4.31, 4.38, 4.44, 3.38, 5.06, 4.12, 4.19, 1.06, 4.69, 4.75, 3.75, 3.81, 3.88, 3.88, 4.0, 3.69, 3.06, 3.06, 3.5, 3.56, 3.62, 3.69, 3.75, 1.0, 0.38, 2.38, 0.19, 1.56, 1.62, 1.69, 2.06, 1.69, 2.25, 0.44, 0.5, 3.25, 2.31, 2.38, 2.44, 2.5, 2.56, 2.62, 2.5, 2.62, 5.75, 2.88, 1.75, 1.81, 1.38, 0.56, 0.62, 0.69, 0.75, 0.88, 0.5, 1.62, 1.12, 0.56, 0.62, 0.69, 0.75, 0.88, 1.0, 1.38, 0.75, 0.81, 0.88, 0.94, 1.12, 1.0, 1.06, 1.12, 1.19, 1.25, 0.94, 1.0, 1.38, 1.06, 1.12, 1.12, 1.25, 1.31, 1.38, 5.12, 1.44, 7.31, 5.88, 6.06, 6.12, 5.44, 1.62, 6.19, 5.0, 3.69, 2.69, 3.62, 0.88, 1.81, 1.88, 1.06, 1.12, 1.19, 1.19, 1.44, 1.5, 6.5, 2.19, 0.94, 1.19, 1.25, 1.31, 3.0, 1.12, 1.0, 1.25, 7.25]

ILAO*:
Tiempo requerido: 0.047
Iteraciones requeridas: 31
Nodos expandidos: 222

RLAO*:
Tiempo requerido: 0.068
Iteraciones requeridas: 21
Nodos expandidos: 441

BLAO*:
Tiempo requerido: 0.18
Iteraciones requeridas: 27
Nodos expandidos: 828

VI:
Tiempo requerido: 0.499
Iteraciones requeridas: 46

Problema 4
-------------------------------------------------------
LAO*:
Tiempo requerido: 1.431
Iteraciones requeridas: 224
Nodos expandidos: 224
Porcentajes del conjunto Z: [0.06, 0.12, 0.19, 0.25, 0.12, 0.31, 0.38, 0.38, 0.44, 0.38, 0.44, 0.5, 0.56, 0.25, 0.19, 0.25, 0.44, 0.31, 0.94, 0.38, 0.44, 0.5, 0.56, 0.5, 1.44, 1.5, 1.56, 1.62, 0.56, 0.62, 0.69, 0.75, 0.69, 1.94, 1.75, 1.81, 1.88, 1.81, 1.88, 1.94, 0.88, 1.62, 2.5, 2.75, 2.69, 2.75, 2.81, 2.0, 2.94, 2.81, 3.12, 2.88, 3.31, 3.31, 1.12, 3.31, 3.38, 3.38, 3.12, 2.81, 3.81, 3.25, 3.31, 3.38, 3.44, 3.69, 2.25, 1.75, 1.25, 0.19, 2.81, 2.69, 1.38, 2.75, 0.31, 2.0, 1.5, 1.56, 3.19, 3.25, 3.31, 3.56, 4.12, 4.88, 4.19, 5.0, 3.06, 2.19, 0.75, 2.56, 0.56, 0.44, 1.62, 0.56, 0.81, 2.94, 3.0, 5.06, 1.31, 4.56, 0.44, 0.88, 0.94, 1.25, 0.94, 4.69, 0.12, 0.31, 4.31, 4.38, 4.44, 3.38, 5.06, 4.12, 4.19, 1.06, 4.69, 4.75, 3.75, 3.81, 3.88, 3.88, 4.0, 3.69, 3.06, 3.06, 3.5, 3.56, 3.62, 3.69, 3.75, 1.0, 0.38, 2.38, 0.19, 1.56, 1.62, 1.69, 2.06, 1.69, 2.25, 0.44, 0.5, 3.25, 2.31, 2.38, 2.44, 2.5, 2.56, 2.62, 2.5, 2.62, 5.75, 2.88, 1.75, 1.81, 1.38, 0.56, 0.62, 0.69, 0.75, 0.88, 0.5, 1.62, 1.12, 0.56, 0.62, 0.69, 0.75, 0.88, 1.0, 1.38, 0.75, 0.81, 0.88, 0.94, 1.12, 1.0, 1.06, 1.12, 1.19, 1.25, 0.94, 1.0, 1.38, 1.06, 1.12, 1.12, 1.25, 1.31, 1.38, 5.12, 1.44, 7.31, 5.88, 6.06, 6.12, 5.44, 1.62, 6.19, 5.0, 3.69, 2.69, 3.62, 0.88, 1.81, 1.88, 1.06, 1.12, 1.19, 1.19, 1.44, 1.5, 6.5, 2.19, 0.94, 1.19, 1.25, 1.31, 3.0, 1.12, 1.0, 1.25, 7.25]

ILAO*:
Tiempo requerido: 0.047
Iteraciones requeridas: 31
Nodos expandidos: 222

RLAO*:
Tiempo requerido: 0.066
Iteraciones requeridas: 21
Nodos expandidos: 441

BLAO*:
Tiempo requerido: 0.18
Iteraciones requeridas: 27
Nodos expandidos: 828

VI:
Tiempo requerido: 0.51
Iteraciones requeridas: 46

Problema 5
-------------------------------------------------------
LAO*:
Tiempo requerido: 1.43
Iteraciones requeridas: 224
Nodos expandidos: 224
Porcentajes del conjunto Z: [0.06, 0.12, 0.19, 0.25, 0.12, 0.31, 0.38, 0.38, 0.44, 0.38, 0.44, 0.5, 0.56, 0.25, 0.19, 0.25, 0.44, 0.31, 0.94, 0.38, 0.44, 0.5, 0.56, 0.5, 1.44, 1.5, 1.56, 1.62, 0.56, 0.62, 0.69, 0.75, 0.69, 1.94, 1.75, 1.81, 1.88, 1.81, 1.88, 1.94, 0.88, 1.62, 2.5, 2.75, 2.69, 2.75, 2.81, 2.0, 2.94, 2.81, 3.12, 2.88, 3.31, 3.31, 1.12, 3.31, 3.38, 3.38, 3.12, 2.81, 3.81, 3.25, 3.31, 3.38, 3.44, 3.69, 2.25, 1.75, 1.25, 0.19, 2.81, 2.69, 1.38, 2.75, 0.31, 2.0, 1.5, 1.56, 3.19, 3.25, 3.31, 3.56, 4.12, 4.88, 4.19, 5.0, 3.06, 2.19, 0.75, 2.56, 0.56, 0.44, 1.62, 0.56, 0.81, 2.94, 3.0, 5.06, 1.31, 4.56, 0.44, 0.88, 0.94, 1.25, 0.94, 4.69, 0.12, 0.31, 4.31, 4.38, 4.44, 3.38, 5.06, 4.12, 4.19, 1.06, 4.69, 4.75, 3.75, 3.81, 3.88, 3.88, 4.0, 3.69, 3.06, 3.06, 3.5, 3.56, 3.62, 3.69, 3.75, 1.0, 0.38, 2.38, 0.19, 1.56, 1.62, 1.69, 2.06, 1.69, 2.25, 0.44, 0.5, 3.25, 2.31, 2.38, 2.44, 2.5, 2.56, 2.62, 2.5, 2.62, 5.75, 2.88, 1.75, 1.81, 1.38, 0.56, 0.62, 0.69, 0.75, 0.88, 0.5, 1.62, 1.12, 0.56, 0.62, 0.69, 0.75, 0.88, 1.0, 1.38, 0.75, 0.81, 0.88, 0.94, 1.12, 1.0, 1.06, 1.12, 1.19, 1.25, 0.94, 1.0, 1.38, 1.06, 1.12, 1.12, 1.25, 1.31, 1.38, 5.12, 1.44, 7.31, 5.88, 6.06, 6.12, 5.44, 1.62, 6.19, 5.0, 3.69, 2.69, 3.62, 0.88, 1.81, 1.88, 1.06, 1.12, 1.19, 1.19, 1.44, 1.5, 6.5, 2.19, 0.94, 1.19, 1.25, 1.31, 3.0, 1.12, 1.0, 1.25, 7.25]

ILAO*:
Tiempo requerido: 0.047
Iteraciones requeridas: 31
Nodos expandidos: 222

RLAO*:
Tiempo requerido: 0.066
Iteraciones requeridas: 21
Nodos expandidos: 441

BLAO*:
Tiempo requerido: 0.181
Iteraciones requeridas: 27
Nodos expandidos: 828

VI:
Tiempo requerido: 0.509
Iteraciones requeridas: 46

Problema 6
-------------------------------------------------------
LAO*:
Tiempo requerido: 1.449
Iteraciones requeridas: 224
Nodos expandidos: 224
Porcentajes del conjunto Z: [0.06, 0.12, 0.19, 0.25, 0.12, 0.31, 0.38, 0.38, 0.44, 0.38, 0.44, 0.5, 0.56, 0.25, 0.19, 0.25, 0.44, 0.31, 0.94, 0.38, 0.44, 0.5, 0.56, 0.5, 1.44, 1.5, 1.56, 1.62, 0.56, 0.62, 0.69, 0.75, 0.69, 1.94, 1.75, 1.81, 1.88, 1.81, 1.88, 1.94, 0.88, 1.62, 2.5, 2.75, 2.69, 2.75, 2.81, 2.0, 2.94, 2.81, 3.12, 2.88, 3.31, 3.31, 1.12, 3.31, 3.38, 3.38, 3.12, 2.81, 3.81, 3.25, 3.31, 3.38, 3.44, 3.69, 2.25, 1.75, 1.25, 0.19, 2.81, 2.69, 1.38, 2.75, 0.31, 2.0, 1.5, 1.56, 3.19, 3.25, 3.31, 3.56, 4.12, 4.88, 4.19, 5.0, 3.06, 2.19, 0.75, 2.56, 0.56, 0.44, 1.62, 0.56, 0.81, 2.94, 3.0, 5.06, 1.31, 4.56, 0.44, 0.88, 0.94, 1.25, 0.94, 4.69, 0.12, 0.31, 4.31, 4.38, 4.44, 3.38, 5.06, 4.12, 4.19, 1.06, 4.69, 4.75, 3.75, 3.81, 3.88, 3.88, 4.0, 3.69, 3.06, 3.06, 3.5, 3.56, 3.62, 3.69, 3.75, 1.0, 0.38, 2.38, 0.19, 1.56, 1.62, 1.69, 2.06, 1.69, 2.25, 0.44, 0.5, 3.25, 2.31, 2.38, 2.44, 2.5, 2.56, 2.62, 2.5, 2.62, 5.75, 2.88, 1.75, 1.81, 1.38, 0.56, 0.62, 0.69, 0.75, 0.88, 0.5, 1.62, 1.12, 0.56, 0.62, 0.69, 0.75, 0.88, 1.0, 1.38, 0.75, 0.81, 0.88, 0.94, 1.12, 1.0, 1.06, 1.12, 1.19, 1.25, 0.94, 1.0, 1.38, 1.06, 1.12, 1.12, 1.25, 1.31, 1.38, 5.12, 1.44, 7.31, 5.88, 6.06, 6.12, 5.44, 1.62, 6.19, 5.0, 3.69, 2.69, 3.62, 0.88, 1.81, 1.88, 1.06, 1.12, 1.19, 1.19, 1.44, 1.5, 6.5, 2.19, 0.94, 1.19, 1.25, 1.31, 3.0, 1.12, 1.0, 1.25, 7.25]

ILAO*:
Tiempo requerido: 0.047
Iteraciones requeridas: 31
Nodos expandidos: 222

RLAO*:
Tiempo requerido: 0.067
Iteraciones requeridas: 21
Nodos expandidos: 441

BLAO*:
Tiempo requerido: 0.182
Iteraciones requeridas: 27
Nodos expandidos: 828

VI:
Tiempo requerido: 0.503
Iteraciones requeridas: 46

Problema 7
-------------------------------------------------------
LAO*:
Tiempo requerido: 1.425
Iteraciones requeridas: 224
Nodos expandidos: 224
Porcentajes del conjunto Z: [0.06, 0.12, 0.19, 0.25, 0.12, 0.31, 0.38, 0.38, 0.44, 0.38, 0.44, 0.5, 0.56, 0.25, 0.19, 0.25, 0.44, 0.31, 0.94, 0.38, 0.44, 0.5, 0.56, 0.5, 1.44, 1.5, 1.56, 1.62, 0.56, 0.62, 0.69, 0.75, 0.69, 1.94, 1.75, 1.81, 1.88, 1.81, 1.88, 1.94, 0.88, 1.62, 2.5, 2.75, 2.69, 2.75, 2.81, 2.0, 2.94, 2.81, 3.12, 2.88, 3.31, 3.31, 1.12, 3.31, 3.38, 3.38, 3.12, 2.81, 3.81, 3.25, 3.31, 3.38, 3.44, 3.69, 2.25, 1.75, 1.25, 0.19, 2.81, 2.69, 1.38, 2.75, 0.31, 2.0, 1.5, 1.56, 3.19, 3.25, 3.31, 3.56, 4.12, 4.88, 4.19, 5.0, 3.06, 2.19, 0.75, 2.56, 0.56, 0.44, 1.62, 0.56, 0.81, 2.94, 3.0, 5.06, 1.31, 4.56, 0.44, 0.88, 0.94, 1.25, 0.94, 4.69, 0.12, 0.31, 4.31, 4.38, 4.44, 3.38, 5.06, 4.12, 4.19, 1.06, 4.69, 4.75, 3.75, 3.81, 3.88, 3.88, 4.0, 3.69, 3.06, 3.06, 3.5, 3.56, 3.62, 3.69, 3.75, 1.0, 0.38, 2.38, 0.19, 1.56, 1.62, 1.69, 2.06, 1.69, 2.25, 0.44, 0.5, 3.25, 2.31, 2.38, 2.44, 2.5, 2.56, 2.62, 2.5, 2.62, 5.75, 2.88, 1.75, 1.81, 1.38, 0.56, 0.62, 0.69, 0.75, 0.88, 0.5, 1.62, 1.12, 0.56, 0.62, 0.69, 0.75, 0.88, 1.0, 1.38, 0.75, 0.81, 0.88, 0.94, 1.12, 1.0, 1.06, 1.12, 1.19, 1.25, 0.94, 1.0, 1.38, 1.06, 1.12, 1.12, 1.25, 1.31, 1.38, 5.12, 1.44, 7.31, 5.88, 6.06, 6.12, 5.44, 1.62, 6.19, 5.0, 3.69, 2.69, 3.62, 0.88, 1.81, 1.88, 1.06, 1.12, 1.19, 1.19, 1.44, 1.5, 6.5, 2.19, 0.94, 1.19, 1.25, 1.31, 3.0, 1.12, 1.0, 1.25, 7.25]

ILAO*:
Tiempo requerido: 0.048
Iteraciones requeridas: 31
Nodos expandidos: 222

RLAO*:
Tiempo requerido: 0.067
Iteraciones requeridas: 21
Nodos expandidos: 441

BLAO*:
Tiempo requerido: 0.181
Iteraciones requeridas: 27
Nodos expandidos: 828

VI:
Tiempo requerido: 0.501
Iteraciones requeridas: 46

Problema 8
-------------------------------------------------------
LAO*:
Tiempo requerido: 1.45
Iteraciones requeridas: 224
Nodos expandidos: 224
Porcentajes del conjunto Z: [0.06, 0.12, 0.19, 0.25, 0.12, 0.31, 0.38, 0.38, 0.44, 0.38, 0.44, 0.5, 0.56, 0.25, 0.19, 0.25, 0.44, 0.31, 0.94, 0.38, 0.44, 0.5, 0.56, 0.5, 1.44, 1.5, 1.56, 1.62, 0.56, 0.62, 0.69, 0.75, 0.69, 1.94, 1.75, 1.81, 1.88, 1.81, 1.88, 1.94, 0.88, 1.62, 2.5, 2.75, 2.69, 2.75, 2.81, 2.0, 2.94, 2.81, 3.12, 2.88, 3.31, 3.31, 1.12, 3.31, 3.38, 3.38, 3.12, 2.81, 3.81, 3.25, 3.31, 3.38, 3.44, 3.69, 2.25, 1.75, 1.25, 0.19, 2.81, 2.69, 1.38, 2.75, 0.31, 2.0, 1.5, 1.56, 3.19, 3.25, 3.31, 3.56, 4.12, 4.88, 4.19, 5.0, 3.06, 2.19, 0.75, 2.56, 0.56, 0.44, 1.62, 0.56, 0.81, 2.94, 3.0, 5.06, 1.31, 4.56, 0.44, 0.88, 0.94, 1.25, 0.94, 4.69, 0.12, 0.31, 4.31, 4.38, 4.44, 3.38, 5.06, 4.12, 4.19, 1.06, 4.69, 4.75, 3.75, 3.81, 3.88, 3.88, 4.0, 3.69, 3.06, 3.06, 3.5, 3.56, 3.62, 3.69, 3.75, 1.0, 0.38, 2.38, 0.19, 1.56, 1.62, 1.69, 2.06, 1.69, 2.25, 0.44, 0.5, 3.25, 2.31, 2.38, 2.44, 2.5, 2.56, 2.62, 2.5, 2.62, 5.75, 2.88, 1.75, 1.81, 1.38, 0.56, 0.62, 0.69, 0.75, 0.88, 0.5, 1.62, 1.12, 0.56, 0.62, 0.69, 0.75, 0.88, 1.0, 1.38, 0.75, 0.81, 0.88, 0.94, 1.12, 1.0, 1.06, 1.12, 1.19, 1.25, 0.94, 1.0, 1.38, 1.06, 1.12, 1.12, 1.25, 1.31, 1.38, 5.12, 1.44, 7.31, 5.88, 6.06, 6.12, 5.44, 1.62, 6.19, 5.0, 3.69, 2.69, 3.62, 0.88, 1.81, 1.88, 1.06, 1.12, 1.19, 1.19, 1.44, 1.5, 6.5, 2.19, 0.94, 1.19, 1.25, 1.31, 3.0, 1.12, 1.0, 1.25, 7.25]

ILAO*:
Tiempo requerido: 0.048
Iteraciones requeridas: 31
Nodos expandidos: 222

RLAO*:
Tiempo requerido: 0.067
Iteraciones requeridas: 21
Nodos expandidos: 441

BLAO*:
Tiempo requerido: 0.181
Iteraciones requeridas: 27
Nodos expandidos: 828

VI:
Tiempo requerido: 0.5
Iteraciones requeridas: 46

Problema 9
-------------------------------------------------------
LAO*:
Tiempo requerido: 1.431
Iteraciones requeridas: 224
Nodos expandidos: 224
Porcentajes del conjunto Z: [0.06, 0.12, 0.19, 0.25, 0.12, 0.31, 0.38, 0.38, 0.44, 0.38, 0.44, 0.5, 0.56, 0.25, 0.19, 0.25, 0.44, 0.31, 0.94, 0.38, 0.44, 0.5, 0.56, 0.5, 1.44, 1.5, 1.56, 1.62, 0.56, 0.62, 0.69, 0.75, 0.69, 1.94, 1.75, 1.81, 1.88, 1.81, 1.88, 1.94, 0.88, 1.62, 2.5, 2.75, 2.69, 2.75, 2.81, 2.0, 2.94, 2.81, 3.12, 2.88, 3.31, 3.31, 1.12, 3.31, 3.38, 3.38, 3.12, 2.81, 3.81, 3.25, 3.31, 3.38, 3.44, 3.69, 2.25, 1.75, 1.25, 0.19, 2.81, 2.69, 1.38, 2.75, 0.31, 2.0, 1.5, 1.56, 3.19, 3.25, 3.31, 3.56, 4.12, 4.88, 4.19, 5.0, 3.06, 2.19, 0.75, 2.56, 0.56, 0.44, 1.62, 0.56, 0.81, 2.94, 3.0, 5.06, 1.31, 4.56, 0.44, 0.88, 0.94, 1.25, 0.94, 4.69, 0.12, 0.31, 4.31, 4.38, 4.44, 3.38, 5.06, 4.12, 4.19, 1.06, 4.69, 4.75, 3.75, 3.81, 3.88, 3.88, 4.0, 3.69, 3.06, 3.06, 3.5, 3.56, 3.62, 3.69, 3.75, 1.0, 0.38, 2.38, 0.19, 1.56, 1.62, 1.69, 2.06, 1.69, 2.25, 0.44, 0.5, 3.25, 2.31, 2.38, 2.44, 2.5, 2.56, 2.62, 2.5, 2.62, 5.75, 2.88, 1.75, 1.81, 1.38, 0.56, 0.62, 0.69, 0.75, 0.88, 0.5, 1.62, 1.12, 0.56, 0.62, 0.69, 0.75, 0.88, 1.0, 1.38, 0.75, 0.81, 0.88, 0.94, 1.12, 1.0, 1.06, 1.12, 1.19, 1.25, 0.94, 1.0, 1.38, 1.06, 1.12, 1.12, 1.25, 1.31, 1.38, 5.12, 1.44, 7.31, 5.88, 6.06, 6.12, 5.44, 1.62, 6.19, 5.0, 3.69, 2.69, 3.62, 0.88, 1.81, 1.88, 1.06, 1.12, 1.19, 1.19, 1.44, 1.5, 6.5, 2.19, 0.94, 1.19, 1.25, 1.31, 3.0, 1.12, 1.0, 1.25, 7.25]

ILAO*:
Tiempo requerido: 0.048
Iteraciones requeridas: 31
Nodos expandidos: 222

RLAO*:
Tiempo requerido: 0.067
Iteraciones requeridas: 21
Nodos expandidos: 441

BLAO*:
Tiempo requerido: 0.181
Iteraciones requeridas: 27
Nodos expandidos: 828

VI:
Tiempo requerido: 0.508
Iteraciones requeridas: 46

Problema 10
-------------------------------------------------------
LAO*:
Tiempo requerido: 1.426
Iteraciones requeridas: 224
Nodos expandidos: 224
Porcentajes del conjunto Z: [0.06, 0.12, 0.19, 0.25, 0.12, 0.31, 0.38, 0.38, 0.44, 0.38, 0.44, 0.5, 0.56, 0.25, 0.19, 0.25, 0.44, 0.31, 0.94, 0.38, 0.44, 0.5, 0.56, 0.5, 1.44, 1.5, 1.56, 1.62, 0.56, 0.62, 0.69, 0.75, 0.69, 1.94, 1.75, 1.81, 1.88, 1.81, 1.88, 1.94, 0.88, 1.62, 2.5, 2.75, 2.69, 2.75, 2.81, 2.0, 2.94, 2.81, 3.12, 2.88, 3.31, 3.31, 1.12, 3.31, 3.38, 3.38, 3.12, 2.81, 3.81, 3.25, 3.31, 3.38, 3.44, 3.69, 2.25, 1.75, 1.25, 0.19, 2.81, 2.69, 1.38, 2.75, 0.31, 2.0, 1.5, 1.56, 3.19, 3.25, 3.31, 3.56, 4.12, 4.88, 4.19, 5.0, 3.06, 2.19, 0.75, 2.56, 0.56, 0.44, 1.62, 0.56, 0.81, 2.94, 3.0, 5.06, 1.31, 4.56, 0.44, 0.88, 0.94, 1.25, 0.94, 4.69, 0.12, 0.31, 4.31, 4.38, 4.44, 3.38, 5.06, 4.12, 4.19, 1.06, 4.69, 4.75, 3.75, 3.81, 3.88, 3.88, 4.0, 3.69, 3.06, 3.06, 3.5, 3.56, 3.62, 3.69, 3.75, 1.0, 0.38, 2.38, 0.19, 1.56, 1.62, 1.69, 2.06, 1.69, 2.25, 0.44, 0.5, 3.25, 2.31, 2.38, 2.44, 2.5, 2.56, 2.62, 2.5, 2.62, 5.75, 2.88, 1.75, 1.81, 1.38, 0.56, 0.62, 0.69, 0.75, 0.88, 0.5, 1.62, 1.12, 0.56, 0.62, 0.69, 0.75, 0.88, 1.0, 1.38, 0.75, 0.81, 0.88, 0.94, 1.12, 1.0, 1.06, 1.12, 1.19, 1.25, 0.94, 1.0, 1.38, 1.06, 1.12, 1.12, 1.25, 1.31, 1.38, 5.12, 1.44, 7.31, 5.88, 6.06, 6.12, 5.44, 1.62, 6.19, 5.0, 3.69, 2.69, 3.62, 0.88, 1.81, 1.88, 1.06, 1.12, 1.19, 1.19, 1.44, 1.5, 6.5, 2.19, 0.94, 1.19, 1.25, 1.31, 3.0, 1.12, 1.0, 1.25, 7.25]

ILAO*:
Tiempo requerido: 0.047
Iteraciones requeridas: 31
Nodos expandidos: 222

RLAO*:
Tiempo requerido: 0.067
Iteraciones requeridas: 21
Nodos expandidos: 441

BLAO*:
Tiempo requerido: 0.184
Iteraciones requeridas: 27
Nodos expandidos: 828

VI:
Tiempo requerido: 0.507
Iteraciones requeridas: 46

Media tiempo LAO: 1.434
Media iteraciones LAO: 224.0
Media expansiones LAO: 224.0

Media tiempo RLAO: 0.067
Media iteraciones RLAO: 21.0
Media expansiones RLAO: 441.0

Media tiempo ILAO: 0.047
Media iteraciones ILAO: 31.0
Media expansiones ILAO: 222.0

Media tiempo BLAO: 0.181
Media iteraciones BLAO: 27.0
Media expansiones BLAO: 828.0

Media tiempo VI: 0.504
Media iteraciones VI: 46.0

-------------------------------------------------------
