Problema 1
-------------------------------------------------------
LAO*:
Tiempo requerido: 0.405
Iteraciones requeridas: 129
Nodos expandidos: 129
Porcentajes del conjunto Z: [0.11, 0.22, 0.33, 0.44, 0.44, 0.56, 0.67, 0.33, 0.44, 0.78, 0.89, 0.78, 0.89, 1.0, 0.67, 1.22, 1.56, 0.44, 0.56, 0.67, 0.78, 2.44, 1.0, 2.67, 2.78, 2.89, 3.0, 3.11, 3.11, 3.33, 3.44, 3.33, 3.11, 3.56, 2.89, 2.67, 3.89, 4.0, 1.33, 1.44, 1.56, 4.44, 4.22, 3.78, 2.78, 1.33, 2.11, 2.56, 2.67, 2.22, 4.22, 0.22, 0.67, 2.67, 2.78, 2.89, 4.56, 0.44, 3.89, 3.11, 3.22, 3.33, 3.44, 4.22, 0.67, 5.56, 3.67, 3.78, 3.89, 4.0, 1.67, 5.11, 4.11, 3.44, 3.56, 3.67, 3.78, 3.89, 3.78, 3.67, 1.78, 1.89, 2.0, 9.11, 4.22, 2.0, 3.33, 2.11, 0.67, 1.78, 0.44, 1.78, 0.56, 0.67, 0.89, 1.11, 2.67, 2.11, 1.44, 1.56, 1.67, 1.78, 1.89, 2.0, 2.33, 3.56, 0.78, 2.11, 2.22, 2.33, 2.44, 2.56, 2.67, 2.78, 4.56, 4.11, 4.89, 2.67, 2.44, 0.89, 1.89, 1.0, 2.11, 2.22, 2.33, 1.11, 1.22, 1.33, 1.44]

ILAO*:
Tiempo requerido: 0.016
Iteraciones requeridas: 22
Nodos expandidos: 126

RLAO*:
Tiempo requerido: 0.035
Iteraciones requeridas: 17
Nodos expandidos: 289

BLAO*:
Tiempo requerido: 0.078
Iteraciones requeridas: 19
Nodos expandidos: 457

VI:
Tiempo requerido: 0.216
Iteraciones requeridas: 36

Problema 2
-------------------------------------------------------
LAO*:
Tiempo requerido: 0.41
Iteraciones requeridas: 129
Nodos expandidos: 129
Porcentajes del conjunto Z: [0.11, 0.22, 0.33, 0.44, 0.44, 0.56, 0.67, 0.33, 0.44, 0.78, 0.89, 0.78, 0.89, 1.0, 0.67, 1.22, 1.56, 0.44, 0.56, 0.67, 0.78, 2.44, 1.0, 2.67, 2.78, 2.89, 3.0, 3.11, 3.11, 3.33, 3.44, 3.33, 3.11, 3.56, 2.89, 2.67, 3.89, 4.0, 1.33, 1.44, 1.56, 4.44, 4.22, 3.78, 2.78, 1.33, 2.11, 2.56, 2.67, 2.22, 4.22, 0.22, 0.67, 2.67, 2.78, 2.89, 4.56, 0.44, 3.89, 3.11, 3.22, 3.33, 3.44, 4.22, 0.67, 5.56, 3.67, 3.78, 3.89, 4.0, 1.67, 5.11, 4.11, 3.44, 3.56, 3.67, 3.78, 3.89, 3.78, 3.67, 1.78, 1.89, 2.0, 9.11, 4.22, 2.0, 3.33, 2.11, 0.67, 1.78, 0.44, 1.78, 0.56, 0.67, 0.89, 1.11, 2.67, 2.11, 1.44, 1.56, 1.67, 1.78, 1.89, 2.0, 2.33, 3.56, 0.78, 2.11, 2.22, 2.33, 2.44, 2.56, 2.67, 2.78, 4.56, 4.11, 4.89, 2.67, 2.44, 0.89, 1.89, 1.0, 2.11, 2.22, 2.33, 1.11, 1.22, 1.33, 1.44]

ILAO*:
Tiempo requerido: 0.016
Iteraciones requeridas: 22
Nodos expandidos: 126

RLAO*:
Tiempo requerido: 0.035
Iteraciones requeridas: 17
Nodos expandidos: 289

BLAO*:
Tiempo requerido: 0.088
Iteraciones requeridas: 19
Nodos expandidos: 457

VI:
Tiempo requerido: 0.236
Iteraciones requeridas: 36

Problema 3
-------------------------------------------------------
LAO*:
Tiempo requerido: 0.427
Iteraciones requeridas: 129
Nodos expandidos: 129
Porcentajes del conjunto Z: [0.11, 0.22, 0.33, 0.44, 0.44, 0.56, 0.67, 0.33, 0.44, 0.78, 0.89, 0.78, 0.89, 1.0, 0.67, 1.22, 1.56, 0.44, 0.56, 0.67, 0.78, 2.44, 1.0, 2.67, 2.78, 2.89, 3.0, 3.11, 3.11, 3.33, 3.44, 3.33, 3.11, 3.56, 2.89, 2.67, 3.89, 4.0, 1.33, 1.44, 1.56, 4.44, 4.22, 3.78, 2.78, 1.33, 2.11, 2.56, 2.67, 2.22, 4.22, 0.22, 0.67, 2.67, 2.78, 2.89, 4.56, 0.44, 3.89, 3.11, 3.22, 3.33, 3.44, 4.22, 0.67, 5.56, 3.67, 3.78, 3.89, 4.0, 1.67, 5.11, 4.11, 3.44, 3.56, 3.67, 3.78, 3.89, 3.78, 3.67, 1.78, 1.89, 2.0, 9.11, 4.22, 2.0, 3.33, 2.11, 0.67, 1.78, 0.44, 1.78, 0.56, 0.67, 0.89, 1.11, 2.67, 2.11, 1.44, 1.56, 1.67, 1.78, 1.89, 2.0, 2.33, 3.56, 0.78, 2.11, 2.22, 2.33, 2.44, 2.56, 2.67, 2.78, 4.56, 4.11, 4.89, 2.67, 2.44, 0.89, 1.89, 1.0, 2.11, 2.22, 2.33, 1.11, 1.22, 1.33, 1.44]

ILAO*:
Tiempo requerido: 0.017
Iteraciones requeridas: 22
Nodos expandidos: 126

RLAO*:
Tiempo requerido: 0.037
Iteraciones requeridas: 17
Nodos expandidos: 289

BLAO*:
Tiempo requerido: 0.084
Iteraciones requeridas: 19
Nodos expandidos: 457

VI:
Tiempo requerido: 0.234
Iteraciones requeridas: 36

Problema 4
-------------------------------------------------------
LAO*:
Tiempo requerido: 0.436
Iteraciones requeridas: 129
Nodos expandidos: 129
Porcentajes del conjunto Z: [0.11, 0.22, 0.33, 0.44, 0.44, 0.56, 0.67, 0.33, 0.44, 0.78, 0.89, 0.78, 0.89, 1.0, 0.67, 1.22, 1.56, 0.44, 0.56, 0.67, 0.78, 2.44, 1.0, 2.67, 2.78, 2.89, 3.0, 3.11, 3.11, 3.33, 3.44, 3.33, 3.11, 3.56, 2.89, 2.67, 3.89, 4.0, 1.33, 1.44, 1.56, 4.44, 4.22, 3.78, 2.78, 1.33, 2.11, 2.56, 2.67, 2.22, 4.22, 0.22, 0.67, 2.67, 2.78, 2.89, 4.56, 0.44, 3.89, 3.11, 3.22, 3.33, 3.44, 4.22, 0.67, 5.56, 3.67, 3.78, 3.89, 4.0, 1.67, 5.11, 4.11, 3.44, 3.56, 3.67, 3.78, 3.89, 3.78, 3.67, 1.78, 1.89, 2.0, 9.11, 4.22, 2.0, 3.33, 2.11, 0.67, 1.78, 0.44, 1.78, 0.56, 0.67, 0.89, 1.11, 2.67, 2.11, 1.44, 1.56, 1.67, 1.78, 1.89, 2.0, 2.33, 3.56, 0.78, 2.11, 2.22, 2.33, 2.44, 2.56, 2.67, 2.78, 4.56, 4.11, 4.89, 2.67, 2.44, 0.89, 1.89, 1.0, 2.11, 2.22, 2.33, 1.11, 1.22, 1.33, 1.44]

ILAO*:
Tiempo requerido: 0.017
Iteraciones requeridas: 22
Nodos expandidos: 126

RLAO*:
Tiempo requerido: 0.038
Iteraciones requeridas: 17
Nodos expandidos: 289

BLAO*:
Tiempo requerido: 0.088
Iteraciones requeridas: 19
Nodos expandidos: 457

VI:
Tiempo requerido: 0.233
Iteraciones requeridas: 36

Problema 5
-------------------------------------------------------
LAO*:
Tiempo requerido: 0.435
Iteraciones requeridas: 129
Nodos expandidos: 129
Porcentajes del conjunto Z: [0.11, 0.22, 0.33, 0.44, 0.44, 0.56, 0.67, 0.33, 0.44, 0.78, 0.89, 0.78, 0.89, 1.0, 0.67, 1.22, 1.56, 0.44, 0.56, 0.67, 0.78, 2.44, 1.0, 2.67, 2.78, 2.89, 3.0, 3.11, 3.11, 3.33, 3.44, 3.33, 3.11, 3.56, 2.89, 2.67, 3.89, 4.0, 1.33, 1.44, 1.56, 4.44, 4.22, 3.78, 2.78, 1.33, 2.11, 2.56, 2.67, 2.22, 4.22, 0.22, 0.67, 2.67, 2.78, 2.89, 4.56, 0.44, 3.89, 3.11, 3.22, 3.33, 3.44, 4.22, 0.67, 5.56, 3.67, 3.78, 3.89, 4.0, 1.67, 5.11, 4.11, 3.44, 3.56, 3.67, 3.78, 3.89, 3.78, 3.67, 1.78, 1.89, 2.0, 9.11, 4.22, 2.0, 3.33, 2.11, 0.67, 1.78, 0.44, 1.78, 0.56, 0.67, 0.89, 1.11, 2.67, 2.11, 1.44, 1.56, 1.67, 1.78, 1.89, 2.0, 2.33, 3.56, 0.78, 2.11, 2.22, 2.33, 2.44, 2.56, 2.67, 2.78, 4.56, 4.11, 4.89, 2.67, 2.44, 0.89, 1.89, 1.0, 2.11, 2.22, 2.33, 1.11, 1.22, 1.33, 1.44]

ILAO*:
Tiempo requerido: 0.017
Iteraciones requeridas: 22
Nodos expandidos: 126

RLAO*:
Tiempo requerido: 0.038
Iteraciones requeridas: 17
Nodos expandidos: 289

BLAO*:
Tiempo requerido: 0.082
Iteraciones requeridas: 19
Nodos expandidos: 457

VI:
Tiempo requerido: 0.231
Iteraciones requeridas: 36

Problema 6
-------------------------------------------------------
LAO*:
Tiempo requerido: 0.43
Iteraciones requeridas: 129
Nodos expandidos: 129
Porcentajes del conjunto Z: [0.11, 0.22, 0.33, 0.44, 0.44, 0.56, 0.67, 0.33, 0.44, 0.78, 0.89, 0.78, 0.89, 1.0, 0.67, 1.22, 1.56, 0.44, 0.56, 0.67, 0.78, 2.44, 1.0, 2.67, 2.78, 2.89, 3.0, 3.11, 3.11, 3.33, 3.44, 3.33, 3.11, 3.56, 2.89, 2.67, 3.89, 4.0, 1.33, 1.44, 1.56, 4.44, 4.22, 3.78, 2.78, 1.33, 2.11, 2.56, 2.67, 2.22, 4.22, 0.22, 0.67, 2.67, 2.78, 2.89, 4.56, 0.44, 3.89, 3.11, 3.22, 3.33, 3.44, 4.22, 0.67, 5.56, 3.67, 3.78, 3.89, 4.0, 1.67, 5.11, 4.11, 3.44, 3.56, 3.67, 3.78, 3.89, 3.78, 3.67, 1.78, 1.89, 2.0, 9.11, 4.22, 2.0, 3.33, 2.11, 0.67, 1.78, 0.44, 1.78, 0.56, 0.67, 0.89, 1.11, 2.67, 2.11, 1.44, 1.56, 1.67, 1.78, 1.89, 2.0, 2.33, 3.56, 0.78, 2.11, 2.22, 2.33, 2.44, 2.56, 2.67, 2.78, 4.56, 4.11, 4.89, 2.67, 2.44, 0.89, 1.89, 1.0, 2.11, 2.22, 2.33, 1.11, 1.22, 1.33, 1.44]

ILAO*:
Tiempo requerido: 0.018
Iteraciones requeridas: 22
Nodos expandidos: 126

RLAO*:
Tiempo requerido: 0.038
Iteraciones requeridas: 17
Nodos expandidos: 289

BLAO*:
Tiempo requerido: 0.084
Iteraciones requeridas: 19
Nodos expandidos: 457

VI:
Tiempo requerido: 0.241
Iteraciones requeridas: 36

Problema 7
-------------------------------------------------------
LAO*:
Tiempo requerido: 0.428
Iteraciones requeridas: 129
Nodos expandidos: 129
Porcentajes del conjunto Z: [0.11, 0.22, 0.33, 0.44, 0.44, 0.56, 0.67, 0.33, 0.44, 0.78, 0.89, 0.78, 0.89, 1.0, 0.67, 1.22, 1.56, 0.44, 0.56, 0.67, 0.78, 2.44, 1.0, 2.67, 2.78, 2.89, 3.0, 3.11, 3.11, 3.33, 3.44, 3.33, 3.11, 3.56, 2.89, 2.67, 3.89, 4.0, 1.33, 1.44, 1.56, 4.44, 4.22, 3.78, 2.78, 1.33, 2.11, 2.56, 2.67, 2.22, 4.22, 0.22, 0.67, 2.67, 2.78, 2.89, 4.56, 0.44, 3.89, 3.11, 3.22, 3.33, 3.44, 4.22, 0.67, 5.56, 3.67, 3.78, 3.89, 4.0, 1.67, 5.11, 4.11, 3.44, 3.56, 3.67, 3.78, 3.89, 3.78, 3.67, 1.78, 1.89, 2.0, 9.11, 4.22, 2.0, 3.33, 2.11, 0.67, 1.78, 0.44, 1.78, 0.56, 0.67, 0.89, 1.11, 2.67, 2.11, 1.44, 1.56, 1.67, 1.78, 1.89, 2.0, 2.33, 3.56, 0.78, 2.11, 2.22, 2.33, 2.44, 2.56, 2.67, 2.78, 4.56, 4.11, 4.89, 2.67, 2.44, 0.89, 1.89, 1.0, 2.11, 2.22, 2.33, 1.11, 1.22, 1.33, 1.44]

ILAO*:
Tiempo requerido: 0.017
Iteraciones requeridas: 22
Nodos expandidos: 126

RLAO*:
Tiempo requerido: 0.037
Iteraciones requeridas: 17
Nodos expandidos: 289

BLAO*:
Tiempo requerido: 0.082
Iteraciones requeridas: 19
Nodos expandidos: 457

VI:
Tiempo requerido: 0.23
Iteraciones requeridas: 36

Problema 8
-------------------------------------------------------
LAO*:
Tiempo requerido: 0.432
Iteraciones requeridas: 129
Nodos expandidos: 129
Porcentajes del conjunto Z: [0.11, 0.22, 0.33, 0.44, 0.44, 0.56, 0.67, 0.33, 0.44, 0.78, 0.89, 0.78, 0.89, 1.0, 0.67, 1.22, 1.56, 0.44, 0.56, 0.67, 0.78, 2.44, 1.0, 2.67, 2.78, 2.89, 3.0, 3.11, 3.11, 3.33, 3.44, 3.33, 3.11, 3.56, 2.89, 2.67, 3.89, 4.0, 1.33, 1.44, 1.56, 4.44, 4.22, 3.78, 2.78, 1.33, 2.11, 2.56, 2.67, 2.22, 4.22, 0.22, 0.67, 2.67, 2.78, 2.89, 4.56, 0.44, 3.89, 3.11, 3.22, 3.33, 3.44, 4.22, 0.67, 5.56, 3.67, 3.78, 3.89, 4.0, 1.67, 5.11, 4.11, 3.44, 3.56, 3.67, 3.78, 3.89, 3.78, 3.67, 1.78, 1.89, 2.0, 9.11, 4.22, 2.0, 3.33, 2.11, 0.67, 1.78, 0.44, 1.78, 0.56, 0.67, 0.89, 1.11, 2.67, 2.11, 1.44, 1.56, 1.67, 1.78, 1.89, 2.0, 2.33, 3.56, 0.78, 2.11, 2.22, 2.33, 2.44, 2.56, 2.67, 2.78, 4.56, 4.11, 4.89, 2.67, 2.44, 0.89, 1.89, 1.0, 2.11, 2.22, 2.33, 1.11, 1.22, 1.33, 1.44]

ILAO*:
Tiempo requerido: 0.018
Iteraciones requeridas: 22
Nodos expandidos: 126

RLAO*:
Tiempo requerido: 0.038
Iteraciones requeridas: 17
Nodos expandidos: 289

BLAO*:
Tiempo requerido: 0.083
Iteraciones requeridas: 19
Nodos expandidos: 457

VI:
Tiempo requerido: 0.233
Iteraciones requeridas: 36

Problema 9
-------------------------------------------------------
LAO*:
Tiempo requerido: 0.423
Iteraciones requeridas: 129
Nodos expandidos: 129
Porcentajes del conjunto Z: [0.11, 0.22, 0.33, 0.44, 0.44, 0.56, 0.67, 0.33, 0.44, 0.78, 0.89, 0.78, 0.89, 1.0, 0.67, 1.22, 1.56, 0.44, 0.56, 0.67, 0.78, 2.44, 1.0, 2.67, 2.78, 2.89, 3.0, 3.11, 3.11, 3.33, 3.44, 3.33, 3.11, 3.56, 2.89, 2.67, 3.89, 4.0, 1.33, 1.44, 1.56, 4.44, 4.22, 3.78, 2.78, 1.33, 2.11, 2.56, 2.67, 2.22, 4.22, 0.22, 0.67, 2.67, 2.78, 2.89, 4.56, 0.44, 3.89, 3.11, 3.22, 3.33, 3.44, 4.22, 0.67, 5.56, 3.67, 3.78, 3.89, 4.0, 1.67, 5.11, 4.11, 3.44, 3.56, 3.67, 3.78, 3.89, 3.78, 3.67, 1.78, 1.89, 2.0, 9.11, 4.22, 2.0, 3.33, 2.11, 0.67, 1.78, 0.44, 1.78, 0.56, 0.67, 0.89, 1.11, 2.67, 2.11, 1.44, 1.56, 1.67, 1.78, 1.89, 2.0, 2.33, 3.56, 0.78, 2.11, 2.22, 2.33, 2.44, 2.56, 2.67, 2.78, 4.56, 4.11, 4.89, 2.67, 2.44, 0.89, 1.89, 1.0, 2.11, 2.22, 2.33, 1.11, 1.22, 1.33, 1.44]

ILAO*:
Tiempo requerido: 0.016
Iteraciones requeridas: 22
Nodos expandidos: 126

RLAO*:
Tiempo requerido: 0.036
Iteraciones requeridas: 17
Nodos expandidos: 289

BLAO*:
Tiempo requerido: 0.078
Iteraciones requeridas: 19
Nodos expandidos: 457

VI:
Tiempo requerido: 0.218
Iteraciones requeridas: 36

Problema 10
-------------------------------------------------------
LAO*:
Tiempo requerido: 0.403
Iteraciones requeridas: 129
Nodos expandidos: 129
Porcentajes del conjunto Z: [0.11, 0.22, 0.33, 0.44, 0.44, 0.56, 0.67, 0.33, 0.44, 0.78, 0.89, 0.78, 0.89, 1.0, 0.67, 1.22, 1.56, 0.44, 0.56, 0.67, 0.78, 2.44, 1.0, 2.67, 2.78, 2.89, 3.0, 3.11, 3.11, 3.33, 3.44, 3.33, 3.11, 3.56, 2.89, 2.67, 3.89, 4.0, 1.33, 1.44, 1.56, 4.44, 4.22, 3.78, 2.78, 1.33, 2.11, 2.56, 2.67, 2.22, 4.22, 0.22, 0.67, 2.67, 2.78, 2.89, 4.56, 0.44, 3.89, 3.11, 3.22, 3.33, 3.44, 4.22, 0.67, 5.56, 3.67, 3.78, 3.89, 4.0, 1.67, 5.11, 4.11, 3.44, 3.56, 3.67, 3.78, 3.89, 3.78, 3.67, 1.78, 1.89, 2.0, 9.11, 4.22, 2.0, 3.33, 2.11, 0.67, 1.78, 0.44, 1.78, 0.56, 0.67, 0.89, 1.11, 2.67, 2.11, 1.44, 1.56, 1.67, 1.78, 1.89, 2.0, 2.33, 3.56, 0.78, 2.11, 2.22, 2.33, 2.44, 2.56, 2.67, 2.78, 4.56, 4.11, 4.89, 2.67, 2.44, 0.89, 1.89, 1.0, 2.11, 2.22, 2.33, 1.11, 1.22, 1.33, 1.44]

ILAO*:
Tiempo requerido: 0.016
Iteraciones requeridas: 22
Nodos expandidos: 126

RLAO*:
Tiempo requerido: 0.035
Iteraciones requeridas: 17
Nodos expandidos: 289

BLAO*:
Tiempo requerido: 0.077
Iteraciones requeridas: 19
Nodos expandidos: 457

VI:
Tiempo requerido: 0.217
Iteraciones requeridas: 36

Media tiempo LAO: 0.423
Media iteraciones LAO: 129.0
Media expansiones LAO: 129.0

Media tiempo RLAO: 0.037
Media iteraciones RLAO: 17.0
Media expansiones RLAO: 289.0

Media tiempo ILAO: 0.017
Media iteraciones ILAO: 22.0
Media expansiones ILAO: 126.0

Media tiempo BLAO: 0.082
Media iteraciones BLAO: 19.0
Media expansiones BLAO: 457.0

Media tiempo VI: 0.229
Media iteraciones VI: 36.0

-------------------------------------------------------
