Problema 1
-------------------------------------------------------
LAO*:
Tiempo requerido: 22.985
Iteraciones requeridas: 896
Nodos expandidos: 896
Porcentajes del conjunto Z: [0.02, 0.03, 0.05, 0.06, 0.05, 0.05, 0.11, 0.12, 0.14, 0.16, 0.12, 0.06, 0.17, 0.08, 0.09, 0.22, 0.25, 0.28, 0.28, 0.23, 0.3, 0.2, 0.16, 0.17, 0.19, 0.17, 0.11, 0.08, 0.2, 0.2, 0.17, 0.25, 0.22, 0.19, 0.23, 0.23, 0.25, 0.31, 0.33, 0.34, 0.36, 0.38, 0.39, 0.38, 0.39, 0.44, 0.41, 0.47, 0.48, 0.5, 0.52, 0.53, 0.52, 0.48, 0.5, 0.52, 0.53, 0.55, 0.56, 0.58, 0.59, 0.55, 0.66, 0.64, 0.59, 0.61, 0.47, 0.47, 0.48, 0.31, 0.05, 0.25, 0.27, 0.56, 0.55, 0.41, 0.25, 0.16, 0.17, 0.72, 1.14, 0.78, 0.19, 0.2, 0.92, 0.94, 0.97, 0.77, 0.11, 0.28, 0.3, 0.31, 0.44, 0.39, 0.34, 0.22, 0.67, 0.19, 0.28, 0.34, 0.58, 0.61, 0.62, 0.44, 0.61, 0.62, 0.64, 0.47, 0.38, 1.41, 1.23, 0.66, 0.67, 0.66, 0.67, 0.72, 0.73, 0.69, 0.33, 0.33, 1.06, 0.86, 1.31, 0.58, 0.77, 0.61, 0.94, 1.17, 1.19, 0.95, 0.97, 0.88, 0.94, 0.95, 0.52, 0.62, 0.98, 0.88, 1.03, 1.05, 1.06, 1.28, 1.3, 1.31, 1.06, 0.56, 0.81, 1.12, 1.73, 0.7, 0.86, 0.81, 1.23, 1.25, 1.27, 1.33, 1.2, 1.22, 1.31, 1.67, 0.72, 0.86, 1.44, 1.28, 1.12, 0.05, 0.88, 1.5, 1.56, 1.58, 1.53, 1.52, 1.59, 1.59, 0.78, 1.19, 1.09, 1.11, 1.12, 1.16, 1.17, 1.14, 0.97, 1.36, 1.25, 0.88, 1.27, 1.28, 1.3, 1.66, 1.48, 1.5, 1.31, 0.89, 1.53, 1.55, 1.56, 1.58, 0.88, 1.36, 0.84, 1.45, 1.34, 1.81, 1.7, 1.58, 1.36, 1.38, 1.39, 1.55, 1.83, 1.12, 1.12, 1.77, 1.44, 0.89, 1.45, 1.45, 0.91, 1.92, 1.94, 0.92, 1.95, 1.97, 1.95, 1.47, 1.95, 1.53, 1.55, 1.48, 1.5, 0.94, 1.44, 2.02, 2.03, 2.05, 2.06, 2.06, 2.09, 0.83, 2.06, 2.0, 2.0, 2.17, 2.02, 1.38, 1.75, 1.78, 1.64, 1.66, 1.42, 1.36, 1.39, 1.41, 1.42, 1.42, 1.41, 1.47, 2.17, 2.11, 2.12, 2.14, 2.28, 1.67, 1.69, 1.7, 2.55, 1.38, 2.66, 1.47, 1.48, 1.8, 1.42, 2.7, 1.44, 2.06, 1.86, 1.39, 2.05, 2.06, 3.8, 1.03, 1.02, 3.0, 1.88, 2.34, 1.66, 2.17, 0.97, 4.05, 3.73, 3.75, 3.75, 2.11, 2.12, 1.89, 2.34, 1.91, 2.64, 2.66, 3.08, 1.94, 3.2, 2.17, 1.92, 1.94, 2.0, 0.23, 0.73, 0.75, 1.48, 1.38, 0.92, 0.94, 0.95, 0.97, 0.98, 1.78, 1.34, 1.36, 1.05, 1.06, 1.08, 1.09, 1.11, 2.28, 1.12, 1.14, 1.16, 1.16, 1.17, 1.19, 1.2, 4.0, 1.25, 4.06, 3.97, 0.25, 0.09, 1.08, 0.78, 0.8, 0.81, 1.38, 4.23, 3.97, 3.98, 3.7, 1.06, 1.42, 4.33, 4.34, 4.38, 1.19, 1.2, 1.22, 1.23, 1.25, 1.27, 1.28, 1.3, 1.31, 1.23, 4.52, 1.28, 1.3, 1.33, 0.83, 0.84, 1.41, 1.2, 0.86, 0.88, 0.89, 0.91, 0.92, 0.94, 0.95, 0.91, 0.94, 0.95, 0.81, 2.06, 1.97, 1.28, 2.2, 2.09, 2.25, 1.97, 2.12, 2.06, 2.08, 2.09, 2.11, 2.12, 2.11, 2.05, 1.92, 1.94, 0.83, 0.84, 2.16, 1.78, 1.38, 1.39, 1.95, 1.97, 2.34, 1.92, 1.67, 1.39, 1.41, 1.42, 1.44, 1.45, 1.47, 1.48, 1.5, 1.52, 1.53, 1.94, 4.11, 1.75, 1.77, 1.84, 1.86, 1.34, 1.16, 1.17, 1.19, 1.89, 1.05, 2.09, 1.33, 5.84, 1.81, 1.77, 1.78, 1.8, 6.69, 1.88, 1.73, 0.33, 0.52, 0.22, 0.38, 0.05, 0.03, 0.03, 0.36, 0.05, 0.11, 0.17, 0.06, 0.11, 0.09, 0.39, 0.67, 0.27, 0.41, 0.42, 1.22, 1.36, 0.94, 0.95, 0.97, 2.03, 1.88, 1.09, 1.11, 0.09, 0.97, 0.38, 0.42, 0.44, 2.38, 0.11, 0.16, 0.61, 0.36, 0.33, 0.28, 0.3, 1.38, 0.84, 0.7, 0.86, 0.56, 0.89, 0.73, 0.75, 0.77, 0.78, 1.0, 0.84, 0.86, 0.88, 0.89, 0.91, 0.92, 0.56, 0.58, 0.86, 0.67, 0.58, 0.59, 0.48, 0.5, 0.44, 0.52, 0.28, 0.12, 0.16, 0.16, 0.17, 0.48, 0.5, 0.62, 0.19, 1.02, 0.81, 0.83, 0.84, 0.88, 7.84, 1.08, 1.3, 1.06, 2.55, 0.36, 0.81, 2.23, 1.42, 1.11, 0.98, 1.0, 1.42, 1.53, 1.55, 1.61, 1.62, 1.64, 1.56, 1.58, 1.69, 1.7, 1.72, 3.14, 1.59, 1.61, 1.62, 2.03, 1.64, 1.66, 0.83, 0.84, 2.78, 1.58, 0.56, 0.58, 0.56, 0.39, 0.41, 0.2, 0.44, 0.45, 0.47, 5.67, 3.81, 0.94, 0.19, 3.77, 3.8, 3.81, 0.17, 4.02, 4.03, 4.05, 4.06, 4.08, 4.09, 4.11, 4.12, 4.14, 0.39, 0.66, 0.48, 0.5, 0.2, 0.19, 0.22, 0.3, 0.22, 0.34, 0.36, 0.22, 0.69, 4.2, 4.22, 4.23, 4.25, 4.27, 4.28, 4.3, 4.31, 4.33, 4.34, 4.36, 4.38, 4.14, 3.09, 2.22, 4.91, 1.67, 0.09, 2.44, 5.02, 2.62, 1.88, 0.33, 0.06, 2.94, 2.81, 0.59, 0.75, 0.67, 0.92, 0.33, 0.45, 3.3, 3.52, 3.25, 4.05, 1.39, 1.31, 3.11, 5.02, 1.36, 1.39, 5.06, 3.88, 3.89, 3.91, 3.92, 5.16, 5.17, 5.19, 3.94, 3.95, 3.94, 5.28, 4.23, 3.61, 3.59, 5.75, 1.3, 0.41, 1.27, 5.33, 0.97, 1.31, 5.08, 1.33, 2.52, 2.53, 2.28, 3.34, 3.36, 3.38, 3.39, 3.41, 3.42, 3.44, 1.62, 0.27, 0.31, 0.33, 5.58, 5.91, 2.64, 2.66, 2.67, 0.33, 2.02, 1.36, 1.38, 1.39, 1.41, 1.42, 1.73, 6.23, 6.25, 6.27, 6.25, 3.8, 3.81, 3.81, 4.08, 0.75, 2.92, 6.17, 0.98, 6.39, 0.77, 0.45, 0.47, 0.48, 0.5, 0.64, 0.75, 0.47, 0.98, 5.73, 4.05, 4.02, 4.08, 4.09, 4.11, 4.23, 4.14, 4.11, 4.19, 4.12, 4.14, 4.22, 4.08, 3.3, 1.0, 6.66, 0.44, 4.03, 0.45, 0.3, 0.25, 0.31, 5.45, 0.27, 1.22, 0.56, 0.58, 0.59, 0.61, 3.8, 2.66, 3.62, 3.28, 3.3, 3.31, 0.86, 5.19, 3.69, 2.67, 5.91, 4.62, 3.42, 5.95, 0.58, 0.94, 6.0, 6.02, 5.98, 0.95, 3.47, 4.62, 4.27, 4.28, 4.3, 3.48, 6.0, 0.97, 0.98, 3.84, 3.47, 3.48, 0.59, 2.5, 1.0, 1.02, 4.89, 4.58, 0.61, 1.16, 1.17, 3.09, 1.14, 3.42, 2.69, 2.7, 2.72, 2.73, 3.55, 2.73, 2.75, 2.77, 3.61, 4.94, 4.95, 4.95, 4.98, 1.5, 1.52, 3.16, 1.53, 2.77, 2.84, 2.86, 2.88, 2.89, 2.91, 2.78, 1.67, 1.55, 1.88, 0.62, 0.34, 0.36, 0.38, 7.16, 2.05, 7.19, 2.16, 2.17, 2.19, 2.19, 2.06, 2.08, 7.33, 2.3, 1.92, 1.94, 1.95, 1.97, 1.98, 2.0, 5.58, 2.58, 8.02, 2.92, 7.23, 4.91, 4.92, 4.94, 4.95, 2.98, 3.0, 3.02, 3.03, 3.03, 3.06, 3.08, 3.09, 3.09, 3.12, 3.17, 3.14, 3.2, 3.22, 3.05, 3.02, 5.38, 5.27, 5.12, 3.17, 3.17, 4.98, 2.2, 1.45, 1.05, 0.7, 1.3, 1.05, 0.72, 1.19, 1.17, 1.12, 1.19, 1.19, 1.2, 1.22, 1.14, 0.73, 1.17, 0.8, 0.81, 1.08, 0.83, 0.84, 0.86, 0.75, 1.39, 1.19, 1.2, 0.78, 0.36, 0.41, 0.42]

ILAO*:
Tiempo requerido: 0.283
Iteraciones requeridas: 61
Nodos expandidos: 872

RLAO*:
Tiempo requerido: 0.57
Iteraciones requeridas: 42
Nodos expandidos: 1764

BLAO*:
Tiempo requerido: 1.192
Iteraciones requeridas: 42
Nodos expandidos: 2565

VI:
Tiempo requerido: 4.342
Iteraciones requeridas: 86

Problema 2
-------------------------------------------------------
LAO*:
Tiempo requerido: 22.858
Iteraciones requeridas: 896
Nodos expandidos: 896
Porcentajes del conjunto Z: [0.02, 0.03, 0.05, 0.06, 0.05, 0.05, 0.11, 0.12, 0.14, 0.16, 0.12, 0.06, 0.17, 0.08, 0.09, 0.22, 0.25, 0.28, 0.28, 0.23, 0.3, 0.2, 0.16, 0.17, 0.19, 0.17, 0.11, 0.08, 0.2, 0.2, 0.17, 0.25, 0.22, 0.19, 0.23, 0.23, 0.25, 0.31, 0.33, 0.34, 0.36, 0.38, 0.39, 0.38, 0.39, 0.44, 0.41, 0.47, 0.48, 0.5, 0.52, 0.53, 0.52, 0.48, 0.5, 0.52, 0.53, 0.55, 0.56, 0.58, 0.59, 0.55, 0.66, 0.64, 0.59, 0.61, 0.47, 0.47, 0.48, 0.31, 0.05, 0.25, 0.27, 0.56, 0.55, 0.41, 0.25, 0.16, 0.17, 0.72, 1.14, 0.78, 0.19, 0.2, 0.92, 0.94, 0.97, 0.77, 0.11, 0.28, 0.3, 0.31, 0.44, 0.39, 0.34, 0.22, 0.67, 0.19, 0.28, 0.34, 0.58, 0.61, 0.62, 0.44, 0.61, 0.62, 0.64, 0.47, 0.38, 1.41, 1.23, 0.66, 0.67, 0.66, 0.67, 0.72, 0.73, 0.69, 0.33, 0.33, 1.06, 0.86, 1.31, 0.58, 0.77, 0.61, 0.94, 1.17, 1.19, 0.95, 0.97, 0.88, 0.94, 0.95, 0.52, 0.62, 0.98, 0.88, 1.03, 1.05, 1.06, 1.28, 1.3, 1.31, 1.06, 0.56, 0.81, 1.12, 1.73, 0.7, 0.86, 0.81, 1.23, 1.25, 1.27, 1.33, 1.2, 1.22, 1.31, 1.67, 0.72, 0.86, 1.44, 1.28, 1.12, 0.05, 0.88, 1.5, 1.56, 1.58, 1.53, 1.52, 1.59, 1.59, 0.78, 1.19, 1.09, 1.11, 1.12, 1.16, 1.17, 1.14, 0.97, 1.36, 1.25, 0.88, 1.27, 1.28, 1.3, 1.66, 1.48, 1.5, 1.31, 0.89, 1.53, 1.55, 1.56, 1.58, 0.88, 1.36, 0.84, 1.45, 1.34, 1.81, 1.7, 1.58, 1.36, 1.38, 1.39, 1.55, 1.83, 1.12, 1.12, 1.77, 1.44, 0.89, 1.45, 1.45, 0.91, 1.92, 1.94, 0.92, 1.95, 1.97, 1.95, 1.47, 1.95, 1.53, 1.55, 1.48, 1.5, 0.94, 1.44, 2.02, 2.03, 2.05, 2.06, 2.06, 2.09, 0.83, 2.06, 2.0, 2.0, 2.17, 2.02, 1.38, 1.75, 1.78, 1.64, 1.66, 1.42, 1.36, 1.39, 1.41, 1.42, 1.42, 1.41, 1.47, 2.17, 2.11, 2.12, 2.14, 2.28, 1.67, 1.69, 1.7, 2.55, 1.38, 2.66, 1.47, 1.48, 1.8, 1.42, 2.7, 1.44, 2.06, 1.86, 1.39, 2.05, 2.06, 3.8, 1.03, 1.02, 3.0, 1.88, 2.34, 1.66, 2.17, 0.97, 4.05, 3.73, 3.75, 3.75, 2.11, 2.12, 1.89, 2.34, 1.91, 2.64, 2.66, 3.08, 1.94, 3.2, 2.17, 1.92, 1.94, 2.0, 0.23, 0.73, 0.75, 1.48, 1.38, 0.92, 0.94, 0.95, 0.97, 0.98, 1.78, 1.34, 1.36, 1.05, 1.06, 1.08, 1.09, 1.11, 2.28, 1.12, 1.14, 1.16, 1.16, 1.17, 1.19, 1.2, 4.0, 1.25, 4.06, 3.97, 0.25, 0.09, 1.08, 0.78, 0.8, 0.81, 1.38, 4.23, 3.97, 3.98, 3.7, 1.06, 1.42, 4.33, 4.34, 4.38, 1.19, 1.2, 1.22, 1.23, 1.25, 1.27, 1.28, 1.3, 1.31, 1.23, 4.52, 1.28, 1.3, 1.33, 0.83, 0.84, 1.41, 1.2, 0.86, 0.88, 0.89, 0.91, 0.92, 0.94, 0.95, 0.91, 0.94, 0.95, 0.81, 2.06, 1.97, 1.28, 2.2, 2.09, 2.25, 1.97, 2.12, 2.06, 2.08, 2.09, 2.11, 2.12, 2.11, 2.05, 1.92, 1.94, 0.83, 0.84, 2.16, 1.78, 1.38, 1.39, 1.95, 1.97, 2.34, 1.92, 1.67, 1.39, 1.41, 1.42, 1.44, 1.45, 1.47, 1.48, 1.5, 1.52, 1.53, 1.94, 4.11, 1.75, 1.77, 1.84, 1.86, 1.34, 1.16, 1.17, 1.19, 1.89, 1.05, 2.09, 1.33, 5.84, 1.81, 1.77, 1.78, 1.8, 6.69, 1.88, 1.73, 0.33, 0.52, 0.22, 0.38, 0.05, 0.03, 0.03, 0.36, 0.05, 0.11, 0.17, 0.06, 0.11, 0.09, 0.39, 0.67, 0.27, 0.41, 0.42, 1.22, 1.36, 0.94, 0.95, 0.97, 2.03, 1.88, 1.09, 1.11, 0.09, 0.97, 0.38, 0.42, 0.44, 2.38, 0.11, 0.16, 0.61, 0.36, 0.33, 0.28, 0.3, 1.38, 0.84, 0.7, 0.86, 0.56, 0.89, 0.73, 0.75, 0.77, 0.78, 1.0, 0.84, 0.86, 0.88, 0.89, 0.91, 0.92, 0.56, 0.58, 0.86, 0.67, 0.58, 0.59, 0.48, 0.5, 0.44, 0.52, 0.28, 0.12, 0.16, 0.16, 0.17, 0.48, 0.5, 0.62, 0.19, 1.02, 0.81, 0.83, 0.84, 0.88, 7.84, 1.08, 1.3, 1.06, 2.55, 0.36, 0.81, 2.23, 1.42, 1.11, 0.98, 1.0, 1.42, 1.53, 1.55, 1.61, 1.62, 1.64, 1.56, 1.58, 1.69, 1.7, 1.72, 3.14, 1.59, 1.61, 1.62, 2.03, 1.64, 1.66, 0.83, 0.84, 2.78, 1.58, 0.56, 0.58, 0.56, 0.39, 0.41, 0.2, 0.44, 0.45, 0.47, 5.67, 3.81, 0.94, 0.19, 3.77, 3.8, 3.81, 0.17, 4.02, 4.03, 4.05, 4.06, 4.08, 4.09, 4.11, 4.12, 4.14, 0.39, 0.66, 0.48, 0.5, 0.2, 0.19, 0.22, 0.3, 0.22, 0.34, 0.36, 0.22, 0.69, 4.2, 4.22, 4.23, 4.25, 4.27, 4.28, 4.3, 4.31, 4.33, 4.34, 4.36, 4.38, 4.14, 3.09, 2.22, 4.91, 1.67, 0.09, 2.44, 5.02, 2.62, 1.88, 0.33, 0.06, 2.94, 2.81, 0.59, 0.75, 0.67, 0.92, 0.33, 0.45, 3.3, 3.52, 3.25, 4.05, 1.39, 1.31, 3.11, 5.02, 1.36, 1.39, 5.06, 3.88, 3.89, 3.91, 3.92, 5.16, 5.17, 5.19, 3.94, 3.95, 3.94, 5.28, 4.23, 3.61, 3.59, 5.75, 1.3, 0.41, 1.27, 5.33, 0.97, 1.31, 5.08, 1.33, 2.52, 2.53, 2.28, 3.34, 3.36, 3.38, 3.39, 3.41, 3.42, 3.44, 1.62, 0.27, 0.31, 0.33, 5.58, 5.91, 2.64, 2.66, 2.67, 0.33, 2.02, 1.36, 1.38, 1.39, 1.41, 1.42, 1.73, 6.23, 6.25, 6.27, 6.25, 3.8, 3.81, 3.81, 4.08, 0.75, 2.92, 6.17, 0.98, 6.39, 0.77, 0.45, 0.47, 0.48, 0.5, 0.64, 0.75, 0.47, 0.98, 5.73, 4.05, 4.02, 4.08, 4.09, 4.11, 4.23, 4.14, 4.11, 4.19, 4.12, 4.14, 4.22, 4.08, 3.3, 1.0, 6.66, 0.44, 4.03, 0.45, 0.3, 0.25, 0.31, 5.45, 0.27, 1.22, 0.56, 0.58, 0.59, 0.61, 3.8, 2.66, 3.62, 3.28, 3.3, 3.31, 0.86, 5.19, 3.69, 2.67, 5.91, 4.62, 3.42, 5.95, 0.58, 0.94, 6.0, 6.02, 5.98, 0.95, 3.47, 4.62, 4.27, 4.28, 4.3, 3.48, 6.0, 0.97, 0.98, 3.84, 3.47, 3.48, 0.59, 2.5, 1.0, 1.02, 4.89, 4.58, 0.61, 1.16, 1.17, 3.09, 1.14, 3.42, 2.69, 2.7, 2.72, 2.73, 3.55, 2.73, 2.75, 2.77, 3.61, 4.94, 4.95, 4.95, 4.98, 1.5, 1.52, 3.16, 1.53, 2.77, 2.84, 2.86, 2.88, 2.89, 2.91, 2.78, 1.67, 1.55, 1.88, 0.62, 0.34, 0.36, 0.38, 7.16, 2.05, 7.19, 2.16, 2.17, 2.19, 2.19, 2.06, 2.08, 7.33, 2.3, 1.92, 1.94, 1.95, 1.97, 1.98, 2.0, 5.58, 2.58, 8.02, 2.92, 7.23, 4.91, 4.92, 4.94, 4.95, 2.98, 3.0, 3.02, 3.03, 3.03, 3.06, 3.08, 3.09, 3.09, 3.12, 3.17, 3.14, 3.2, 3.22, 3.05, 3.02, 5.38, 5.27, 5.12, 3.17, 3.17, 4.98, 2.2, 1.45, 1.05, 0.7, 1.3, 1.05, 0.72, 1.19, 1.17, 1.12, 1.19, 1.19, 1.2, 1.22, 1.14, 0.73, 1.17, 0.8, 0.81, 1.08, 0.83, 0.84, 0.86, 0.75, 1.39, 1.19, 1.2, 0.78, 0.36, 0.41, 0.42]

ILAO*:
Tiempo requerido: 0.303
Iteraciones requeridas: 61
Nodos expandidos: 872

RLAO*:
Tiempo requerido: 0.519
Iteraciones requeridas: 42
Nodos expandidos: 1764

BLAO*:
Tiempo requerido: 1.246
Iteraciones requeridas: 42
Nodos expandidos: 2565

VI:
Tiempo requerido: 4.366
Iteraciones requeridas: 86

Problema 3
-------------------------------------------------------
LAO*:
Tiempo requerido: 23.51
Iteraciones requeridas: 896
Nodos expandidos: 896
Porcentajes del conjunto Z: [0.02, 0.03, 0.05, 0.06, 0.05, 0.05, 0.11, 0.12, 0.14, 0.16, 0.12, 0.06, 0.17, 0.08, 0.09, 0.22, 0.25, 0.28, 0.28, 0.23, 0.3, 0.2, 0.16, 0.17, 0.19, 0.17, 0.11, 0.08, 0.2, 0.2, 0.17, 0.25, 0.22, 0.19, 0.23, 0.23, 0.25, 0.31, 0.33, 0.34, 0.36, 0.38, 0.39, 0.38, 0.39, 0.44, 0.41, 0.47, 0.48, 0.5, 0.52, 0.53, 0.52, 0.48, 0.5, 0.52, 0.53, 0.55, 0.56, 0.58, 0.59, 0.55, 0.66, 0.64, 0.59, 0.61, 0.47, 0.47, 0.48, 0.31, 0.05, 0.25, 0.27, 0.56, 0.55, 0.41, 0.25, 0.16, 0.17, 0.72, 1.14, 0.78, 0.19, 0.2, 0.92, 0.94, 0.97, 0.77, 0.11, 0.28, 0.3, 0.31, 0.44, 0.39, 0.34, 0.22, 0.67, 0.19, 0.28, 0.34, 0.58, 0.61, 0.62, 0.44, 0.61, 0.62, 0.64, 0.47, 0.38, 1.41, 1.23, 0.66, 0.67, 0.66, 0.67, 0.72, 0.73, 0.69, 0.33, 0.33, 1.06, 0.86, 1.31, 0.58, 0.77, 0.61, 0.94, 1.17, 1.19, 0.95, 0.97, 0.88, 0.94, 0.95, 0.52, 0.62, 0.98, 0.88, 1.03, 1.05, 1.06, 1.28, 1.3, 1.31, 1.06, 0.56, 0.81, 1.12, 1.73, 0.7, 0.86, 0.81, 1.23, 1.25, 1.27, 1.33, 1.2, 1.22, 1.31, 1.67, 0.72, 0.86, 1.44, 1.28, 1.12, 0.05, 0.88, 1.5, 1.56, 1.58, 1.53, 1.52, 1.59, 1.59, 0.78, 1.19, 1.09, 1.11, 1.12, 1.16, 1.17, 1.14, 0.97, 1.36, 1.25, 0.88, 1.27, 1.28, 1.3, 1.66, 1.48, 1.5, 1.31, 0.89, 1.53, 1.55, 1.56, 1.58, 0.88, 1.36, 0.84, 1.45, 1.34, 1.81, 1.7, 1.58, 1.36, 1.38, 1.39, 1.55, 1.83, 1.12, 1.12, 1.77, 1.44, 0.89, 1.45, 1.45, 0.91, 1.92, 1.94, 0.92, 1.95, 1.97, 1.95, 1.47, 1.95, 1.53, 1.55, 1.48, 1.5, 0.94, 1.44, 2.02, 2.03, 2.05, 2.06, 2.06, 2.09, 0.83, 2.06, 2.0, 2.0, 2.17, 2.02, 1.38, 1.75, 1.78, 1.64, 1.66, 1.42, 1.36, 1.39, 1.41, 1.42, 1.42, 1.41, 1.47, 2.17, 2.11, 2.12, 2.14, 2.28, 1.67, 1.69, 1.7, 2.55, 1.38, 2.66, 1.47, 1.48, 1.8, 1.42, 2.7, 1.44, 2.06, 1.86, 1.39, 2.05, 2.06, 3.8, 1.03, 1.02, 3.0, 1.88, 2.34, 1.66, 2.17, 0.97, 4.05, 3.73, 3.75, 3.75, 2.11, 2.12, 1.89, 2.34, 1.91, 2.64, 2.66, 3.08, 1.94, 3.2, 2.17, 1.92, 1.94, 2.0, 0.23, 0.73, 0.75, 1.48, 1.38, 0.92, 0.94, 0.95, 0.97, 0.98, 1.78, 1.34, 1.36, 1.05, 1.06, 1.08, 1.09, 1.11, 2.28, 1.12, 1.14, 1.16, 1.16, 1.17, 1.19, 1.2, 4.0, 1.25, 4.06, 3.97, 0.25, 0.09, 1.08, 0.78, 0.8, 0.81, 1.38, 4.23, 3.97, 3.98, 3.7, 1.06, 1.42, 4.33, 4.34, 4.38, 1.19, 1.2, 1.22, 1.23, 1.25, 1.27, 1.28, 1.3, 1.31, 1.23, 4.52, 1.28, 1.3, 1.33, 0.83, 0.84, 1.41, 1.2, 0.86, 0.88, 0.89, 0.91, 0.92, 0.94, 0.95, 0.91, 0.94, 0.95, 0.81, 2.06, 1.97, 1.28, 2.2, 2.09, 2.25, 1.97, 2.12, 2.06, 2.08, 2.09, 2.11, 2.12, 2.11, 2.05, 1.92, 1.94, 0.83, 0.84, 2.16, 1.78, 1.38, 1.39, 1.95, 1.97, 2.34, 1.92, 1.67, 1.39, 1.41, 1.42, 1.44, 1.45, 1.47, 1.48, 1.5, 1.52, 1.53, 1.94, 4.11, 1.75, 1.77, 1.84, 1.86, 1.34, 1.16, 1.17, 1.19, 1.89, 1.05, 2.09, 1.33, 5.84, 1.81, 1.77, 1.78, 1.8, 6.69, 1.88, 1.73, 0.33, 0.52, 0.22, 0.38, 0.05, 0.03, 0.03, 0.36, 0.05, 0.11, 0.17, 0.06, 0.11, 0.09, 0.39, 0.67, 0.27, 0.41, 0.42, 1.22, 1.36, 0.94, 0.95, 0.97, 2.03, 1.88, 1.09, 1.11, 0.09, 0.97, 0.38, 0.42, 0.44, 2.38, 0.11, 0.16, 0.61, 0.36, 0.33, 0.28, 0.3, 1.38, 0.84, 0.7, 0.86, 0.56, 0.89, 0.73, 0.75, 0.77, 0.78, 1.0, 0.84, 0.86, 0.88, 0.89, 0.91, 0.92, 0.56, 0.58, 0.86, 0.67, 0.58, 0.59, 0.48, 0.5, 0.44, 0.52, 0.28, 0.12, 0.16, 0.16, 0.17, 0.48, 0.5, 0.62, 0.19, 1.02, 0.81, 0.83, 0.84, 0.88, 7.84, 1.08, 1.3, 1.06, 2.55, 0.36, 0.81, 2.23, 1.42, 1.11, 0.98, 1.0, 1.42, 1.53, 1.55, 1.61, 1.62, 1.64, 1.56, 1.58, 1.69, 1.7, 1.72, 3.14, 1.59, 1.61, 1.62, 2.03, 1.64, 1.66, 0.83, 0.84, 2.78, 1.58, 0.56, 0.58, 0.56, 0.39, 0.41, 0.2, 0.44, 0.45, 0.47, 5.67, 3.81, 0.94, 0.19, 3.77, 3.8, 3.81, 0.17, 4.02, 4.03, 4.05, 4.06, 4.08, 4.09, 4.11, 4.12, 4.14, 0.39, 0.66, 0.48, 0.5, 0.2, 0.19, 0.22, 0.3, 0.22, 0.34, 0.36, 0.22, 0.69, 4.2, 4.22, 4.23, 4.25, 4.27, 4.28, 4.3, 4.31, 4.33, 4.34, 4.36, 4.38, 4.14, 3.09, 2.22, 4.91, 1.67, 0.09, 2.44, 5.02, 2.62, 1.88, 0.33, 0.06, 2.94, 2.81, 0.59, 0.75, 0.67, 0.92, 0.33, 0.45, 3.3, 3.52, 3.25, 4.05, 1.39, 1.31, 3.11, 5.02, 1.36, 1.39, 5.06, 3.88, 3.89, 3.91, 3.92, 5.16, 5.17, 5.19, 3.94, 3.95, 3.94, 5.28, 4.23, 3.61, 3.59, 5.75, 1.3, 0.41, 1.27, 5.33, 0.97, 1.31, 5.08, 1.33, 2.52, 2.53, 2.28, 3.34, 3.36, 3.38, 3.39, 3.41, 3.42, 3.44, 1.62, 0.27, 0.31, 0.33, 5.58, 5.91, 2.64, 2.66, 2.67, 0.33, 2.02, 1.36, 1.38, 1.39, 1.41, 1.42, 1.73, 6.23, 6.25, 6.27, 6.25, 3.8, 3.81, 3.81, 4.08, 0.75, 2.92, 6.17, 0.98, 6.39, 0.77, 0.45, 0.47, 0.48, 0.5, 0.64, 0.75, 0.47, 0.98, 5.73, 4.05, 4.02, 4.08, 4.09, 4.11, 4.23, 4.14, 4.11, 4.19, 4.12, 4.14, 4.22, 4.08, 3.3, 1.0, 6.66, 0.44, 4.03, 0.45, 0.3, 0.25, 0.31, 5.45, 0.27, 1.22, 0.56, 0.58, 0.59, 0.61, 3.8, 2.66, 3.62, 3.28, 3.3, 3.31, 0.86, 5.19, 3.69, 2.67, 5.91, 4.62, 3.42, 5.95, 0.58, 0.94, 6.0, 6.02, 5.98, 0.95, 3.47, 4.62, 4.27, 4.28, 4.3, 3.48, 6.0, 0.97, 0.98, 3.84, 3.47, 3.48, 0.59, 2.5, 1.0, 1.02, 4.89, 4.58, 0.61, 1.16, 1.17, 3.09, 1.14, 3.42, 2.69, 2.7, 2.72, 2.73, 3.55, 2.73, 2.75, 2.77, 3.61, 4.94, 4.95, 4.95, 4.98, 1.5, 1.52, 3.16, 1.53, 2.77, 2.84, 2.86, 2.88, 2.89, 2.91, 2.78, 1.67, 1.55, 1.88, 0.62, 0.34, 0.36, 0.38, 7.16, 2.05, 7.19, 2.16, 2.17, 2.19, 2.19, 2.06, 2.08, 7.33, 2.3, 1.92, 1.94, 1.95, 1.97, 1.98, 2.0, 5.58, 2.58, 8.02, 2.92, 7.23, 4.91, 4.92, 4.94, 4.95, 2.98, 3.0, 3.02, 3.03, 3.03, 3.06, 3.08, 3.09, 3.09, 3.12, 3.17, 3.14, 3.2, 3.22, 3.05, 3.02, 5.38, 5.27, 5.12, 3.17, 3.17, 4.98, 2.2, 1.45, 1.05, 0.7, 1.3, 1.05, 0.72, 1.19, 1.17, 1.12, 1.19, 1.19, 1.2, 1.22, 1.14, 0.73, 1.17, 0.8, 0.81, 1.08, 0.83, 0.84, 0.86, 0.75, 1.39, 1.19, 1.2, 0.78, 0.36, 0.41, 0.42]

ILAO*:
Tiempo requerido: 0.296
Iteraciones requeridas: 61
Nodos expandidos: 872

RLAO*:
Tiempo requerido: 0.597
Iteraciones requeridas: 42
Nodos expandidos: 1764

BLAO*:
Tiempo requerido: 1.241
Iteraciones requeridas: 42
Nodos expandidos: 2565

VI:
Tiempo requerido: 4.419
Iteraciones requeridas: 86

Problema 4
-------------------------------------------------------
LAO*:
Tiempo requerido: 22.723
Iteraciones requeridas: 896
Nodos expandidos: 896
Porcentajes del conjunto Z: [0.02, 0.03, 0.05, 0.06, 0.05, 0.05, 0.11, 0.12, 0.14, 0.16, 0.12, 0.06, 0.17, 0.08, 0.09, 0.22, 0.25, 0.28, 0.28, 0.23, 0.3, 0.2, 0.16, 0.17, 0.19, 0.17, 0.11, 0.08, 0.2, 0.2, 0.17, 0.25, 0.22, 0.19, 0.23, 0.23, 0.25, 0.31, 0.33, 0.34, 0.36, 0.38, 0.39, 0.38, 0.39, 0.44, 0.41, 0.47, 0.48, 0.5, 0.52, 0.53, 0.52, 0.48, 0.5, 0.52, 0.53, 0.55, 0.56, 0.58, 0.59, 0.55, 0.66, 0.64, 0.59, 0.61, 0.47, 0.47, 0.48, 0.31, 0.05, 0.25, 0.27, 0.56, 0.55, 0.41, 0.25, 0.16, 0.17, 0.72, 1.14, 0.78, 0.19, 0.2, 0.92, 0.94, 0.97, 0.77, 0.11, 0.28, 0.3, 0.31, 0.44, 0.39, 0.34, 0.22, 0.67, 0.19, 0.28, 0.34, 0.58, 0.61, 0.62, 0.44, 0.61, 0.62, 0.64, 0.47, 0.38, 1.41, 1.23, 0.66, 0.67, 0.66, 0.67, 0.72, 0.73, 0.69, 0.33, 0.33, 1.06, 0.86, 1.31, 0.58, 0.77, 0.61, 0.94, 1.17, 1.19, 0.95, 0.97, 0.88, 0.94, 0.95, 0.52, 0.62, 0.98, 0.88, 1.03, 1.05, 1.06, 1.28, 1.3, 1.31, 1.06, 0.56, 0.81, 1.12, 1.73, 0.7, 0.86, 0.81, 1.23, 1.25, 1.27, 1.33, 1.2, 1.22, 1.31, 1.67, 0.72, 0.86, 1.44, 1.28, 1.12, 0.05, 0.88, 1.5, 1.56, 1.58, 1.53, 1.52, 1.59, 1.59, 0.78, 1.19, 1.09, 1.11, 1.12, 1.16, 1.17, 1.14, 0.97, 1.36, 1.25, 0.88, 1.27, 1.28, 1.3, 1.66, 1.48, 1.5, 1.31, 0.89, 1.53, 1.55, 1.56, 1.58, 0.88, 1.36, 0.84, 1.45, 1.34, 1.81, 1.7, 1.58, 1.36, 1.38, 1.39, 1.55, 1.83, 1.12, 1.12, 1.77, 1.44, 0.89, 1.45, 1.45, 0.91, 1.92, 1.94, 0.92, 1.95, 1.97, 1.95, 1.47, 1.95, 1.53, 1.55, 1.48, 1.5, 0.94, 1.44, 2.02, 2.03, 2.05, 2.06, 2.06, 2.09, 0.83, 2.06, 2.0, 2.0, 2.17, 2.02, 1.38, 1.75, 1.78, 1.64, 1.66, 1.42, 1.36, 1.39, 1.41, 1.42, 1.42, 1.41, 1.47, 2.17, 2.11, 2.12, 2.14, 2.28, 1.67, 1.69, 1.7, 2.55, 1.38, 2.66, 1.47, 1.48, 1.8, 1.42, 2.7, 1.44, 2.06, 1.86, 1.39, 2.05, 2.06, 3.8, 1.03, 1.02, 3.0, 1.88, 2.34, 1.66, 2.17, 0.97, 4.05, 3.73, 3.75, 3.75, 2.11, 2.12, 1.89, 2.34, 1.91, 2.64, 2.66, 3.08, 1.94, 3.2, 2.17, 1.92, 1.94, 2.0, 0.23, 0.73, 0.75, 1.48, 1.38, 0.92, 0.94, 0.95, 0.97, 0.98, 1.78, 1.34, 1.36, 1.05, 1.06, 1.08, 1.09, 1.11, 2.28, 1.12, 1.14, 1.16, 1.16, 1.17, 1.19, 1.2, 4.0, 1.25, 4.06, 3.97, 0.25, 0.09, 1.08, 0.78, 0.8, 0.81, 1.38, 4.23, 3.97, 3.98, 3.7, 1.06, 1.42, 4.33, 4.34, 4.38, 1.19, 1.2, 1.22, 1.23, 1.25, 1.27, 1.28, 1.3, 1.31, 1.23, 4.52, 1.28, 1.3, 1.33, 0.83, 0.84, 1.41, 1.2, 0.86, 0.88, 0.89, 0.91, 0.92, 0.94, 0.95, 0.91, 0.94, 0.95, 0.81, 2.06, 1.97, 1.28, 2.2, 2.09, 2.25, 1.97, 2.12, 2.06, 2.08, 2.09, 2.11, 2.12, 2.11, 2.05, 1.92, 1.94, 0.83, 0.84, 2.16, 1.78, 1.38, 1.39, 1.95, 1.97, 2.34, 1.92, 1.67, 1.39, 1.41, 1.42, 1.44, 1.45, 1.47, 1.48, 1.5, 1.52, 1.53, 1.94, 4.11, 1.75, 1.77, 1.84, 1.86, 1.34, 1.16, 1.17, 1.19, 1.89, 1.05, 2.09, 1.33, 5.84, 1.81, 1.77, 1.78, 1.8, 6.69, 1.88, 1.73, 0.33, 0.52, 0.22, 0.38, 0.05, 0.03, 0.03, 0.36, 0.05, 0.11, 0.17, 0.06, 0.11, 0.09, 0.39, 0.67, 0.27, 0.41, 0.42, 1.22, 1.36, 0.94, 0.95, 0.97, 2.03, 1.88, 1.09, 1.11, 0.09, 0.97, 0.38, 0.42, 0.44, 2.38, 0.11, 0.16, 0.61, 0.36, 0.33, 0.28, 0.3, 1.38, 0.84, 0.7, 0.86, 0.56, 0.89, 0.73, 0.75, 0.77, 0.78, 1.0, 0.84, 0.86, 0.88, 0.89, 0.91, 0.92, 0.56, 0.58, 0.86, 0.67, 0.58, 0.59, 0.48, 0.5, 0.44, 0.52, 0.28, 0.12, 0.16, 0.16, 0.17, 0.48, 0.5, 0.62, 0.19, 1.02, 0.81, 0.83, 0.84, 0.88, 7.84, 1.08, 1.3, 1.06, 2.55, 0.36, 0.81, 2.23, 1.42, 1.11, 0.98, 1.0, 1.42, 1.53, 1.55, 1.61, 1.62, 1.64, 1.56, 1.58, 1.69, 1.7, 1.72, 3.14, 1.59, 1.61, 1.62, 2.03, 1.64, 1.66, 0.83, 0.84, 2.78, 1.58, 0.56, 0.58, 0.56, 0.39, 0.41, 0.2, 0.44, 0.45, 0.47, 5.67, 3.81, 0.94, 0.19, 3.77, 3.8, 3.81, 0.17, 4.02, 4.03, 4.05, 4.06, 4.08, 4.09, 4.11, 4.12, 4.14, 0.39, 0.66, 0.48, 0.5, 0.2, 0.19, 0.22, 0.3, 0.22, 0.34, 0.36, 0.22, 0.69, 4.2, 4.22, 4.23, 4.25, 4.27, 4.28, 4.3, 4.31, 4.33, 4.34, 4.36, 4.38, 4.14, 3.09, 2.22, 4.91, 1.67, 0.09, 2.44, 5.02, 2.62, 1.88, 0.33, 0.06, 2.94, 2.81, 0.59, 0.75, 0.67, 0.92, 0.33, 0.45, 3.3, 3.52, 3.25, 4.05, 1.39, 1.31, 3.11, 5.02, 1.36, 1.39, 5.06, 3.88, 3.89, 3.91, 3.92, 5.16, 5.17, 5.19, 3.94, 3.95, 3.94, 5.28, 4.23, 3.61, 3.59, 5.75, 1.3, 0.41, 1.27, 5.33, 0.97, 1.31, 5.08, 1.33, 2.52, 2.53, 2.28, 3.34, 3.36, 3.38, 3.39, 3.41, 3.42, 3.44, 1.62, 0.27, 0.31, 0.33, 5.58, 5.91, 2.64, 2.66, 2.67, 0.33, 2.02, 1.36, 1.38, 1.39, 1.41, 1.42, 1.73, 6.23, 6.25, 6.27, 6.25, 3.8, 3.81, 3.81, 4.08, 0.75, 2.92, 6.17, 0.98, 6.39, 0.77, 0.45, 0.47, 0.48, 0.5, 0.64, 0.75, 0.47, 0.98, 5.73, 4.05, 4.02, 4.08, 4.09, 4.11, 4.23, 4.14, 4.11, 4.19, 4.12, 4.14, 4.22, 4.08, 3.3, 1.0, 6.66, 0.44, 4.03, 0.45, 0.3, 0.25, 0.31, 5.45, 0.27, 1.22, 0.56, 0.58, 0.59, 0.61, 3.8, 2.66, 3.62, 3.28, 3.3, 3.31, 0.86, 5.19, 3.69, 2.67, 5.91, 4.62, 3.42, 5.95, 0.58, 0.94, 6.0, 6.02, 5.98, 0.95, 3.47, 4.62, 4.27, 4.28, 4.3, 3.48, 6.0, 0.97, 0.98, 3.84, 3.47, 3.48, 0.59, 2.5, 1.0, 1.02, 4.89, 4.58, 0.61, 1.16, 1.17, 3.09, 1.14, 3.42, 2.69, 2.7, 2.72, 2.73, 3.55, 2.73, 2.75, 2.77, 3.61, 4.94, 4.95, 4.95, 4.98, 1.5, 1.52, 3.16, 1.53, 2.77, 2.84, 2.86, 2.88, 2.89, 2.91, 2.78, 1.67, 1.55, 1.88, 0.62, 0.34, 0.36, 0.38, 7.16, 2.05, 7.19, 2.16, 2.17, 2.19, 2.19, 2.06, 2.08, 7.33, 2.3, 1.92, 1.94, 1.95, 1.97, 1.98, 2.0, 5.58, 2.58, 8.02, 2.92, 7.23, 4.91, 4.92, 4.94, 4.95, 2.98, 3.0, 3.02, 3.03, 3.03, 3.06, 3.08, 3.09, 3.09, 3.12, 3.17, 3.14, 3.2, 3.22, 3.05, 3.02, 5.38, 5.27, 5.12, 3.17, 3.17, 4.98, 2.2, 1.45, 1.05, 0.7, 1.3, 1.05, 0.72, 1.19, 1.17, 1.12, 1.19, 1.19, 1.2, 1.22, 1.14, 0.73, 1.17, 0.8, 0.81, 1.08, 0.83, 0.84, 0.86, 0.75, 1.39, 1.19, 1.2, 0.78, 0.36, 0.41, 0.42]

ILAO*:
Tiempo requerido: 0.285
Iteraciones requeridas: 61
Nodos expandidos: 872

RLAO*:
Tiempo requerido: 0.521
Iteraciones requeridas: 42
Nodos expandidos: 1764

BLAO*:
Tiempo requerido: 1.373
Iteraciones requeridas: 42
Nodos expandidos: 2565

VI:
Tiempo requerido: 4.421
Iteraciones requeridas: 86

Problema 5
-------------------------------------------------------
LAO*:
Tiempo requerido: 24.41
Iteraciones requeridas: 896
Nodos expandidos: 896
Porcentajes del conjunto Z: [0.02, 0.03, 0.05, 0.06, 0.05, 0.05, 0.11, 0.12, 0.14, 0.16, 0.12, 0.06, 0.17, 0.08, 0.09, 0.22, 0.25, 0.28, 0.28, 0.23, 0.3, 0.2, 0.16, 0.17, 0.19, 0.17, 0.11, 0.08, 0.2, 0.2, 0.17, 0.25, 0.22, 0.19, 0.23, 0.23, 0.25, 0.31, 0.33, 0.34, 0.36, 0.38, 0.39, 0.38, 0.39, 0.44, 0.41, 0.47, 0.48, 0.5, 0.52, 0.53, 0.52, 0.48, 0.5, 0.52, 0.53, 0.55, 0.56, 0.58, 0.59, 0.55, 0.66, 0.64, 0.59, 0.61, 0.47, 0.47, 0.48, 0.31, 0.05, 0.25, 0.27, 0.56, 0.55, 0.41, 0.25, 0.16, 0.17, 0.72, 1.14, 0.78, 0.19, 0.2, 0.92, 0.94, 0.97, 0.77, 0.11, 0.28, 0.3, 0.31, 0.44, 0.39, 0.34, 0.22, 0.67, 0.19, 0.28, 0.34, 0.58, 0.61, 0.62, 0.44, 0.61, 0.62, 0.64, 0.47, 0.38, 1.41, 1.23, 0.66, 0.67, 0.66, 0.67, 0.72, 0.73, 0.69, 0.33, 0.33, 1.06, 0.86, 1.31, 0.58, 0.77, 0.61, 0.94, 1.17, 1.19, 0.95, 0.97, 0.88, 0.94, 0.95, 0.52, 0.62, 0.98, 0.88, 1.03, 1.05, 1.06, 1.28, 1.3, 1.31, 1.06, 0.56, 0.81, 1.12, 1.73, 0.7, 0.86, 0.81, 1.23, 1.25, 1.27, 1.33, 1.2, 1.22, 1.31, 1.67, 0.72, 0.86, 1.44, 1.28, 1.12, 0.05, 0.88, 1.5, 1.56, 1.58, 1.53, 1.52, 1.59, 1.59, 0.78, 1.19, 1.09, 1.11, 1.12, 1.16, 1.17, 1.14, 0.97, 1.36, 1.25, 0.88, 1.27, 1.28, 1.3, 1.66, 1.48, 1.5, 1.31, 0.89, 1.53, 1.55, 1.56, 1.58, 0.88, 1.36, 0.84, 1.45, 1.34, 1.81, 1.7, 1.58, 1.36, 1.38, 1.39, 1.55, 1.83, 1.12, 1.12, 1.77, 1.44, 0.89, 1.45, 1.45, 0.91, 1.92, 1.94, 0.92, 1.95, 1.97, 1.95, 1.47, 1.95, 1.53, 1.55, 1.48, 1.5, 0.94, 1.44, 2.02, 2.03, 2.05, 2.06, 2.06, 2.09, 0.83, 2.06, 2.0, 2.0, 2.17, 2.02, 1.38, 1.75, 1.78, 1.64, 1.66, 1.42, 1.36, 1.39, 1.41, 1.42, 1.42, 1.41, 1.47, 2.17, 2.11, 2.12, 2.14, 2.28, 1.67, 1.69, 1.7, 2.55, 1.38, 2.66, 1.47, 1.48, 1.8, 1.42, 2.7, 1.44, 2.06, 1.86, 1.39, 2.05, 2.06, 3.8, 1.03, 1.02, 3.0, 1.88, 2.34, 1.66, 2.17, 0.97, 4.05, 3.73, 3.75, 3.75, 2.11, 2.12, 1.89, 2.34, 1.91, 2.64, 2.66, 3.08, 1.94, 3.2, 2.17, 1.92, 1.94, 2.0, 0.23, 0.73, 0.75, 1.48, 1.38, 0.92, 0.94, 0.95, 0.97, 0.98, 1.78, 1.34, 1.36, 1.05, 1.06, 1.08, 1.09, 1.11, 2.28, 1.12, 1.14, 1.16, 1.16, 1.17, 1.19, 1.2, 4.0, 1.25, 4.06, 3.97, 0.25, 0.09, 1.08, 0.78, 0.8, 0.81, 1.38, 4.23, 3.97, 3.98, 3.7, 1.06, 1.42, 4.33, 4.34, 4.38, 1.19, 1.2, 1.22, 1.23, 1.25, 1.27, 1.28, 1.3, 1.31, 1.23, 4.52, 1.28, 1.3, 1.33, 0.83, 0.84, 1.41, 1.2, 0.86, 0.88, 0.89, 0.91, 0.92, 0.94, 0.95, 0.91, 0.94, 0.95, 0.81, 2.06, 1.97, 1.28, 2.2, 2.09, 2.25, 1.97, 2.12, 2.06, 2.08, 2.09, 2.11, 2.12, 2.11, 2.05, 1.92, 1.94, 0.83, 0.84, 2.16, 1.78, 1.38, 1.39, 1.95, 1.97, 2.34, 1.92, 1.67, 1.39, 1.41, 1.42, 1.44, 1.45, 1.47, 1.48, 1.5, 1.52, 1.53, 1.94, 4.11, 1.75, 1.77, 1.84, 1.86, 1.34, 1.16, 1.17, 1.19, 1.89, 1.05, 2.09, 1.33, 5.84, 1.81, 1.77, 1.78, 1.8, 6.69, 1.88, 1.73, 0.33, 0.52, 0.22, 0.38, 0.05, 0.03, 0.03, 0.36, 0.05, 0.11, 0.17, 0.06, 0.11, 0.09, 0.39, 0.67, 0.27, 0.41, 0.42, 1.22, 1.36, 0.94, 0.95, 0.97, 2.03, 1.88, 1.09, 1.11, 0.09, 0.97, 0.38, 0.42, 0.44, 2.38, 0.11, 0.16, 0.61, 0.36, 0.33, 0.28, 0.3, 1.38, 0.84, 0.7, 0.86, 0.56, 0.89, 0.73, 0.75, 0.77, 0.78, 1.0, 0.84, 0.86, 0.88, 0.89, 0.91, 0.92, 0.56, 0.58, 0.86, 0.67, 0.58, 0.59, 0.48, 0.5, 0.44, 0.52, 0.28, 0.12, 0.16, 0.16, 0.17, 0.48, 0.5, 0.62, 0.19, 1.02, 0.81, 0.83, 0.84, 0.88, 7.84, 1.08, 1.3, 1.06, 2.55, 0.36, 0.81, 2.23, 1.42, 1.11, 0.98, 1.0, 1.42, 1.53, 1.55, 1.61, 1.62, 1.64, 1.56, 1.58, 1.69, 1.7, 1.72, 3.14, 1.59, 1.61, 1.62, 2.03, 1.64, 1.66, 0.83, 0.84, 2.78, 1.58, 0.56, 0.58, 0.56, 0.39, 0.41, 0.2, 0.44, 0.45, 0.47, 5.67, 3.81, 0.94, 0.19, 3.77, 3.8, 3.81, 0.17, 4.02, 4.03, 4.05, 4.06, 4.08, 4.09, 4.11, 4.12, 4.14, 0.39, 0.66, 0.48, 0.5, 0.2, 0.19, 0.22, 0.3, 0.22, 0.34, 0.36, 0.22, 0.69, 4.2, 4.22, 4.23, 4.25, 4.27, 4.28, 4.3, 4.31, 4.33, 4.34, 4.36, 4.38, 4.14, 3.09, 2.22, 4.91, 1.67, 0.09, 2.44, 5.02, 2.62, 1.88, 0.33, 0.06, 2.94, 2.81, 0.59, 0.75, 0.67, 0.92, 0.33, 0.45, 3.3, 3.52, 3.25, 4.05, 1.39, 1.31, 3.11, 5.02, 1.36, 1.39, 5.06, 3.88, 3.89, 3.91, 3.92, 5.16, 5.17, 5.19, 3.94, 3.95, 3.94, 5.28, 4.23, 3.61, 3.59, 5.75, 1.3, 0.41, 1.27, 5.33, 0.97, 1.31, 5.08, 1.33, 2.52, 2.53, 2.28, 3.34, 3.36, 3.38, 3.39, 3.41, 3.42, 3.44, 1.62, 0.27, 0.31, 0.33, 5.58, 5.91, 2.64, 2.66, 2.67, 0.33, 2.02, 1.36, 1.38, 1.39, 1.41, 1.42, 1.73, 6.23, 6.25, 6.27, 6.25, 3.8, 3.81, 3.81, 4.08, 0.75, 2.92, 6.17, 0.98, 6.39, 0.77, 0.45, 0.47, 0.48, 0.5, 0.64, 0.75, 0.47, 0.98, 5.73, 4.05, 4.02, 4.08, 4.09, 4.11, 4.23, 4.14, 4.11, 4.19, 4.12, 4.14, 4.22, 4.08, 3.3, 1.0, 6.66, 0.44, 4.03, 0.45, 0.3, 0.25, 0.31, 5.45, 0.27, 1.22, 0.56, 0.58, 0.59, 0.61, 3.8, 2.66, 3.62, 3.28, 3.3, 3.31, 0.86, 5.19, 3.69, 2.67, 5.91, 4.62, 3.42, 5.95, 0.58, 0.94, 6.0, 6.02, 5.98, 0.95, 3.47, 4.62, 4.27, 4.28, 4.3, 3.48, 6.0, 0.97, 0.98, 3.84, 3.47, 3.48, 0.59, 2.5, 1.0, 1.02, 4.89, 4.58, 0.61, 1.16, 1.17, 3.09, 1.14, 3.42, 2.69, 2.7, 2.72, 2.73, 3.55, 2.73, 2.75, 2.77, 3.61, 4.94, 4.95, 4.95, 4.98, 1.5, 1.52, 3.16, 1.53, 2.77, 2.84, 2.86, 2.88, 2.89, 2.91, 2.78, 1.67, 1.55, 1.88, 0.62, 0.34, 0.36, 0.38, 7.16, 2.05, 7.19, 2.16, 2.17, 2.19, 2.19, 2.06, 2.08, 7.33, 2.3, 1.92, 1.94, 1.95, 1.97, 1.98, 2.0, 5.58, 2.58, 8.02, 2.92, 7.23, 4.91, 4.92, 4.94, 4.95, 2.98, 3.0, 3.02, 3.03, 3.03, 3.06, 3.08, 3.09, 3.09, 3.12, 3.17, 3.14, 3.2, 3.22, 3.05, 3.02, 5.38, 5.27, 5.12, 3.17, 3.17, 4.98, 2.2, 1.45, 1.05, 0.7, 1.3, 1.05, 0.72, 1.19, 1.17, 1.12, 1.19, 1.19, 1.2, 1.22, 1.14, 0.73, 1.17, 0.8, 0.81, 1.08, 0.83, 0.84, 0.86, 0.75, 1.39, 1.19, 1.2, 0.78, 0.36, 0.41, 0.42]

ILAO*:
Tiempo requerido: 0.293
Iteraciones requeridas: 61
Nodos expandidos: 872

RLAO*:
Tiempo requerido: 0.558
Iteraciones requeridas: 42
Nodos expandidos: 1764

BLAO*:
Tiempo requerido: 1.276
Iteraciones requeridas: 42
Nodos expandidos: 2565

VI:
Tiempo requerido: 4.581
Iteraciones requeridas: 86

Problema 6
-------------------------------------------------------
LAO*:
Tiempo requerido: 23.181
Iteraciones requeridas: 896
Nodos expandidos: 896
Porcentajes del conjunto Z: [0.02, 0.03, 0.05, 0.06, 0.05, 0.05, 0.11, 0.12, 0.14, 0.16, 0.12, 0.06, 0.17, 0.08, 0.09, 0.22, 0.25, 0.28, 0.28, 0.23, 0.3, 0.2, 0.16, 0.17, 0.19, 0.17, 0.11, 0.08, 0.2, 0.2, 0.17, 0.25, 0.22, 0.19, 0.23, 0.23, 0.25, 0.31, 0.33, 0.34, 0.36, 0.38, 0.39, 0.38, 0.39, 0.44, 0.41, 0.47, 0.48, 0.5, 0.52, 0.53, 0.52, 0.48, 0.5, 0.52, 0.53, 0.55, 0.56, 0.58, 0.59, 0.55, 0.66, 0.64, 0.59, 0.61, 0.47, 0.47, 0.48, 0.31, 0.05, 0.25, 0.27, 0.56, 0.55, 0.41, 0.25, 0.16, 0.17, 0.72, 1.14, 0.78, 0.19, 0.2, 0.92, 0.94, 0.97, 0.77, 0.11, 0.28, 0.3, 0.31, 0.44, 0.39, 0.34, 0.22, 0.67, 0.19, 0.28, 0.34, 0.58, 0.61, 0.62, 0.44, 0.61, 0.62, 0.64, 0.47, 0.38, 1.41, 1.23, 0.66, 0.67, 0.66, 0.67, 0.72, 0.73, 0.69, 0.33, 0.33, 1.06, 0.86, 1.31, 0.58, 0.77, 0.61, 0.94, 1.17, 1.19, 0.95, 0.97, 0.88, 0.94, 0.95, 0.52, 0.62, 0.98, 0.88, 1.03, 1.05, 1.06, 1.28, 1.3, 1.31, 1.06, 0.56, 0.81, 1.12, 1.73, 0.7, 0.86, 0.81, 1.23, 1.25, 1.27, 1.33, 1.2, 1.22, 1.31, 1.67, 0.72, 0.86, 1.44, 1.28, 1.12, 0.05, 0.88, 1.5, 1.56, 1.58, 1.53, 1.52, 1.59, 1.59, 0.78, 1.19, 1.09, 1.11, 1.12, 1.16, 1.17, 1.14, 0.97, 1.36, 1.25, 0.88, 1.27, 1.28, 1.3, 1.66, 1.48, 1.5, 1.31, 0.89, 1.53, 1.55, 1.56, 1.58, 0.88, 1.36, 0.84, 1.45, 1.34, 1.81, 1.7, 1.58, 1.36, 1.38, 1.39, 1.55, 1.83, 1.12, 1.12, 1.77, 1.44, 0.89, 1.45, 1.45, 0.91, 1.92, 1.94, 0.92, 1.95, 1.97, 1.95, 1.47, 1.95, 1.53, 1.55, 1.48, 1.5, 0.94, 1.44, 2.02, 2.03, 2.05, 2.06, 2.06, 2.09, 0.83, 2.06, 2.0, 2.0, 2.17, 2.02, 1.38, 1.75, 1.78, 1.64, 1.66, 1.42, 1.36, 1.39, 1.41, 1.42, 1.42, 1.41, 1.47, 2.17, 2.11, 2.12, 2.14, 2.28, 1.67, 1.69, 1.7, 2.55, 1.38, 2.66, 1.47, 1.48, 1.8, 1.42, 2.7, 1.44, 2.06, 1.86, 1.39, 2.05, 2.06, 3.8, 1.03, 1.02, 3.0, 1.88, 2.34, 1.66, 2.17, 0.97, 4.05, 3.73, 3.75, 3.75, 2.11, 2.12, 1.89, 2.34, 1.91, 2.64, 2.66, 3.08, 1.94, 3.2, 2.17, 1.92, 1.94, 2.0, 0.23, 0.73, 0.75, 1.48, 1.38, 0.92, 0.94, 0.95, 0.97, 0.98, 1.78, 1.34, 1.36, 1.05, 1.06, 1.08, 1.09, 1.11, 2.28, 1.12, 1.14, 1.16, 1.16, 1.17, 1.19, 1.2, 4.0, 1.25, 4.06, 3.97, 0.25, 0.09, 1.08, 0.78, 0.8, 0.81, 1.38, 4.23, 3.97, 3.98, 3.7, 1.06, 1.42, 4.33, 4.34, 4.38, 1.19, 1.2, 1.22, 1.23, 1.25, 1.27, 1.28, 1.3, 1.31, 1.23, 4.52, 1.28, 1.3, 1.33, 0.83, 0.84, 1.41, 1.2, 0.86, 0.88, 0.89, 0.91, 0.92, 0.94, 0.95, 0.91, 0.94, 0.95, 0.81, 2.06, 1.97, 1.28, 2.2, 2.09, 2.25, 1.97, 2.12, 2.06, 2.08, 2.09, 2.11, 2.12, 2.11, 2.05, 1.92, 1.94, 0.83, 0.84, 2.16, 1.78, 1.38, 1.39, 1.95, 1.97, 2.34, 1.92, 1.67, 1.39, 1.41, 1.42, 1.44, 1.45, 1.47, 1.48, 1.5, 1.52, 1.53, 1.94, 4.11, 1.75, 1.77, 1.84, 1.86, 1.34, 1.16, 1.17, 1.19, 1.89, 1.05, 2.09, 1.33, 5.84, 1.81, 1.77, 1.78, 1.8, 6.69, 1.88, 1.73, 0.33, 0.52, 0.22, 0.38, 0.05, 0.03, 0.03, 0.36, 0.05, 0.11, 0.17, 0.06, 0.11, 0.09, 0.39, 0.67, 0.27, 0.41, 0.42, 1.22, 1.36, 0.94, 0.95, 0.97, 2.03, 1.88, 1.09, 1.11, 0.09, 0.97, 0.38, 0.42, 0.44, 2.38, 0.11, 0.16, 0.61, 0.36, 0.33, 0.28, 0.3, 1.38, 0.84, 0.7, 0.86, 0.56, 0.89, 0.73, 0.75, 0.77, 0.78, 1.0, 0.84, 0.86, 0.88, 0.89, 0.91, 0.92, 0.56, 0.58, 0.86, 0.67, 0.58, 0.59, 0.48, 0.5, 0.44, 0.52, 0.28, 0.12, 0.16, 0.16, 0.17, 0.48, 0.5, 0.62, 0.19, 1.02, 0.81, 0.83, 0.84, 0.88, 7.84, 1.08, 1.3, 1.06, 2.55, 0.36, 0.81, 2.23, 1.42, 1.11, 0.98, 1.0, 1.42, 1.53, 1.55, 1.61, 1.62, 1.64, 1.56, 1.58, 1.69, 1.7, 1.72, 3.14, 1.59, 1.61, 1.62, 2.03, 1.64, 1.66, 0.83, 0.84, 2.78, 1.58, 0.56, 0.58, 0.56, 0.39, 0.41, 0.2, 0.44, 0.45, 0.47, 5.67, 3.81, 0.94, 0.19, 3.77, 3.8, 3.81, 0.17, 4.02, 4.03, 4.05, 4.06, 4.08, 4.09, 4.11, 4.12, 4.14, 0.39, 0.66, 0.48, 0.5, 0.2, 0.19, 0.22, 0.3, 0.22, 0.34, 0.36, 0.22, 0.69, 4.2, 4.22, 4.23, 4.25, 4.27, 4.28, 4.3, 4.31, 4.33, 4.34, 4.36, 4.38, 4.14, 3.09, 2.22, 4.91, 1.67, 0.09, 2.44, 5.02, 2.62, 1.88, 0.33, 0.06, 2.94, 2.81, 0.59, 0.75, 0.67, 0.92, 0.33, 0.45, 3.3, 3.52, 3.25, 4.05, 1.39, 1.31, 3.11, 5.02, 1.36, 1.39, 5.06, 3.88, 3.89, 3.91, 3.92, 5.16, 5.17, 5.19, 3.94, 3.95, 3.94, 5.28, 4.23, 3.61, 3.59, 5.75, 1.3, 0.41, 1.27, 5.33, 0.97, 1.31, 5.08, 1.33, 2.52, 2.53, 2.28, 3.34, 3.36, 3.38, 3.39, 3.41, 3.42, 3.44, 1.62, 0.27, 0.31, 0.33, 5.58, 5.91, 2.64, 2.66, 2.67, 0.33, 2.02, 1.36, 1.38, 1.39, 1.41, 1.42, 1.73, 6.23, 6.25, 6.27, 6.25, 3.8, 3.81, 3.81, 4.08, 0.75, 2.92, 6.17, 0.98, 6.39, 0.77, 0.45, 0.47, 0.48, 0.5, 0.64, 0.75, 0.47, 0.98, 5.73, 4.05, 4.02, 4.08, 4.09, 4.11, 4.23, 4.14, 4.11, 4.19, 4.12, 4.14, 4.22, 4.08, 3.3, 1.0, 6.66, 0.44, 4.03, 0.45, 0.3, 0.25, 0.31, 5.45, 0.27, 1.22, 0.56, 0.58, 0.59, 0.61, 3.8, 2.66, 3.62, 3.28, 3.3, 3.31, 0.86, 5.19, 3.69, 2.67, 5.91, 4.62, 3.42, 5.95, 0.58, 0.94, 6.0, 6.02, 5.98, 0.95, 3.47, 4.62, 4.27, 4.28, 4.3, 3.48, 6.0, 0.97, 0.98, 3.84, 3.47, 3.48, 0.59, 2.5, 1.0, 1.02, 4.89, 4.58, 0.61, 1.16, 1.17, 3.09, 1.14, 3.42, 2.69, 2.7, 2.72, 2.73, 3.55, 2.73, 2.75, 2.77, 3.61, 4.94, 4.95, 4.95, 4.98, 1.5, 1.52, 3.16, 1.53, 2.77, 2.84, 2.86, 2.88, 2.89, 2.91, 2.78, 1.67, 1.55, 1.88, 0.62, 0.34, 0.36, 0.38, 7.16, 2.05, 7.19, 2.16, 2.17, 2.19, 2.19, 2.06, 2.08, 7.33, 2.3, 1.92, 1.94, 1.95, 1.97, 1.98, 2.0, 5.58, 2.58, 8.02, 2.92, 7.23, 4.91, 4.92, 4.94, 4.95, 2.98, 3.0, 3.02, 3.03, 3.03, 3.06, 3.08, 3.09, 3.09, 3.12, 3.17, 3.14, 3.2, 3.22, 3.05, 3.02, 5.38, 5.27, 5.12, 3.17, 3.17, 4.98, 2.2, 1.45, 1.05, 0.7, 1.3, 1.05, 0.72, 1.19, 1.17, 1.12, 1.19, 1.19, 1.2, 1.22, 1.14, 0.73, 1.17, 0.8, 0.81, 1.08, 0.83, 0.84, 0.86, 0.75, 1.39, 1.19, 1.2, 0.78, 0.36, 0.41, 0.42]

ILAO*:
Tiempo requerido: 0.284
Iteraciones requeridas: 61
Nodos expandidos: 872

RLAO*:
Tiempo requerido: 0.566
Iteraciones requeridas: 42
Nodos expandidos: 1764

BLAO*:
Tiempo requerido: 1.227
Iteraciones requeridas: 42
Nodos expandidos: 2565

VI:
Tiempo requerido: 4.519
Iteraciones requeridas: 86

Problema 7
-------------------------------------------------------
LAO*:
Tiempo requerido: 23.922
Iteraciones requeridas: 896
Nodos expandidos: 896
Porcentajes del conjunto Z: [0.02, 0.03, 0.05, 0.06, 0.05, 0.05, 0.11, 0.12, 0.14, 0.16, 0.12, 0.06, 0.17, 0.08, 0.09, 0.22, 0.25, 0.28, 0.28, 0.23, 0.3, 0.2, 0.16, 0.17, 0.19, 0.17, 0.11, 0.08, 0.2, 0.2, 0.17, 0.25, 0.22, 0.19, 0.23, 0.23, 0.25, 0.31, 0.33, 0.34, 0.36, 0.38, 0.39, 0.38, 0.39, 0.44, 0.41, 0.47, 0.48, 0.5, 0.52, 0.53, 0.52, 0.48, 0.5, 0.52, 0.53, 0.55, 0.56, 0.58, 0.59, 0.55, 0.66, 0.64, 0.59, 0.61, 0.47, 0.47, 0.48, 0.31, 0.05, 0.25, 0.27, 0.56, 0.55, 0.41, 0.25, 0.16, 0.17, 0.72, 1.14, 0.78, 0.19, 0.2, 0.92, 0.94, 0.97, 0.77, 0.11, 0.28, 0.3, 0.31, 0.44, 0.39, 0.34, 0.22, 0.67, 0.19, 0.28, 0.34, 0.58, 0.61, 0.62, 0.44, 0.61, 0.62, 0.64, 0.47, 0.38, 1.41, 1.23, 0.66, 0.67, 0.66, 0.67, 0.72, 0.73, 0.69, 0.33, 0.33, 1.06, 0.86, 1.31, 0.58, 0.77, 0.61, 0.94, 1.17, 1.19, 0.95, 0.97, 0.88, 0.94, 0.95, 0.52, 0.62, 0.98, 0.88, 1.03, 1.05, 1.06, 1.28, 1.3, 1.31, 1.06, 0.56, 0.81, 1.12, 1.73, 0.7, 0.86, 0.81, 1.23, 1.25, 1.27, 1.33, 1.2, 1.22, 1.31, 1.67, 0.72, 0.86, 1.44, 1.28, 1.12, 0.05, 0.88, 1.5, 1.56, 1.58, 1.53, 1.52, 1.59, 1.59, 0.78, 1.19, 1.09, 1.11, 1.12, 1.16, 1.17, 1.14, 0.97, 1.36, 1.25, 0.88, 1.27, 1.28, 1.3, 1.66, 1.48, 1.5, 1.31, 0.89, 1.53, 1.55, 1.56, 1.58, 0.88, 1.36, 0.84, 1.45, 1.34, 1.81, 1.7, 1.58, 1.36, 1.38, 1.39, 1.55, 1.83, 1.12, 1.12, 1.77, 1.44, 0.89, 1.45, 1.45, 0.91, 1.92, 1.94, 0.92, 1.95, 1.97, 1.95, 1.47, 1.95, 1.53, 1.55, 1.48, 1.5, 0.94, 1.44, 2.02, 2.03, 2.05, 2.06, 2.06, 2.09, 0.83, 2.06, 2.0, 2.0, 2.17, 2.02, 1.38, 1.75, 1.78, 1.64, 1.66, 1.42, 1.36, 1.39, 1.41, 1.42, 1.42, 1.41, 1.47, 2.17, 2.11, 2.12, 2.14, 2.28, 1.67, 1.69, 1.7, 2.55, 1.38, 2.66, 1.47, 1.48, 1.8, 1.42, 2.7, 1.44, 2.06, 1.86, 1.39, 2.05, 2.06, 3.8, 1.03, 1.02, 3.0, 1.88, 2.34, 1.66, 2.17, 0.97, 4.05, 3.73, 3.75, 3.75, 2.11, 2.12, 1.89, 2.34, 1.91, 2.64, 2.66, 3.08, 1.94, 3.2, 2.17, 1.92, 1.94, 2.0, 0.23, 0.73, 0.75, 1.48, 1.38, 0.92, 0.94, 0.95, 0.97, 0.98, 1.78, 1.34, 1.36, 1.05, 1.06, 1.08, 1.09, 1.11, 2.28, 1.12, 1.14, 1.16, 1.16, 1.17, 1.19, 1.2, 4.0, 1.25, 4.06, 3.97, 0.25, 0.09, 1.08, 0.78, 0.8, 0.81, 1.38, 4.23, 3.97, 3.98, 3.7, 1.06, 1.42, 4.33, 4.34, 4.38, 1.19, 1.2, 1.22, 1.23, 1.25, 1.27, 1.28, 1.3, 1.31, 1.23, 4.52, 1.28, 1.3, 1.33, 0.83, 0.84, 1.41, 1.2, 0.86, 0.88, 0.89, 0.91, 0.92, 0.94, 0.95, 0.91, 0.94, 0.95, 0.81, 2.06, 1.97, 1.28, 2.2, 2.09, 2.25, 1.97, 2.12, 2.06, 2.08, 2.09, 2.11, 2.12, 2.11, 2.05, 1.92, 1.94, 0.83, 0.84, 2.16, 1.78, 1.38, 1.39, 1.95, 1.97, 2.34, 1.92, 1.67, 1.39, 1.41, 1.42, 1.44, 1.45, 1.47, 1.48, 1.5, 1.52, 1.53, 1.94, 4.11, 1.75, 1.77, 1.84, 1.86, 1.34, 1.16, 1.17, 1.19, 1.89, 1.05, 2.09, 1.33, 5.84, 1.81, 1.77, 1.78, 1.8, 6.69, 1.88, 1.73, 0.33, 0.52, 0.22, 0.38, 0.05, 0.03, 0.03, 0.36, 0.05, 0.11, 0.17, 0.06, 0.11, 0.09, 0.39, 0.67, 0.27, 0.41, 0.42, 1.22, 1.36, 0.94, 0.95, 0.97, 2.03, 1.88, 1.09, 1.11, 0.09, 0.97, 0.38, 0.42, 0.44, 2.38, 0.11, 0.16, 0.61, 0.36, 0.33, 0.28, 0.3, 1.38, 0.84, 0.7, 0.86, 0.56, 0.89, 0.73, 0.75, 0.77, 0.78, 1.0, 0.84, 0.86, 0.88, 0.89, 0.91, 0.92, 0.56, 0.58, 0.86, 0.67, 0.58, 0.59, 0.48, 0.5, 0.44, 0.52, 0.28, 0.12, 0.16, 0.16, 0.17, 0.48, 0.5, 0.62, 0.19, 1.02, 0.81, 0.83, 0.84, 0.88, 7.84, 1.08, 1.3, 1.06, 2.55, 0.36, 0.81, 2.23, 1.42, 1.11, 0.98, 1.0, 1.42, 1.53, 1.55, 1.61, 1.62, 1.64, 1.56, 1.58, 1.69, 1.7, 1.72, 3.14, 1.59, 1.61, 1.62, 2.03, 1.64, 1.66, 0.83, 0.84, 2.78, 1.58, 0.56, 0.58, 0.56, 0.39, 0.41, 0.2, 0.44, 0.45, 0.47, 5.67, 3.81, 0.94, 0.19, 3.77, 3.8, 3.81, 0.17, 4.02, 4.03, 4.05, 4.06, 4.08, 4.09, 4.11, 4.12, 4.14, 0.39, 0.66, 0.48, 0.5, 0.2, 0.19, 0.22, 0.3, 0.22, 0.34, 0.36, 0.22, 0.69, 4.2, 4.22, 4.23, 4.25, 4.27, 4.28, 4.3, 4.31, 4.33, 4.34, 4.36, 4.38, 4.14, 3.09, 2.22, 4.91, 1.67, 0.09, 2.44, 5.02, 2.62, 1.88, 0.33, 0.06, 2.94, 2.81, 0.59, 0.75, 0.67, 0.92, 0.33, 0.45, 3.3, 3.52, 3.25, 4.05, 1.39, 1.31, 3.11, 5.02, 1.36, 1.39, 5.06, 3.88, 3.89, 3.91, 3.92, 5.16, 5.17, 5.19, 3.94, 3.95, 3.94, 5.28, 4.23, 3.61, 3.59, 5.75, 1.3, 0.41, 1.27, 5.33, 0.97, 1.31, 5.08, 1.33, 2.52, 2.53, 2.28, 3.34, 3.36, 3.38, 3.39, 3.41, 3.42, 3.44, 1.62, 0.27, 0.31, 0.33, 5.58, 5.91, 2.64, 2.66, 2.67, 0.33, 2.02, 1.36, 1.38, 1.39, 1.41, 1.42, 1.73, 6.23, 6.25, 6.27, 6.25, 3.8, 3.81, 3.81, 4.08, 0.75, 2.92, 6.17, 0.98, 6.39, 0.77, 0.45, 0.47, 0.48, 0.5, 0.64, 0.75, 0.47, 0.98, 5.73, 4.05, 4.02, 4.08, 4.09, 4.11, 4.23, 4.14, 4.11, 4.19, 4.12, 4.14, 4.22, 4.08, 3.3, 1.0, 6.66, 0.44, 4.03, 0.45, 0.3, 0.25, 0.31, 5.45, 0.27, 1.22, 0.56, 0.58, 0.59, 0.61, 3.8, 2.66, 3.62, 3.28, 3.3, 3.31, 0.86, 5.19, 3.69, 2.67, 5.91, 4.62, 3.42, 5.95, 0.58, 0.94, 6.0, 6.02, 5.98, 0.95, 3.47, 4.62, 4.27, 4.28, 4.3, 3.48, 6.0, 0.97, 0.98, 3.84, 3.47, 3.48, 0.59, 2.5, 1.0, 1.02, 4.89, 4.58, 0.61, 1.16, 1.17, 3.09, 1.14, 3.42, 2.69, 2.7, 2.72, 2.73, 3.55, 2.73, 2.75, 2.77, 3.61, 4.94, 4.95, 4.95, 4.98, 1.5, 1.52, 3.16, 1.53, 2.77, 2.84, 2.86, 2.88, 2.89, 2.91, 2.78, 1.67, 1.55, 1.88, 0.62, 0.34, 0.36, 0.38, 7.16, 2.05, 7.19, 2.16, 2.17, 2.19, 2.19, 2.06, 2.08, 7.33, 2.3, 1.92, 1.94, 1.95, 1.97, 1.98, 2.0, 5.58, 2.58, 8.02, 2.92, 7.23, 4.91, 4.92, 4.94, 4.95, 2.98, 3.0, 3.02, 3.03, 3.03, 3.06, 3.08, 3.09, 3.09, 3.12, 3.17, 3.14, 3.2, 3.22, 3.05, 3.02, 5.38, 5.27, 5.12, 3.17, 3.17, 4.98, 2.2, 1.45, 1.05, 0.7, 1.3, 1.05, 0.72, 1.19, 1.17, 1.12, 1.19, 1.19, 1.2, 1.22, 1.14, 0.73, 1.17, 0.8, 0.81, 1.08, 0.83, 0.84, 0.86, 0.75, 1.39, 1.19, 1.2, 0.78, 0.36, 0.41, 0.42]

ILAO*:
Tiempo requerido: 0.308
Iteraciones requeridas: 61
Nodos expandidos: 872

RLAO*:
Tiempo requerido: 0.568
Iteraciones requeridas: 42
Nodos expandidos: 1764

BLAO*:
Tiempo requerido: 1.289
Iteraciones requeridas: 42
Nodos expandidos: 2565

VI:
Tiempo requerido: 4.495
Iteraciones requeridas: 86

Problema 8
-------------------------------------------------------
LAO*:
Tiempo requerido: 23.699
Iteraciones requeridas: 896
Nodos expandidos: 896
Porcentajes del conjunto Z: [0.02, 0.03, 0.05, 0.06, 0.05, 0.05, 0.11, 0.12, 0.14, 0.16, 0.12, 0.06, 0.17, 0.08, 0.09, 0.22, 0.25, 0.28, 0.28, 0.23, 0.3, 0.2, 0.16, 0.17, 0.19, 0.17, 0.11, 0.08, 0.2, 0.2, 0.17, 0.25, 0.22, 0.19, 0.23, 0.23, 0.25, 0.31, 0.33, 0.34, 0.36, 0.38, 0.39, 0.38, 0.39, 0.44, 0.41, 0.47, 0.48, 0.5, 0.52, 0.53, 0.52, 0.48, 0.5, 0.52, 0.53, 0.55, 0.56, 0.58, 0.59, 0.55, 0.66, 0.64, 0.59, 0.61, 0.47, 0.47, 0.48, 0.31, 0.05, 0.25, 0.27, 0.56, 0.55, 0.41, 0.25, 0.16, 0.17, 0.72, 1.14, 0.78, 0.19, 0.2, 0.92, 0.94, 0.97, 0.77, 0.11, 0.28, 0.3, 0.31, 0.44, 0.39, 0.34, 0.22, 0.67, 0.19, 0.28, 0.34, 0.58, 0.61, 0.62, 0.44, 0.61, 0.62, 0.64, 0.47, 0.38, 1.41, 1.23, 0.66, 0.67, 0.66, 0.67, 0.72, 0.73, 0.69, 0.33, 0.33, 1.06, 0.86, 1.31, 0.58, 0.77, 0.61, 0.94, 1.17, 1.19, 0.95, 0.97, 0.88, 0.94, 0.95, 0.52, 0.62, 0.98, 0.88, 1.03, 1.05, 1.06, 1.28, 1.3, 1.31, 1.06, 0.56, 0.81, 1.12, 1.73, 0.7, 0.86, 0.81, 1.23, 1.25, 1.27, 1.33, 1.2, 1.22, 1.31, 1.67, 0.72, 0.86, 1.44, 1.28, 1.12, 0.05, 0.88, 1.5, 1.56, 1.58, 1.53, 1.52, 1.59, 1.59, 0.78, 1.19, 1.09, 1.11, 1.12, 1.16, 1.17, 1.14, 0.97, 1.36, 1.25, 0.88, 1.27, 1.28, 1.3, 1.66, 1.48, 1.5, 1.31, 0.89, 1.53, 1.55, 1.56, 1.58, 0.88, 1.36, 0.84, 1.45, 1.34, 1.81, 1.7, 1.58, 1.36, 1.38, 1.39, 1.55, 1.83, 1.12, 1.12, 1.77, 1.44, 0.89, 1.45, 1.45, 0.91, 1.92, 1.94, 0.92, 1.95, 1.97, 1.95, 1.47, 1.95, 1.53, 1.55, 1.48, 1.5, 0.94, 1.44, 2.02, 2.03, 2.05, 2.06, 2.06, 2.09, 0.83, 2.06, 2.0, 2.0, 2.17, 2.02, 1.38, 1.75, 1.78, 1.64, 1.66, 1.42, 1.36, 1.39, 1.41, 1.42, 1.42, 1.41, 1.47, 2.17, 2.11, 2.12, 2.14, 2.28, 1.67, 1.69, 1.7, 2.55, 1.38, 2.66, 1.47, 1.48, 1.8, 1.42, 2.7, 1.44, 2.06, 1.86, 1.39, 2.05, 2.06, 3.8, 1.03, 1.02, 3.0, 1.88, 2.34, 1.66, 2.17, 0.97, 4.05, 3.73, 3.75, 3.75, 2.11, 2.12, 1.89, 2.34, 1.91, 2.64, 2.66, 3.08, 1.94, 3.2, 2.17, 1.92, 1.94, 2.0, 0.23, 0.73, 0.75, 1.48, 1.38, 0.92, 0.94, 0.95, 0.97, 0.98, 1.78, 1.34, 1.36, 1.05, 1.06, 1.08, 1.09, 1.11, 2.28, 1.12, 1.14, 1.16, 1.16, 1.17, 1.19, 1.2, 4.0, 1.25, 4.06, 3.97, 0.25, 0.09, 1.08, 0.78, 0.8, 0.81, 1.38, 4.23, 3.97, 3.98, 3.7, 1.06, 1.42, 4.33, 4.34, 4.38, 1.19, 1.2, 1.22, 1.23, 1.25, 1.27, 1.28, 1.3, 1.31, 1.23, 4.52, 1.28, 1.3, 1.33, 0.83, 0.84, 1.41, 1.2, 0.86, 0.88, 0.89, 0.91, 0.92, 0.94, 0.95, 0.91, 0.94, 0.95, 0.81, 2.06, 1.97, 1.28, 2.2, 2.09, 2.25, 1.97, 2.12, 2.06, 2.08, 2.09, 2.11, 2.12, 2.11, 2.05, 1.92, 1.94, 0.83, 0.84, 2.16, 1.78, 1.38, 1.39, 1.95, 1.97, 2.34, 1.92, 1.67, 1.39, 1.41, 1.42, 1.44, 1.45, 1.47, 1.48, 1.5, 1.52, 1.53, 1.94, 4.11, 1.75, 1.77, 1.84, 1.86, 1.34, 1.16, 1.17, 1.19, 1.89, 1.05, 2.09, 1.33, 5.84, 1.81, 1.77, 1.78, 1.8, 6.69, 1.88, 1.73, 0.33, 0.52, 0.22, 0.38, 0.05, 0.03, 0.03, 0.36, 0.05, 0.11, 0.17, 0.06, 0.11, 0.09, 0.39, 0.67, 0.27, 0.41, 0.42, 1.22, 1.36, 0.94, 0.95, 0.97, 2.03, 1.88, 1.09, 1.11, 0.09, 0.97, 0.38, 0.42, 0.44, 2.38, 0.11, 0.16, 0.61, 0.36, 0.33, 0.28, 0.3, 1.38, 0.84, 0.7, 0.86, 0.56, 0.89, 0.73, 0.75, 0.77, 0.78, 1.0, 0.84, 0.86, 0.88, 0.89, 0.91, 0.92, 0.56, 0.58, 0.86, 0.67, 0.58, 0.59, 0.48, 0.5, 0.44, 0.52, 0.28, 0.12, 0.16, 0.16, 0.17, 0.48, 0.5, 0.62, 0.19, 1.02, 0.81, 0.83, 0.84, 0.88, 7.84, 1.08, 1.3, 1.06, 2.55, 0.36, 0.81, 2.23, 1.42, 1.11, 0.98, 1.0, 1.42, 1.53, 1.55, 1.61, 1.62, 1.64, 1.56, 1.58, 1.69, 1.7, 1.72, 3.14, 1.59, 1.61, 1.62, 2.03, 1.64, 1.66, 0.83, 0.84, 2.78, 1.58, 0.56, 0.58, 0.56, 0.39, 0.41, 0.2, 0.44, 0.45, 0.47, 5.67, 3.81, 0.94, 0.19, 3.77, 3.8, 3.81, 0.17, 4.02, 4.03, 4.05, 4.06, 4.08, 4.09, 4.11, 4.12, 4.14, 0.39, 0.66, 0.48, 0.5, 0.2, 0.19, 0.22, 0.3, 0.22, 0.34, 0.36, 0.22, 0.69, 4.2, 4.22, 4.23, 4.25, 4.27, 4.28, 4.3, 4.31, 4.33, 4.34, 4.36, 4.38, 4.14, 3.09, 2.22, 4.91, 1.67, 0.09, 2.44, 5.02, 2.62, 1.88, 0.33, 0.06, 2.94, 2.81, 0.59, 0.75, 0.67, 0.92, 0.33, 0.45, 3.3, 3.52, 3.25, 4.05, 1.39, 1.31, 3.11, 5.02, 1.36, 1.39, 5.06, 3.88, 3.89, 3.91, 3.92, 5.16, 5.17, 5.19, 3.94, 3.95, 3.94, 5.28, 4.23, 3.61, 3.59, 5.75, 1.3, 0.41, 1.27, 5.33, 0.97, 1.31, 5.08, 1.33, 2.52, 2.53, 2.28, 3.34, 3.36, 3.38, 3.39, 3.41, 3.42, 3.44, 1.62, 0.27, 0.31, 0.33, 5.58, 5.91, 2.64, 2.66, 2.67, 0.33, 2.02, 1.36, 1.38, 1.39, 1.41, 1.42, 1.73, 6.23, 6.25, 6.27, 6.25, 3.8, 3.81, 3.81, 4.08, 0.75, 2.92, 6.17, 0.98, 6.39, 0.77, 0.45, 0.47, 0.48, 0.5, 0.64, 0.75, 0.47, 0.98, 5.73, 4.05, 4.02, 4.08, 4.09, 4.11, 4.23, 4.14, 4.11, 4.19, 4.12, 4.14, 4.22, 4.08, 3.3, 1.0, 6.66, 0.44, 4.03, 0.45, 0.3, 0.25, 0.31, 5.45, 0.27, 1.22, 0.56, 0.58, 0.59, 0.61, 3.8, 2.66, 3.62, 3.28, 3.3, 3.31, 0.86, 5.19, 3.69, 2.67, 5.91, 4.62, 3.42, 5.95, 0.58, 0.94, 6.0, 6.02, 5.98, 0.95, 3.47, 4.62, 4.27, 4.28, 4.3, 3.48, 6.0, 0.97, 0.98, 3.84, 3.47, 3.48, 0.59, 2.5, 1.0, 1.02, 4.89, 4.58, 0.61, 1.16, 1.17, 3.09, 1.14, 3.42, 2.69, 2.7, 2.72, 2.73, 3.55, 2.73, 2.75, 2.77, 3.61, 4.94, 4.95, 4.95, 4.98, 1.5, 1.52, 3.16, 1.53, 2.77, 2.84, 2.86, 2.88, 2.89, 2.91, 2.78, 1.67, 1.55, 1.88, 0.62, 0.34, 0.36, 0.38, 7.16, 2.05, 7.19, 2.16, 2.17, 2.19, 2.19, 2.06, 2.08, 7.33, 2.3, 1.92, 1.94, 1.95, 1.97, 1.98, 2.0, 5.58, 2.58, 8.02, 2.92, 7.23, 4.91, 4.92, 4.94, 4.95, 2.98, 3.0, 3.02, 3.03, 3.03, 3.06, 3.08, 3.09, 3.09, 3.12, 3.17, 3.14, 3.2, 3.22, 3.05, 3.02, 5.38, 5.27, 5.12, 3.17, 3.17, 4.98, 2.2, 1.45, 1.05, 0.7, 1.3, 1.05, 0.72, 1.19, 1.17, 1.12, 1.19, 1.19, 1.2, 1.22, 1.14, 0.73, 1.17, 0.8, 0.81, 1.08, 0.83, 0.84, 0.86, 0.75, 1.39, 1.19, 1.2, 0.78, 0.36, 0.41, 0.42]

ILAO*:
Tiempo requerido: 0.29
Iteraciones requeridas: 61
Nodos expandidos: 872

RLAO*:
Tiempo requerido: 0.567
Iteraciones requeridas: 42
Nodos expandidos: 1764

BLAO*:
Tiempo requerido: 1.245
Iteraciones requeridas: 42
Nodos expandidos: 2565

VI:
Tiempo requerido: 4.324
Iteraciones requeridas: 86

Problema 9
-------------------------------------------------------
LAO*:
Tiempo requerido: 23.567
Iteraciones requeridas: 896
Nodos expandidos: 896
Porcentajes del conjunto Z: [0.02, 0.03, 0.05, 0.06, 0.05, 0.05, 0.11, 0.12, 0.14, 0.16, 0.12, 0.06, 0.17, 0.08, 0.09, 0.22, 0.25, 0.28, 0.28, 0.23, 0.3, 0.2, 0.16, 0.17, 0.19, 0.17, 0.11, 0.08, 0.2, 0.2, 0.17, 0.25, 0.22, 0.19, 0.23, 0.23, 0.25, 0.31, 0.33, 0.34, 0.36, 0.38, 0.39, 0.38, 0.39, 0.44, 0.41, 0.47, 0.48, 0.5, 0.52, 0.53, 0.52, 0.48, 0.5, 0.52, 0.53, 0.55, 0.56, 0.58, 0.59, 0.55, 0.66, 0.64, 0.59, 0.61, 0.47, 0.47, 0.48, 0.31, 0.05, 0.25, 0.27, 0.56, 0.55, 0.41, 0.25, 0.16, 0.17, 0.72, 1.14, 0.78, 0.19, 0.2, 0.92, 0.94, 0.97, 0.77, 0.11, 0.28, 0.3, 0.31, 0.44, 0.39, 0.34, 0.22, 0.67, 0.19, 0.28, 0.34, 0.58, 0.61, 0.62, 0.44, 0.61, 0.62, 0.64, 0.47, 0.38, 1.41, 1.23, 0.66, 0.67, 0.66, 0.67, 0.72, 0.73, 0.69, 0.33, 0.33, 1.06, 0.86, 1.31, 0.58, 0.77, 0.61, 0.94, 1.17, 1.19, 0.95, 0.97, 0.88, 0.94, 0.95, 0.52, 0.62, 0.98, 0.88, 1.03, 1.05, 1.06, 1.28, 1.3, 1.31, 1.06, 0.56, 0.81, 1.12, 1.73, 0.7, 0.86, 0.81, 1.23, 1.25, 1.27, 1.33, 1.2, 1.22, 1.31, 1.67, 0.72, 0.86, 1.44, 1.28, 1.12, 0.05, 0.88, 1.5, 1.56, 1.58, 1.53, 1.52, 1.59, 1.59, 0.78, 1.19, 1.09, 1.11, 1.12, 1.16, 1.17, 1.14, 0.97, 1.36, 1.25, 0.88, 1.27, 1.28, 1.3, 1.66, 1.48, 1.5, 1.31, 0.89, 1.53, 1.55, 1.56, 1.58, 0.88, 1.36, 0.84, 1.45, 1.34, 1.81, 1.7, 1.58, 1.36, 1.38, 1.39, 1.55, 1.83, 1.12, 1.12, 1.77, 1.44, 0.89, 1.45, 1.45, 0.91, 1.92, 1.94, 0.92, 1.95, 1.97, 1.95, 1.47, 1.95, 1.53, 1.55, 1.48, 1.5, 0.94, 1.44, 2.02, 2.03, 2.05, 2.06, 2.06, 2.09, 0.83, 2.06, 2.0, 2.0, 2.17, 2.02, 1.38, 1.75, 1.78, 1.64, 1.66, 1.42, 1.36, 1.39, 1.41, 1.42, 1.42, 1.41, 1.47, 2.17, 2.11, 2.12, 2.14, 2.28, 1.67, 1.69, 1.7, 2.55, 1.38, 2.66, 1.47, 1.48, 1.8, 1.42, 2.7, 1.44, 2.06, 1.86, 1.39, 2.05, 2.06, 3.8, 1.03, 1.02, 3.0, 1.88, 2.34, 1.66, 2.17, 0.97, 4.05, 3.73, 3.75, 3.75, 2.11, 2.12, 1.89, 2.34, 1.91, 2.64, 2.66, 3.08, 1.94, 3.2, 2.17, 1.92, 1.94, 2.0, 0.23, 0.73, 0.75, 1.48, 1.38, 0.92, 0.94, 0.95, 0.97, 0.98, 1.78, 1.34, 1.36, 1.05, 1.06, 1.08, 1.09, 1.11, 2.28, 1.12, 1.14, 1.16, 1.16, 1.17, 1.19, 1.2, 4.0, 1.25, 4.06, 3.97, 0.25, 0.09, 1.08, 0.78, 0.8, 0.81, 1.38, 4.23, 3.97, 3.98, 3.7, 1.06, 1.42, 4.33, 4.34, 4.38, 1.19, 1.2, 1.22, 1.23, 1.25, 1.27, 1.28, 1.3, 1.31, 1.23, 4.52, 1.28, 1.3, 1.33, 0.83, 0.84, 1.41, 1.2, 0.86, 0.88, 0.89, 0.91, 0.92, 0.94, 0.95, 0.91, 0.94, 0.95, 0.81, 2.06, 1.97, 1.28, 2.2, 2.09, 2.25, 1.97, 2.12, 2.06, 2.08, 2.09, 2.11, 2.12, 2.11, 2.05, 1.92, 1.94, 0.83, 0.84, 2.16, 1.78, 1.38, 1.39, 1.95, 1.97, 2.34, 1.92, 1.67, 1.39, 1.41, 1.42, 1.44, 1.45, 1.47, 1.48, 1.5, 1.52, 1.53, 1.94, 4.11, 1.75, 1.77, 1.84, 1.86, 1.34, 1.16, 1.17, 1.19, 1.89, 1.05, 2.09, 1.33, 5.84, 1.81, 1.77, 1.78, 1.8, 6.69, 1.88, 1.73, 0.33, 0.52, 0.22, 0.38, 0.05, 0.03, 0.03, 0.36, 0.05, 0.11, 0.17, 0.06, 0.11, 0.09, 0.39, 0.67, 0.27, 0.41, 0.42, 1.22, 1.36, 0.94, 0.95, 0.97, 2.03, 1.88, 1.09, 1.11, 0.09, 0.97, 0.38, 0.42, 0.44, 2.38, 0.11, 0.16, 0.61, 0.36, 0.33, 0.28, 0.3, 1.38, 0.84, 0.7, 0.86, 0.56, 0.89, 0.73, 0.75, 0.77, 0.78, 1.0, 0.84, 0.86, 0.88, 0.89, 0.91, 0.92, 0.56, 0.58, 0.86, 0.67, 0.58, 0.59, 0.48, 0.5, 0.44, 0.52, 0.28, 0.12, 0.16, 0.16, 0.17, 0.48, 0.5, 0.62, 0.19, 1.02, 0.81, 0.83, 0.84, 0.88, 7.84, 1.08, 1.3, 1.06, 2.55, 0.36, 0.81, 2.23, 1.42, 1.11, 0.98, 1.0, 1.42, 1.53, 1.55, 1.61, 1.62, 1.64, 1.56, 1.58, 1.69, 1.7, 1.72, 3.14, 1.59, 1.61, 1.62, 2.03, 1.64, 1.66, 0.83, 0.84, 2.78, 1.58, 0.56, 0.58, 0.56, 0.39, 0.41, 0.2, 0.44, 0.45, 0.47, 5.67, 3.81, 0.94, 0.19, 3.77, 3.8, 3.81, 0.17, 4.02, 4.03, 4.05, 4.06, 4.08, 4.09, 4.11, 4.12, 4.14, 0.39, 0.66, 0.48, 0.5, 0.2, 0.19, 0.22, 0.3, 0.22, 0.34, 0.36, 0.22, 0.69, 4.2, 4.22, 4.23, 4.25, 4.27, 4.28, 4.3, 4.31, 4.33, 4.34, 4.36, 4.38, 4.14, 3.09, 2.22, 4.91, 1.67, 0.09, 2.44, 5.02, 2.62, 1.88, 0.33, 0.06, 2.94, 2.81, 0.59, 0.75, 0.67, 0.92, 0.33, 0.45, 3.3, 3.52, 3.25, 4.05, 1.39, 1.31, 3.11, 5.02, 1.36, 1.39, 5.06, 3.88, 3.89, 3.91, 3.92, 5.16, 5.17, 5.19, 3.94, 3.95, 3.94, 5.28, 4.23, 3.61, 3.59, 5.75, 1.3, 0.41, 1.27, 5.33, 0.97, 1.31, 5.08, 1.33, 2.52, 2.53, 2.28, 3.34, 3.36, 3.38, 3.39, 3.41, 3.42, 3.44, 1.62, 0.27, 0.31, 0.33, 5.58, 5.91, 2.64, 2.66, 2.67, 0.33, 2.02, 1.36, 1.38, 1.39, 1.41, 1.42, 1.73, 6.23, 6.25, 6.27, 6.25, 3.8, 3.81, 3.81, 4.08, 0.75, 2.92, 6.17, 0.98, 6.39, 0.77, 0.45, 0.47, 0.48, 0.5, 0.64, 0.75, 0.47, 0.98, 5.73, 4.05, 4.02, 4.08, 4.09, 4.11, 4.23, 4.14, 4.11, 4.19, 4.12, 4.14, 4.22, 4.08, 3.3, 1.0, 6.66, 0.44, 4.03, 0.45, 0.3, 0.25, 0.31, 5.45, 0.27, 1.22, 0.56, 0.58, 0.59, 0.61, 3.8, 2.66, 3.62, 3.28, 3.3, 3.31, 0.86, 5.19, 3.69, 2.67, 5.91, 4.62, 3.42, 5.95, 0.58, 0.94, 6.0, 6.02, 5.98, 0.95, 3.47, 4.62, 4.27, 4.28, 4.3, 3.48, 6.0, 0.97, 0.98, 3.84, 3.47, 3.48, 0.59, 2.5, 1.0, 1.02, 4.89, 4.58, 0.61, 1.16, 1.17, 3.09, 1.14, 3.42, 2.69, 2.7, 2.72, 2.73, 3.55, 2.73, 2.75, 2.77, 3.61, 4.94, 4.95, 4.95, 4.98, 1.5, 1.52, 3.16, 1.53, 2.77, 2.84, 2.86, 2.88, 2.89, 2.91, 2.78, 1.67, 1.55, 1.88, 0.62, 0.34, 0.36, 0.38, 7.16, 2.05, 7.19, 2.16, 2.17, 2.19, 2.19, 2.06, 2.08, 7.33, 2.3, 1.92, 1.94, 1.95, 1.97, 1.98, 2.0, 5.58, 2.58, 8.02, 2.92, 7.23, 4.91, 4.92, 4.94, 4.95, 2.98, 3.0, 3.02, 3.03, 3.03, 3.06, 3.08, 3.09, 3.09, 3.12, 3.17, 3.14, 3.2, 3.22, 3.05, 3.02, 5.38, 5.27, 5.12, 3.17, 3.17, 4.98, 2.2, 1.45, 1.05, 0.7, 1.3, 1.05, 0.72, 1.19, 1.17, 1.12, 1.19, 1.19, 1.2, 1.22, 1.14, 0.73, 1.17, 0.8, 0.81, 1.08, 0.83, 0.84, 0.86, 0.75, 1.39, 1.19, 1.2, 0.78, 0.36, 0.41, 0.42]

ILAO*:
Tiempo requerido: 0.288
Iteraciones requeridas: 61
Nodos expandidos: 872

RLAO*:
Tiempo requerido: 0.531
Iteraciones requeridas: 42
Nodos expandidos: 1764

BLAO*:
Tiempo requerido: 1.278
Iteraciones requeridas: 42
Nodos expandidos: 2565

VI:
Tiempo requerido: 4.459
Iteraciones requeridas: 86

Problema 10
-------------------------------------------------------
LAO*:
Tiempo requerido: 25.477
Iteraciones requeridas: 896
Nodos expandidos: 896
Porcentajes del conjunto Z: [0.02, 0.03, 0.05, 0.06, 0.05, 0.05, 0.11, 0.12, 0.14, 0.16, 0.12, 0.06, 0.17, 0.08, 0.09, 0.22, 0.25, 0.28, 0.28, 0.23, 0.3, 0.2, 0.16, 0.17, 0.19, 0.17, 0.11, 0.08, 0.2, 0.2, 0.17, 0.25, 0.22, 0.19, 0.23, 0.23, 0.25, 0.31, 0.33, 0.34, 0.36, 0.38, 0.39, 0.38, 0.39, 0.44, 0.41, 0.47, 0.48, 0.5, 0.52, 0.53, 0.52, 0.48, 0.5, 0.52, 0.53, 0.55, 0.56, 0.58, 0.59, 0.55, 0.66, 0.64, 0.59, 0.61, 0.47, 0.47, 0.48, 0.31, 0.05, 0.25, 0.27, 0.56, 0.55, 0.41, 0.25, 0.16, 0.17, 0.72, 1.14, 0.78, 0.19, 0.2, 0.92, 0.94, 0.97, 0.77, 0.11, 0.28, 0.3, 0.31, 0.44, 0.39, 0.34, 0.22, 0.67, 0.19, 0.28, 0.34, 0.58, 0.61, 0.62, 0.44, 0.61, 0.62, 0.64, 0.47, 0.38, 1.41, 1.23, 0.66, 0.67, 0.66, 0.67, 0.72, 0.73, 0.69, 0.33, 0.33, 1.06, 0.86, 1.31, 0.58, 0.77, 0.61, 0.94, 1.17, 1.19, 0.95, 0.97, 0.88, 0.94, 0.95, 0.52, 0.62, 0.98, 0.88, 1.03, 1.05, 1.06, 1.28, 1.3, 1.31, 1.06, 0.56, 0.81, 1.12, 1.73, 0.7, 0.86, 0.81, 1.23, 1.25, 1.27, 1.33, 1.2, 1.22, 1.31, 1.67, 0.72, 0.86, 1.44, 1.28, 1.12, 0.05, 0.88, 1.5, 1.56, 1.58, 1.53, 1.52, 1.59, 1.59, 0.78, 1.19, 1.09, 1.11, 1.12, 1.16, 1.17, 1.14, 0.97, 1.36, 1.25, 0.88, 1.27, 1.28, 1.3, 1.66, 1.48, 1.5, 1.31, 0.89, 1.53, 1.55, 1.56, 1.58, 0.88, 1.36, 0.84, 1.45, 1.34, 1.81, 1.7, 1.58, 1.36, 1.38, 1.39, 1.55, 1.83, 1.12, 1.12, 1.77, 1.44, 0.89, 1.45, 1.45, 0.91, 1.92, 1.94, 0.92, 1.95, 1.97, 1.95, 1.47, 1.95, 1.53, 1.55, 1.48, 1.5, 0.94, 1.44, 2.02, 2.03, 2.05, 2.06, 2.06, 2.09, 0.83, 2.06, 2.0, 2.0, 2.17, 2.02, 1.38, 1.75, 1.78, 1.64, 1.66, 1.42, 1.36, 1.39, 1.41, 1.42, 1.42, 1.41, 1.47, 2.17, 2.11, 2.12, 2.14, 2.28, 1.67, 1.69, 1.7, 2.55, 1.38, 2.66, 1.47, 1.48, 1.8, 1.42, 2.7, 1.44, 2.06, 1.86, 1.39, 2.05, 2.06, 3.8, 1.03, 1.02, 3.0, 1.88, 2.34, 1.66, 2.17, 0.97, 4.05, 3.73, 3.75, 3.75, 2.11, 2.12, 1.89, 2.34, 1.91, 2.64, 2.66, 3.08, 1.94, 3.2, 2.17, 1.92, 1.94, 2.0, 0.23, 0.73, 0.75, 1.48, 1.38, 0.92, 0.94, 0.95, 0.97, 0.98, 1.78, 1.34, 1.36, 1.05, 1.06, 1.08, 1.09, 1.11, 2.28, 1.12, 1.14, 1.16, 1.16, 1.17, 1.19, 1.2, 4.0, 1.25, 4.06, 3.97, 0.25, 0.09, 1.08, 0.78, 0.8, 0.81, 1.38, 4.23, 3.97, 3.98, 3.7, 1.06, 1.42, 4.33, 4.34, 4.38, 1.19, 1.2, 1.22, 1.23, 1.25, 1.27, 1.28, 1.3, 1.31, 1.23, 4.52, 1.28, 1.3, 1.33, 0.83, 0.84, 1.41, 1.2, 0.86, 0.88, 0.89, 0.91, 0.92, 0.94, 0.95, 0.91, 0.94, 0.95, 0.81, 2.06, 1.97, 1.28, 2.2, 2.09, 2.25, 1.97, 2.12, 2.06, 2.08, 2.09, 2.11, 2.12, 2.11, 2.05, 1.92, 1.94, 0.83, 0.84, 2.16, 1.78, 1.38, 1.39, 1.95, 1.97, 2.34, 1.92, 1.67, 1.39, 1.41, 1.42, 1.44, 1.45, 1.47, 1.48, 1.5, 1.52, 1.53, 1.94, 4.11, 1.75, 1.77, 1.84, 1.86, 1.34, 1.16, 1.17, 1.19, 1.89, 1.05, 2.09, 1.33, 5.84, 1.81, 1.77, 1.78, 1.8, 6.69, 1.88, 1.73, 0.33, 0.52, 0.22, 0.38, 0.05, 0.03, 0.03, 0.36, 0.05, 0.11, 0.17, 0.06, 0.11, 0.09, 0.39, 0.67, 0.27, 0.41, 0.42, 1.22, 1.36, 0.94, 0.95, 0.97, 2.03, 1.88, 1.09, 1.11, 0.09, 0.97, 0.38, 0.42, 0.44, 2.38, 0.11, 0.16, 0.61, 0.36, 0.33, 0.28, 0.3, 1.38, 0.84, 0.7, 0.86, 0.56, 0.89, 0.73, 0.75, 0.77, 0.78, 1.0, 0.84, 0.86, 0.88, 0.89, 0.91, 0.92, 0.56, 0.58, 0.86, 0.67, 0.58, 0.59, 0.48, 0.5, 0.44, 0.52, 0.28, 0.12, 0.16, 0.16, 0.17, 0.48, 0.5, 0.62, 0.19, 1.02, 0.81, 0.83, 0.84, 0.88, 7.84, 1.08, 1.3, 1.06, 2.55, 0.36, 0.81, 2.23, 1.42, 1.11, 0.98, 1.0, 1.42, 1.53, 1.55, 1.61, 1.62, 1.64, 1.56, 1.58, 1.69, 1.7, 1.72, 3.14, 1.59, 1.61, 1.62, 2.03, 1.64, 1.66, 0.83, 0.84, 2.78, 1.58, 0.56, 0.58, 0.56, 0.39, 0.41, 0.2, 0.44, 0.45, 0.47, 5.67, 3.81, 0.94, 0.19, 3.77, 3.8, 3.81, 0.17, 4.02, 4.03, 4.05, 4.06, 4.08, 4.09, 4.11, 4.12, 4.14, 0.39, 0.66, 0.48, 0.5, 0.2, 0.19, 0.22, 0.3, 0.22, 0.34, 0.36, 0.22, 0.69, 4.2, 4.22, 4.23, 4.25, 4.27, 4.28, 4.3, 4.31, 4.33, 4.34, 4.36, 4.38, 4.14, 3.09, 2.22, 4.91, 1.67, 0.09, 2.44, 5.02, 2.62, 1.88, 0.33, 0.06, 2.94, 2.81, 0.59, 0.75, 0.67, 0.92, 0.33, 0.45, 3.3, 3.52, 3.25, 4.05, 1.39, 1.31, 3.11, 5.02, 1.36, 1.39, 5.06, 3.88, 3.89, 3.91, 3.92, 5.16, 5.17, 5.19, 3.94, 3.95, 3.94, 5.28, 4.23, 3.61, 3.59, 5.75, 1.3, 0.41, 1.27, 5.33, 0.97, 1.31, 5.08, 1.33, 2.52, 2.53, 2.28, 3.34, 3.36, 3.38, 3.39, 3.41, 3.42, 3.44, 1.62, 0.27, 0.31, 0.33, 5.58, 5.91, 2.64, 2.66, 2.67, 0.33, 2.02, 1.36, 1.38, 1.39, 1.41, 1.42, 1.73, 6.23, 6.25, 6.27, 6.25, 3.8, 3.81, 3.81, 4.08, 0.75, 2.92, 6.17, 0.98, 6.39, 0.77, 0.45, 0.47, 0.48, 0.5, 0.64, 0.75, 0.47, 0.98, 5.73, 4.05, 4.02, 4.08, 4.09, 4.11, 4.23, 4.14, 4.11, 4.19, 4.12, 4.14, 4.22, 4.08, 3.3, 1.0, 6.66, 0.44, 4.03, 0.45, 0.3, 0.25, 0.31, 5.45, 0.27, 1.22, 0.56, 0.58, 0.59, 0.61, 3.8, 2.66, 3.62, 3.28, 3.3, 3.31, 0.86, 5.19, 3.69, 2.67, 5.91, 4.62, 3.42, 5.95, 0.58, 0.94, 6.0, 6.02, 5.98, 0.95, 3.47, 4.62, 4.27, 4.28, 4.3, 3.48, 6.0, 0.97, 0.98, 3.84, 3.47, 3.48, 0.59, 2.5, 1.0, 1.02, 4.89, 4.58, 0.61, 1.16, 1.17, 3.09, 1.14, 3.42, 2.69, 2.7, 2.72, 2.73, 3.55, 2.73, 2.75, 2.77, 3.61, 4.94, 4.95, 4.95, 4.98, 1.5, 1.52, 3.16, 1.53, 2.77, 2.84, 2.86, 2.88, 2.89, 2.91, 2.78, 1.67, 1.55, 1.88, 0.62, 0.34, 0.36, 0.38, 7.16, 2.05, 7.19, 2.16, 2.17, 2.19, 2.19, 2.06, 2.08, 7.33, 2.3, 1.92, 1.94, 1.95, 1.97, 1.98, 2.0, 5.58, 2.58, 8.02, 2.92, 7.23, 4.91, 4.92, 4.94, 4.95, 2.98, 3.0, 3.02, 3.03, 3.03, 3.06, 3.08, 3.09, 3.09, 3.12, 3.17, 3.14, 3.2, 3.22, 3.05, 3.02, 5.38, 5.27, 5.12, 3.17, 3.17, 4.98, 2.2, 1.45, 1.05, 0.7, 1.3, 1.05, 0.72, 1.19, 1.17, 1.12, 1.19, 1.19, 1.2, 1.22, 1.14, 0.73, 1.17, 0.8, 0.81, 1.08, 0.83, 0.84, 0.86, 0.75, 1.39, 1.19, 1.2, 0.78, 0.36, 0.41, 0.42]

ILAO*:
Tiempo requerido: 0.315
Iteraciones requeridas: 61
Nodos expandidos: 872

RLAO*:
Tiempo requerido: 0.573
Iteraciones requeridas: 42
Nodos expandidos: 1764

BLAO*:
Tiempo requerido: 1.293
Iteraciones requeridas: 42
Nodos expandidos: 2565

VI:
Tiempo requerido: 4.374
Iteraciones requeridas: 86

Media tiempo LAO: 23.633
Media iteraciones LAO: 896.0
Media expansiones LAO: 896.0

Media tiempo RLAO: 0.557
Media iteraciones RLAO: 42.0
Media expansiones RLAO: 1764.0

Media tiempo ILAO: 0.294
Media iteraciones ILAO: 61.0
Media expansiones ILAO: 872.0

Media tiempo BLAO: 1.266
Media iteraciones BLAO: 42.0
Media expansiones BLAO: 2565.0

Media tiempo VI: 4.43
Media iteraciones VI: 86.0

-------------------------------------------------------
