Problema 1
-------------------------------------------------------
LAO*:
Tiempo requerido: 8.248
Iteraciones requeridas: 512
Nodos expandidos: 512
Porcentajes del conjunto Z: [0.03, 0.06, 0.08, 0.11, 0.14, 0.17, 0.14, 0.19, 0.25, 0.25, 0.28, 0.17, 0.25, 0.39, 0.33, 0.31, 0.33, 0.42, 0.5, 0.53, 0.53, 0.44, 0.61, 0.64, 0.64, 0.19, 0.22, 0.25, 0.28, 0.31, 0.28, 0.33, 0.36, 0.39, 0.39, 1.0, 1.0, 1.0, 1.03, 1.11, 1.14, 1.06, 0.58, 0.44, 0.31, 0.33, 0.47, 0.69, 0.94, 0.28, 0.31, 0.33, 0.36, 0.39, 0.42, 0.39, 0.44, 0.47, 0.44, 0.81, 0.64, 1.25, 0.08, 0.44, 0.28, 0.36, 0.31, 0.33, 0.39, 1.08, 0.83, 2.0, 2.03, 2.0, 0.92, 1.97, 0.25, 0.17, 0.25, 0.67, 0.86, 1.19, 2.06, 2.08, 0.39, 1.06, 0.81, 0.36, 0.28, 0.31, 0.33, 0.36, 1.08, 0.78, 0.81, 0.83, 0.86, 0.86, 0.39, 0.83, 0.86, 0.89, 0.92, 1.03, 0.94, 1.08, 2.42, 1.11, 1.06, 1.03, 1.06, 1.08, 1.11, 1.08, 1.06, 0.92, 0.89, 0.42, 0.44, 0.47, 0.5, 0.53, 0.56, 0.58, 0.61, 0.64, 0.67, 0.69, 0.72, 0.75, 1.58, 2.64, 1.94, 1.69, 1.89, 1.53, 0.78, 0.81, 0.83, 2.22, 0.19, 1.61, 1.53, 1.94, 1.53, 0.83, 2.14, 1.69, 2.11, 1.92, 1.94, 1.97, 2.0, 2.03, 2.06, 2.08, 2.19, 0.92, 0.94, 0.97, 3.03, 1.0, 1.0, 1.06, 1.97, 0.86, 3.14, 1.78, 2.42, 2.44, 2.47, 2.47, 2.03, 2.36, 3.06, 2.81, 2.08, 2.11, 2.61, 3.14, 2.97, 0.28, 0.89, 2.67, 2.67, 1.53, 2.69, 1.56, 1.56, 1.58, 1.61, 1.64, 1.14, 1.22, 1.25, 1.39, 1.42, 1.44, 1.47, 1.47, 1.53, 1.36, 3.64, 1.14, 1.31, 1.03, 0.25, 0.19, 0.22, 0.08, 0.06, 0.06, 0.06, 5.42, 0.19, 0.06, 0.33, 0.92, 0.94, 0.97, 0.36, 0.39, 0.42, 0.44, 0.47, 0.5, 0.53, 0.61, 0.72, 3.42, 1.69, 1.53, 1.56, 1.58, 1.61, 5.25, 1.61, 1.64, 1.67, 1.69, 1.72, 1.75, 1.86, 2.17, 1.78, 2.0, 4.39, 3.42, 0.28, 3.39, 0.33, 0.33, 1.31, 3.67, 3.69, 1.86, 0.67, 0.33, 0.81, 0.53, 0.56, 0.58, 3.81, 2.0, 0.61, 2.0, 1.97, 2.11, 2.5, 2.14, 2.17, 2.11, 1.86, 3.39, 2.97, 3.0, 3.25, 7.17, 0.64, 4.17, 0.72, 1.78, 3.78, 3.25, 7.17, 3.31, 4.83, 4.86, 7.14, 3.39, 4.03, 4.61, 4.64, 0.69, 3.11, 2.56, 2.58, 2.61, 2.64, 5.75, 5.06, 4.89, 4.92, 4.94, 4.97, 4.69, 7.78, 7.53, 7.89, 7.94, 4.86, 7.69, 1.28, 1.31, 7.42, 1.22, 1.19, 7.17, 4.31, 3.47, 0.17, 0.22, 0.11, 0.22, 0.19, 1.22, 3.06, 2.67, 2.69, 7.33, 5.89, 5.92, 5.94, 3.14, 0.33, 0.39, 0.47, 0.44, 0.42, 5.17, 5.19, 4.61, 4.64, 4.58, 2.97, 0.17, 4.86, 4.31, 4.36, 4.39, 0.42, 6.39, 5.61, 5.64, 5.67, 5.69, 1.22, 0.36, 0.33, 0.42, 0.22, 0.22, 0.25, 0.47, 0.47, 6.47, 6.5, 4.47, 2.19, 0.33, 3.58, 3.61, 6.92, 4.92, 4.97, 4.86, 8.39, 4.58, 2.22, 2.25, 0.67, 0.69, 0.72, 0.75, 0.86, 0.89, 0.78, 8.92, 7.75, 6.44, 4.86, 7.81, 4.58, 4.11, 3.58, 2.72, 2.75, 2.81, 2.78, 8.53, 5.81, 8.92, 3.81, 3.83, 3.86, 3.89, 8.69, 3.86, 3.89, 4.39, 4.42, 3.92, 3.89, 3.36, 4.72, 0.58, 0.61, 8.58, 4.17, 4.19, 4.22, 4.25, 4.25, 9.36, 4.19, 3.42, 4.89, 3.83, 3.86, 3.89, 3.69, 2.81, 1.11, 0.92, 1.53, 1.44, 2.08, 0.64, 1.17, 2.0, 2.61, 1.19, 1.22, 2.25, 1.67, 2.31, 2.33, 2.36, 2.39, 2.42, 2.44, 1.22, 3.56, 2.5, 2.53, 2.56, 2.56, 5.78, 2.61, 2.61, 2.64, 2.67, 2.69, 2.64, 4.83, 2.86, 2.83, 2.31, 1.22, 1.25, 1.28, 1.31, 1.33, 1.36, 1.75, 2.47, 1.83, 1.86, 1.89, 3.47, 3.39, 1.25, 1.28, 1.31, 1.33, 1.36, 0.67, 0.69, 0.72, 0.75, 0.78, 0.81, 0.83, 0.86, 0.89, 1.0, 1.03, 0.33, 0.36, 0.39, 0.42, 0.44, 0.47, 0.47, 4.08, 0.97, 0.53, 0.56, 0.58, 0.61, 5.97, 0.64]

ILAO*:
Tiempo requerido: 0.163
Iteraciones requeridas: 52
Nodos expandidos: 520

RLAO*:
Tiempo requerido: 0.235
Iteraciones requeridas: 33
Nodos expandidos: 1089

BLAO*:
Tiempo requerido: 0.552
Iteraciones requeridas: 35
Nodos expandidos: 1700

VI:
Tiempo requerido: 1.751
Iteraciones requeridas: 67

Problema 2
-------------------------------------------------------
LAO*:
Tiempo requerido: 7.861
Iteraciones requeridas: 512
Nodos expandidos: 512
Porcentajes del conjunto Z: [0.03, 0.06, 0.08, 0.11, 0.14, 0.17, 0.14, 0.19, 0.25, 0.25, 0.28, 0.17, 0.25, 0.39, 0.33, 0.31, 0.33, 0.42, 0.5, 0.53, 0.53, 0.44, 0.61, 0.64, 0.64, 0.19, 0.22, 0.25, 0.28, 0.31, 0.28, 0.33, 0.36, 0.39, 0.39, 1.0, 1.0, 1.0, 1.03, 1.11, 1.14, 1.06, 0.58, 0.44, 0.31, 0.33, 0.47, 0.69, 0.94, 0.28, 0.31, 0.33, 0.36, 0.39, 0.42, 0.39, 0.44, 0.47, 0.44, 0.81, 0.64, 1.25, 0.08, 0.44, 0.28, 0.36, 0.31, 0.33, 0.39, 1.08, 0.83, 2.0, 2.03, 2.0, 0.92, 1.97, 0.25, 0.17, 0.25, 0.67, 0.86, 1.19, 2.06, 2.08, 0.39, 1.06, 0.81, 0.36, 0.28, 0.31, 0.33, 0.36, 1.08, 0.78, 0.81, 0.83, 0.86, 0.86, 0.39, 0.83, 0.86, 0.89, 0.92, 1.03, 0.94, 1.08, 2.42, 1.11, 1.06, 1.03, 1.06, 1.08, 1.11, 1.08, 1.06, 0.92, 0.89, 0.42, 0.44, 0.47, 0.5, 0.53, 0.56, 0.58, 0.61, 0.64, 0.67, 0.69, 0.72, 0.75, 1.58, 2.64, 1.94, 1.69, 1.89, 1.53, 0.78, 0.81, 0.83, 2.22, 0.19, 1.61, 1.53, 1.94, 1.53, 0.83, 2.14, 1.69, 2.11, 1.92, 1.94, 1.97, 2.0, 2.03, 2.06, 2.08, 2.19, 0.92, 0.94, 0.97, 3.03, 1.0, 1.0, 1.06, 1.97, 0.86, 3.14, 1.78, 2.42, 2.44, 2.47, 2.47, 2.03, 2.36, 3.06, 2.81, 2.08, 2.11, 2.61, 3.14, 2.97, 0.28, 0.89, 2.67, 2.67, 1.53, 2.69, 1.56, 1.56, 1.58, 1.61, 1.64, 1.14, 1.22, 1.25, 1.39, 1.42, 1.44, 1.47, 1.47, 1.53, 1.36, 3.64, 1.14, 1.31, 1.03, 0.25, 0.19, 0.22, 0.08, 0.06, 0.06, 0.06, 5.42, 0.19, 0.06, 0.33, 0.92, 0.94, 0.97, 0.36, 0.39, 0.42, 0.44, 0.47, 0.5, 0.53, 0.61, 0.72, 3.42, 1.69, 1.53, 1.56, 1.58, 1.61, 5.25, 1.61, 1.64, 1.67, 1.69, 1.72, 1.75, 1.86, 2.17, 1.78, 2.0, 4.39, 3.42, 0.28, 3.39, 0.33, 0.33, 1.31, 3.67, 3.69, 1.86, 0.67, 0.33, 0.81, 0.53, 0.56, 0.58, 3.81, 2.0, 0.61, 2.0, 1.97, 2.11, 2.5, 2.14, 2.17, 2.11, 1.86, 3.39, 2.97, 3.0, 3.25, 7.17, 0.64, 4.17, 0.72, 1.78, 3.78, 3.25, 7.17, 3.31, 4.83, 4.86, 7.14, 3.39, 4.03, 4.61, 4.64, 0.69, 3.11, 2.56, 2.58, 2.61, 2.64, 5.75, 5.06, 4.89, 4.92, 4.94, 4.97, 4.69, 7.78, 7.53, 7.89, 7.94, 4.86, 7.69, 1.28, 1.31, 7.42, 1.22, 1.19, 7.17, 4.31, 3.47, 0.17, 0.22, 0.11, 0.22, 0.19, 1.22, 3.06, 2.67, 2.69, 7.33, 5.89, 5.92, 5.94, 3.14, 0.33, 0.39, 0.47, 0.44, 0.42, 5.17, 5.19, 4.61, 4.64, 4.58, 2.97, 0.17, 4.86, 4.31, 4.36, 4.39, 0.42, 6.39, 5.61, 5.64, 5.67, 5.69, 1.22, 0.36, 0.33, 0.42, 0.22, 0.22, 0.25, 0.47, 0.47, 6.47, 6.5, 4.47, 2.19, 0.33, 3.58, 3.61, 6.92, 4.92, 4.97, 4.86, 8.39, 4.58, 2.22, 2.25, 0.67, 0.69, 0.72, 0.75, 0.86, 0.89, 0.78, 8.92, 7.75, 6.44, 4.86, 7.81, 4.58, 4.11, 3.58, 2.72, 2.75, 2.81, 2.78, 8.53, 5.81, 8.92, 3.81, 3.83, 3.86, 3.89, 8.69, 3.86, 3.89, 4.39, 4.42, 3.92, 3.89, 3.36, 4.72, 0.58, 0.61, 8.58, 4.17, 4.19, 4.22, 4.25, 4.25, 9.36, 4.19, 3.42, 4.89, 3.83, 3.86, 3.89, 3.69, 2.81, 1.11, 0.92, 1.53, 1.44, 2.08, 0.64, 1.17, 2.0, 2.61, 1.19, 1.22, 2.25, 1.67, 2.31, 2.33, 2.36, 2.39, 2.42, 2.44, 1.22, 3.56, 2.5, 2.53, 2.56, 2.56, 5.78, 2.61, 2.61, 2.64, 2.67, 2.69, 2.64, 4.83, 2.86, 2.83, 2.31, 1.22, 1.25, 1.28, 1.31, 1.33, 1.36, 1.75, 2.47, 1.83, 1.86, 1.89, 3.47, 3.39, 1.25, 1.28, 1.31, 1.33, 1.36, 0.67, 0.69, 0.72, 0.75, 0.78, 0.81, 0.83, 0.86, 0.89, 1.0, 1.03, 0.33, 0.36, 0.39, 0.42, 0.44, 0.47, 0.47, 4.08, 0.97, 0.53, 0.56, 0.58, 0.61, 5.97, 0.64]

ILAO*:
Tiempo requerido: 0.151
Iteraciones requeridas: 52
Nodos expandidos: 520

RLAO*:
Tiempo requerido: 0.24
Iteraciones requeridas: 33
Nodos expandidos: 1089

BLAO*:
Tiempo requerido: 0.496
Iteraciones requeridas: 35
Nodos expandidos: 1700

VI:
Tiempo requerido: 1.792
Iteraciones requeridas: 67

Problema 3
-------------------------------------------------------
LAO*:
Tiempo requerido: 7.848
Iteraciones requeridas: 512
Nodos expandidos: 512
Porcentajes del conjunto Z: [0.03, 0.06, 0.08, 0.11, 0.14, 0.17, 0.14, 0.19, 0.25, 0.25, 0.28, 0.17, 0.25, 0.39, 0.33, 0.31, 0.33, 0.42, 0.5, 0.53, 0.53, 0.44, 0.61, 0.64, 0.64, 0.19, 0.22, 0.25, 0.28, 0.31, 0.28, 0.33, 0.36, 0.39, 0.39, 1.0, 1.0, 1.0, 1.03, 1.11, 1.14, 1.06, 0.58, 0.44, 0.31, 0.33, 0.47, 0.69, 0.94, 0.28, 0.31, 0.33, 0.36, 0.39, 0.42, 0.39, 0.44, 0.47, 0.44, 0.81, 0.64, 1.25, 0.08, 0.44, 0.28, 0.36, 0.31, 0.33, 0.39, 1.08, 0.83, 2.0, 2.03, 2.0, 0.92, 1.97, 0.25, 0.17, 0.25, 0.67, 0.86, 1.19, 2.06, 2.08, 0.39, 1.06, 0.81, 0.36, 0.28, 0.31, 0.33, 0.36, 1.08, 0.78, 0.81, 0.83, 0.86, 0.86, 0.39, 0.83, 0.86, 0.89, 0.92, 1.03, 0.94, 1.08, 2.42, 1.11, 1.06, 1.03, 1.06, 1.08, 1.11, 1.08, 1.06, 0.92, 0.89, 0.42, 0.44, 0.47, 0.5, 0.53, 0.56, 0.58, 0.61, 0.64, 0.67, 0.69, 0.72, 0.75, 1.58, 2.64, 1.94, 1.69, 1.89, 1.53, 0.78, 0.81, 0.83, 2.22, 0.19, 1.61, 1.53, 1.94, 1.53, 0.83, 2.14, 1.69, 2.11, 1.92, 1.94, 1.97, 2.0, 2.03, 2.06, 2.08, 2.19, 0.92, 0.94, 0.97, 3.03, 1.0, 1.0, 1.06, 1.97, 0.86, 3.14, 1.78, 2.42, 2.44, 2.47, 2.47, 2.03, 2.36, 3.06, 2.81, 2.08, 2.11, 2.61, 3.14, 2.97, 0.28, 0.89, 2.67, 2.67, 1.53, 2.69, 1.56, 1.56, 1.58, 1.61, 1.64, 1.14, 1.22, 1.25, 1.39, 1.42, 1.44, 1.47, 1.47, 1.53, 1.36, 3.64, 1.14, 1.31, 1.03, 0.25, 0.19, 0.22, 0.08, 0.06, 0.06, 0.06, 5.42, 0.19, 0.06, 0.33, 0.92, 0.94, 0.97, 0.36, 0.39, 0.42, 0.44, 0.47, 0.5, 0.53, 0.61, 0.72, 3.42, 1.69, 1.53, 1.56, 1.58, 1.61, 5.25, 1.61, 1.64, 1.67, 1.69, 1.72, 1.75, 1.86, 2.17, 1.78, 2.0, 4.39, 3.42, 0.28, 3.39, 0.33, 0.33, 1.31, 3.67, 3.69, 1.86, 0.67, 0.33, 0.81, 0.53, 0.56, 0.58, 3.81, 2.0, 0.61, 2.0, 1.97, 2.11, 2.5, 2.14, 2.17, 2.11, 1.86, 3.39, 2.97, 3.0, 3.25, 7.17, 0.64, 4.17, 0.72, 1.78, 3.78, 3.25, 7.17, 3.31, 4.83, 4.86, 7.14, 3.39, 4.03, 4.61, 4.64, 0.69, 3.11, 2.56, 2.58, 2.61, 2.64, 5.75, 5.06, 4.89, 4.92, 4.94, 4.97, 4.69, 7.78, 7.53, 7.89, 7.94, 4.86, 7.69, 1.28, 1.31, 7.42, 1.22, 1.19, 7.17, 4.31, 3.47, 0.17, 0.22, 0.11, 0.22, 0.19, 1.22, 3.06, 2.67, 2.69, 7.33, 5.89, 5.92, 5.94, 3.14, 0.33, 0.39, 0.47, 0.44, 0.42, 5.17, 5.19, 4.61, 4.64, 4.58, 2.97, 0.17, 4.86, 4.31, 4.36, 4.39, 0.42, 6.39, 5.61, 5.64, 5.67, 5.69, 1.22, 0.36, 0.33, 0.42, 0.22, 0.22, 0.25, 0.47, 0.47, 6.47, 6.5, 4.47, 2.19, 0.33, 3.58, 3.61, 6.92, 4.92, 4.97, 4.86, 8.39, 4.58, 2.22, 2.25, 0.67, 0.69, 0.72, 0.75, 0.86, 0.89, 0.78, 8.92, 7.75, 6.44, 4.86, 7.81, 4.58, 4.11, 3.58, 2.72, 2.75, 2.81, 2.78, 8.53, 5.81, 8.92, 3.81, 3.83, 3.86, 3.89, 8.69, 3.86, 3.89, 4.39, 4.42, 3.92, 3.89, 3.36, 4.72, 0.58, 0.61, 8.58, 4.17, 4.19, 4.22, 4.25, 4.25, 9.36, 4.19, 3.42, 4.89, 3.83, 3.86, 3.89, 3.69, 2.81, 1.11, 0.92, 1.53, 1.44, 2.08, 0.64, 1.17, 2.0, 2.61, 1.19, 1.22, 2.25, 1.67, 2.31, 2.33, 2.36, 2.39, 2.42, 2.44, 1.22, 3.56, 2.5, 2.53, 2.56, 2.56, 5.78, 2.61, 2.61, 2.64, 2.67, 2.69, 2.64, 4.83, 2.86, 2.83, 2.31, 1.22, 1.25, 1.28, 1.31, 1.33, 1.36, 1.75, 2.47, 1.83, 1.86, 1.89, 3.47, 3.39, 1.25, 1.28, 1.31, 1.33, 1.36, 0.67, 0.69, 0.72, 0.75, 0.78, 0.81, 0.83, 0.86, 0.89, 1.0, 1.03, 0.33, 0.36, 0.39, 0.42, 0.44, 0.47, 0.47, 4.08, 0.97, 0.53, 0.56, 0.58, 0.61, 5.97, 0.64]

ILAO*:
Tiempo requerido: 0.15
Iteraciones requeridas: 52
Nodos expandidos: 520

RLAO*:
Tiempo requerido: 0.236
Iteraciones requeridas: 33
Nodos expandidos: 1089

BLAO*:
Tiempo requerido: 0.497
Iteraciones requeridas: 35
Nodos expandidos: 1700

VI:
Tiempo requerido: 1.766
Iteraciones requeridas: 67

Problema 4
-------------------------------------------------------
LAO*:
Tiempo requerido: 7.868
Iteraciones requeridas: 512
Nodos expandidos: 512
Porcentajes del conjunto Z: [0.03, 0.06, 0.08, 0.11, 0.14, 0.17, 0.14, 0.19, 0.25, 0.25, 0.28, 0.17, 0.25, 0.39, 0.33, 0.31, 0.33, 0.42, 0.5, 0.53, 0.53, 0.44, 0.61, 0.64, 0.64, 0.19, 0.22, 0.25, 0.28, 0.31, 0.28, 0.33, 0.36, 0.39, 0.39, 1.0, 1.0, 1.0, 1.03, 1.11, 1.14, 1.06, 0.58, 0.44, 0.31, 0.33, 0.47, 0.69, 0.94, 0.28, 0.31, 0.33, 0.36, 0.39, 0.42, 0.39, 0.44, 0.47, 0.44, 0.81, 0.64, 1.25, 0.08, 0.44, 0.28, 0.36, 0.31, 0.33, 0.39, 1.08, 0.83, 2.0, 2.03, 2.0, 0.92, 1.97, 0.25, 0.17, 0.25, 0.67, 0.86, 1.19, 2.06, 2.08, 0.39, 1.06, 0.81, 0.36, 0.28, 0.31, 0.33, 0.36, 1.08, 0.78, 0.81, 0.83, 0.86, 0.86, 0.39, 0.83, 0.86, 0.89, 0.92, 1.03, 0.94, 1.08, 2.42, 1.11, 1.06, 1.03, 1.06, 1.08, 1.11, 1.08, 1.06, 0.92, 0.89, 0.42, 0.44, 0.47, 0.5, 0.53, 0.56, 0.58, 0.61, 0.64, 0.67, 0.69, 0.72, 0.75, 1.58, 2.64, 1.94, 1.69, 1.89, 1.53, 0.78, 0.81, 0.83, 2.22, 0.19, 1.61, 1.53, 1.94, 1.53, 0.83, 2.14, 1.69, 2.11, 1.92, 1.94, 1.97, 2.0, 2.03, 2.06, 2.08, 2.19, 0.92, 0.94, 0.97, 3.03, 1.0, 1.0, 1.06, 1.97, 0.86, 3.14, 1.78, 2.42, 2.44, 2.47, 2.47, 2.03, 2.36, 3.06, 2.81, 2.08, 2.11, 2.61, 3.14, 2.97, 0.28, 0.89, 2.67, 2.67, 1.53, 2.69, 1.56, 1.56, 1.58, 1.61, 1.64, 1.14, 1.22, 1.25, 1.39, 1.42, 1.44, 1.47, 1.47, 1.53, 1.36, 3.64, 1.14, 1.31, 1.03, 0.25, 0.19, 0.22, 0.08, 0.06, 0.06, 0.06, 5.42, 0.19, 0.06, 0.33, 0.92, 0.94, 0.97, 0.36, 0.39, 0.42, 0.44, 0.47, 0.5, 0.53, 0.61, 0.72, 3.42, 1.69, 1.53, 1.56, 1.58, 1.61, 5.25, 1.61, 1.64, 1.67, 1.69, 1.72, 1.75, 1.86, 2.17, 1.78, 2.0, 4.39, 3.42, 0.28, 3.39, 0.33, 0.33, 1.31, 3.67, 3.69, 1.86, 0.67, 0.33, 0.81, 0.53, 0.56, 0.58, 3.81, 2.0, 0.61, 2.0, 1.97, 2.11, 2.5, 2.14, 2.17, 2.11, 1.86, 3.39, 2.97, 3.0, 3.25, 7.17, 0.64, 4.17, 0.72, 1.78, 3.78, 3.25, 7.17, 3.31, 4.83, 4.86, 7.14, 3.39, 4.03, 4.61, 4.64, 0.69, 3.11, 2.56, 2.58, 2.61, 2.64, 5.75, 5.06, 4.89, 4.92, 4.94, 4.97, 4.69, 7.78, 7.53, 7.89, 7.94, 4.86, 7.69, 1.28, 1.31, 7.42, 1.22, 1.19, 7.17, 4.31, 3.47, 0.17, 0.22, 0.11, 0.22, 0.19, 1.22, 3.06, 2.67, 2.69, 7.33, 5.89, 5.92, 5.94, 3.14, 0.33, 0.39, 0.47, 0.44, 0.42, 5.17, 5.19, 4.61, 4.64, 4.58, 2.97, 0.17, 4.86, 4.31, 4.36, 4.39, 0.42, 6.39, 5.61, 5.64, 5.67, 5.69, 1.22, 0.36, 0.33, 0.42, 0.22, 0.22, 0.25, 0.47, 0.47, 6.47, 6.5, 4.47, 2.19, 0.33, 3.58, 3.61, 6.92, 4.92, 4.97, 4.86, 8.39, 4.58, 2.22, 2.25, 0.67, 0.69, 0.72, 0.75, 0.86, 0.89, 0.78, 8.92, 7.75, 6.44, 4.86, 7.81, 4.58, 4.11, 3.58, 2.72, 2.75, 2.81, 2.78, 8.53, 5.81, 8.92, 3.81, 3.83, 3.86, 3.89, 8.69, 3.86, 3.89, 4.39, 4.42, 3.92, 3.89, 3.36, 4.72, 0.58, 0.61, 8.58, 4.17, 4.19, 4.22, 4.25, 4.25, 9.36, 4.19, 3.42, 4.89, 3.83, 3.86, 3.89, 3.69, 2.81, 1.11, 0.92, 1.53, 1.44, 2.08, 0.64, 1.17, 2.0, 2.61, 1.19, 1.22, 2.25, 1.67, 2.31, 2.33, 2.36, 2.39, 2.42, 2.44, 1.22, 3.56, 2.5, 2.53, 2.56, 2.56, 5.78, 2.61, 2.61, 2.64, 2.67, 2.69, 2.64, 4.83, 2.86, 2.83, 2.31, 1.22, 1.25, 1.28, 1.31, 1.33, 1.36, 1.75, 2.47, 1.83, 1.86, 1.89, 3.47, 3.39, 1.25, 1.28, 1.31, 1.33, 1.36, 0.67, 0.69, 0.72, 0.75, 0.78, 0.81, 0.83, 0.86, 0.89, 1.0, 1.03, 0.33, 0.36, 0.39, 0.42, 0.44, 0.47, 0.47, 4.08, 0.97, 0.53, 0.56, 0.58, 0.61, 5.97, 0.64]

ILAO*:
Tiempo requerido: 0.15
Iteraciones requeridas: 52
Nodos expandidos: 520

RLAO*:
Tiempo requerido: 0.248
Iteraciones requeridas: 33
Nodos expandidos: 1089

BLAO*:
Tiempo requerido: 0.501
Iteraciones requeridas: 35
Nodos expandidos: 1700

VI:
Tiempo requerido: 1.777
Iteraciones requeridas: 67

Problema 5
-------------------------------------------------------
LAO*:
Tiempo requerido: 7.869
Iteraciones requeridas: 512
Nodos expandidos: 512
Porcentajes del conjunto Z: [0.03, 0.06, 0.08, 0.11, 0.14, 0.17, 0.14, 0.19, 0.25, 0.25, 0.28, 0.17, 0.25, 0.39, 0.33, 0.31, 0.33, 0.42, 0.5, 0.53, 0.53, 0.44, 0.61, 0.64, 0.64, 0.19, 0.22, 0.25, 0.28, 0.31, 0.28, 0.33, 0.36, 0.39, 0.39, 1.0, 1.0, 1.0, 1.03, 1.11, 1.14, 1.06, 0.58, 0.44, 0.31, 0.33, 0.47, 0.69, 0.94, 0.28, 0.31, 0.33, 0.36, 0.39, 0.42, 0.39, 0.44, 0.47, 0.44, 0.81, 0.64, 1.25, 0.08, 0.44, 0.28, 0.36, 0.31, 0.33, 0.39, 1.08, 0.83, 2.0, 2.03, 2.0, 0.92, 1.97, 0.25, 0.17, 0.25, 0.67, 0.86, 1.19, 2.06, 2.08, 0.39, 1.06, 0.81, 0.36, 0.28, 0.31, 0.33, 0.36, 1.08, 0.78, 0.81, 0.83, 0.86, 0.86, 0.39, 0.83, 0.86, 0.89, 0.92, 1.03, 0.94, 1.08, 2.42, 1.11, 1.06, 1.03, 1.06, 1.08, 1.11, 1.08, 1.06, 0.92, 0.89, 0.42, 0.44, 0.47, 0.5, 0.53, 0.56, 0.58, 0.61, 0.64, 0.67, 0.69, 0.72, 0.75, 1.58, 2.64, 1.94, 1.69, 1.89, 1.53, 0.78, 0.81, 0.83, 2.22, 0.19, 1.61, 1.53, 1.94, 1.53, 0.83, 2.14, 1.69, 2.11, 1.92, 1.94, 1.97, 2.0, 2.03, 2.06, 2.08, 2.19, 0.92, 0.94, 0.97, 3.03, 1.0, 1.0, 1.06, 1.97, 0.86, 3.14, 1.78, 2.42, 2.44, 2.47, 2.47, 2.03, 2.36, 3.06, 2.81, 2.08, 2.11, 2.61, 3.14, 2.97, 0.28, 0.89, 2.67, 2.67, 1.53, 2.69, 1.56, 1.56, 1.58, 1.61, 1.64, 1.14, 1.22, 1.25, 1.39, 1.42, 1.44, 1.47, 1.47, 1.53, 1.36, 3.64, 1.14, 1.31, 1.03, 0.25, 0.19, 0.22, 0.08, 0.06, 0.06, 0.06, 5.42, 0.19, 0.06, 0.33, 0.92, 0.94, 0.97, 0.36, 0.39, 0.42, 0.44, 0.47, 0.5, 0.53, 0.61, 0.72, 3.42, 1.69, 1.53, 1.56, 1.58, 1.61, 5.25, 1.61, 1.64, 1.67, 1.69, 1.72, 1.75, 1.86, 2.17, 1.78, 2.0, 4.39, 3.42, 0.28, 3.39, 0.33, 0.33, 1.31, 3.67, 3.69, 1.86, 0.67, 0.33, 0.81, 0.53, 0.56, 0.58, 3.81, 2.0, 0.61, 2.0, 1.97, 2.11, 2.5, 2.14, 2.17, 2.11, 1.86, 3.39, 2.97, 3.0, 3.25, 7.17, 0.64, 4.17, 0.72, 1.78, 3.78, 3.25, 7.17, 3.31, 4.83, 4.86, 7.14, 3.39, 4.03, 4.61, 4.64, 0.69, 3.11, 2.56, 2.58, 2.61, 2.64, 5.75, 5.06, 4.89, 4.92, 4.94, 4.97, 4.69, 7.78, 7.53, 7.89, 7.94, 4.86, 7.69, 1.28, 1.31, 7.42, 1.22, 1.19, 7.17, 4.31, 3.47, 0.17, 0.22, 0.11, 0.22, 0.19, 1.22, 3.06, 2.67, 2.69, 7.33, 5.89, 5.92, 5.94, 3.14, 0.33, 0.39, 0.47, 0.44, 0.42, 5.17, 5.19, 4.61, 4.64, 4.58, 2.97, 0.17, 4.86, 4.31, 4.36, 4.39, 0.42, 6.39, 5.61, 5.64, 5.67, 5.69, 1.22, 0.36, 0.33, 0.42, 0.22, 0.22, 0.25, 0.47, 0.47, 6.47, 6.5, 4.47, 2.19, 0.33, 3.58, 3.61, 6.92, 4.92, 4.97, 4.86, 8.39, 4.58, 2.22, 2.25, 0.67, 0.69, 0.72, 0.75, 0.86, 0.89, 0.78, 8.92, 7.75, 6.44, 4.86, 7.81, 4.58, 4.11, 3.58, 2.72, 2.75, 2.81, 2.78, 8.53, 5.81, 8.92, 3.81, 3.83, 3.86, 3.89, 8.69, 3.86, 3.89, 4.39, 4.42, 3.92, 3.89, 3.36, 4.72, 0.58, 0.61, 8.58, 4.17, 4.19, 4.22, 4.25, 4.25, 9.36, 4.19, 3.42, 4.89, 3.83, 3.86, 3.89, 3.69, 2.81, 1.11, 0.92, 1.53, 1.44, 2.08, 0.64, 1.17, 2.0, 2.61, 1.19, 1.22, 2.25, 1.67, 2.31, 2.33, 2.36, 2.39, 2.42, 2.44, 1.22, 3.56, 2.5, 2.53, 2.56, 2.56, 5.78, 2.61, 2.61, 2.64, 2.67, 2.69, 2.64, 4.83, 2.86, 2.83, 2.31, 1.22, 1.25, 1.28, 1.31, 1.33, 1.36, 1.75, 2.47, 1.83, 1.86, 1.89, 3.47, 3.39, 1.25, 1.28, 1.31, 1.33, 1.36, 0.67, 0.69, 0.72, 0.75, 0.78, 0.81, 0.83, 0.86, 0.89, 1.0, 1.03, 0.33, 0.36, 0.39, 0.42, 0.44, 0.47, 0.47, 4.08, 0.97, 0.53, 0.56, 0.58, 0.61, 5.97, 0.64]

ILAO*:
Tiempo requerido: 0.152
Iteraciones requeridas: 52
Nodos expandidos: 520

RLAO*:
Tiempo requerido: 0.257
Iteraciones requeridas: 33
Nodos expandidos: 1089

BLAO*:
Tiempo requerido: 0.499
Iteraciones requeridas: 35
Nodos expandidos: 1700

VI:
Tiempo requerido: 1.78
Iteraciones requeridas: 67

Problema 6
-------------------------------------------------------
LAO*:
Tiempo requerido: 7.878
Iteraciones requeridas: 512
Nodos expandidos: 512
Porcentajes del conjunto Z: [0.03, 0.06, 0.08, 0.11, 0.14, 0.17, 0.14, 0.19, 0.25, 0.25, 0.28, 0.17, 0.25, 0.39, 0.33, 0.31, 0.33, 0.42, 0.5, 0.53, 0.53, 0.44, 0.61, 0.64, 0.64, 0.19, 0.22, 0.25, 0.28, 0.31, 0.28, 0.33, 0.36, 0.39, 0.39, 1.0, 1.0, 1.0, 1.03, 1.11, 1.14, 1.06, 0.58, 0.44, 0.31, 0.33, 0.47, 0.69, 0.94, 0.28, 0.31, 0.33, 0.36, 0.39, 0.42, 0.39, 0.44, 0.47, 0.44, 0.81, 0.64, 1.25, 0.08, 0.44, 0.28, 0.36, 0.31, 0.33, 0.39, 1.08, 0.83, 2.0, 2.03, 2.0, 0.92, 1.97, 0.25, 0.17, 0.25, 0.67, 0.86, 1.19, 2.06, 2.08, 0.39, 1.06, 0.81, 0.36, 0.28, 0.31, 0.33, 0.36, 1.08, 0.78, 0.81, 0.83, 0.86, 0.86, 0.39, 0.83, 0.86, 0.89, 0.92, 1.03, 0.94, 1.08, 2.42, 1.11, 1.06, 1.03, 1.06, 1.08, 1.11, 1.08, 1.06, 0.92, 0.89, 0.42, 0.44, 0.47, 0.5, 0.53, 0.56, 0.58, 0.61, 0.64, 0.67, 0.69, 0.72, 0.75, 1.58, 2.64, 1.94, 1.69, 1.89, 1.53, 0.78, 0.81, 0.83, 2.22, 0.19, 1.61, 1.53, 1.94, 1.53, 0.83, 2.14, 1.69, 2.11, 1.92, 1.94, 1.97, 2.0, 2.03, 2.06, 2.08, 2.19, 0.92, 0.94, 0.97, 3.03, 1.0, 1.0, 1.06, 1.97, 0.86, 3.14, 1.78, 2.42, 2.44, 2.47, 2.47, 2.03, 2.36, 3.06, 2.81, 2.08, 2.11, 2.61, 3.14, 2.97, 0.28, 0.89, 2.67, 2.67, 1.53, 2.69, 1.56, 1.56, 1.58, 1.61, 1.64, 1.14, 1.22, 1.25, 1.39, 1.42, 1.44, 1.47, 1.47, 1.53, 1.36, 3.64, 1.14, 1.31, 1.03, 0.25, 0.19, 0.22, 0.08, 0.06, 0.06, 0.06, 5.42, 0.19, 0.06, 0.33, 0.92, 0.94, 0.97, 0.36, 0.39, 0.42, 0.44, 0.47, 0.5, 0.53, 0.61, 0.72, 3.42, 1.69, 1.53, 1.56, 1.58, 1.61, 5.25, 1.61, 1.64, 1.67, 1.69, 1.72, 1.75, 1.86, 2.17, 1.78, 2.0, 4.39, 3.42, 0.28, 3.39, 0.33, 0.33, 1.31, 3.67, 3.69, 1.86, 0.67, 0.33, 0.81, 0.53, 0.56, 0.58, 3.81, 2.0, 0.61, 2.0, 1.97, 2.11, 2.5, 2.14, 2.17, 2.11, 1.86, 3.39, 2.97, 3.0, 3.25, 7.17, 0.64, 4.17, 0.72, 1.78, 3.78, 3.25, 7.17, 3.31, 4.83, 4.86, 7.14, 3.39, 4.03, 4.61, 4.64, 0.69, 3.11, 2.56, 2.58, 2.61, 2.64, 5.75, 5.06, 4.89, 4.92, 4.94, 4.97, 4.69, 7.78, 7.53, 7.89, 7.94, 4.86, 7.69, 1.28, 1.31, 7.42, 1.22, 1.19, 7.17, 4.31, 3.47, 0.17, 0.22, 0.11, 0.22, 0.19, 1.22, 3.06, 2.67, 2.69, 7.33, 5.89, 5.92, 5.94, 3.14, 0.33, 0.39, 0.47, 0.44, 0.42, 5.17, 5.19, 4.61, 4.64, 4.58, 2.97, 0.17, 4.86, 4.31, 4.36, 4.39, 0.42, 6.39, 5.61, 5.64, 5.67, 5.69, 1.22, 0.36, 0.33, 0.42, 0.22, 0.22, 0.25, 0.47, 0.47, 6.47, 6.5, 4.47, 2.19, 0.33, 3.58, 3.61, 6.92, 4.92, 4.97, 4.86, 8.39, 4.58, 2.22, 2.25, 0.67, 0.69, 0.72, 0.75, 0.86, 0.89, 0.78, 8.92, 7.75, 6.44, 4.86, 7.81, 4.58, 4.11, 3.58, 2.72, 2.75, 2.81, 2.78, 8.53, 5.81, 8.92, 3.81, 3.83, 3.86, 3.89, 8.69, 3.86, 3.89, 4.39, 4.42, 3.92, 3.89, 3.36, 4.72, 0.58, 0.61, 8.58, 4.17, 4.19, 4.22, 4.25, 4.25, 9.36, 4.19, 3.42, 4.89, 3.83, 3.86, 3.89, 3.69, 2.81, 1.11, 0.92, 1.53, 1.44, 2.08, 0.64, 1.17, 2.0, 2.61, 1.19, 1.22, 2.25, 1.67, 2.31, 2.33, 2.36, 2.39, 2.42, 2.44, 1.22, 3.56, 2.5, 2.53, 2.56, 2.56, 5.78, 2.61, 2.61, 2.64, 2.67, 2.69, 2.64, 4.83, 2.86, 2.83, 2.31, 1.22, 1.25, 1.28, 1.31, 1.33, 1.36, 1.75, 2.47, 1.83, 1.86, 1.89, 3.47, 3.39, 1.25, 1.28, 1.31, 1.33, 1.36, 0.67, 0.69, 0.72, 0.75, 0.78, 0.81, 0.83, 0.86, 0.89, 1.0, 1.03, 0.33, 0.36, 0.39, 0.42, 0.44, 0.47, 0.47, 4.08, 0.97, 0.53, 0.56, 0.58, 0.61, 5.97, 0.64]

ILAO*:
Tiempo requerido: 0.151
Iteraciones requeridas: 52
Nodos expandidos: 520

RLAO*:
Tiempo requerido: 0.233
Iteraciones requeridas: 33
Nodos expandidos: 1089

BLAO*:
Tiempo requerido: 0.494
Iteraciones requeridas: 35
Nodos expandidos: 1700

VI:
Tiempo requerido: 1.778
Iteraciones requeridas: 67

Problema 7
-------------------------------------------------------
LAO*:
Tiempo requerido: 7.929
Iteraciones requeridas: 512
Nodos expandidos: 512
Porcentajes del conjunto Z: [0.03, 0.06, 0.08, 0.11, 0.14, 0.17, 0.14, 0.19, 0.25, 0.25, 0.28, 0.17, 0.25, 0.39, 0.33, 0.31, 0.33, 0.42, 0.5, 0.53, 0.53, 0.44, 0.61, 0.64, 0.64, 0.19, 0.22, 0.25, 0.28, 0.31, 0.28, 0.33, 0.36, 0.39, 0.39, 1.0, 1.0, 1.0, 1.03, 1.11, 1.14, 1.06, 0.58, 0.44, 0.31, 0.33, 0.47, 0.69, 0.94, 0.28, 0.31, 0.33, 0.36, 0.39, 0.42, 0.39, 0.44, 0.47, 0.44, 0.81, 0.64, 1.25, 0.08, 0.44, 0.28, 0.36, 0.31, 0.33, 0.39, 1.08, 0.83, 2.0, 2.03, 2.0, 0.92, 1.97, 0.25, 0.17, 0.25, 0.67, 0.86, 1.19, 2.06, 2.08, 0.39, 1.06, 0.81, 0.36, 0.28, 0.31, 0.33, 0.36, 1.08, 0.78, 0.81, 0.83, 0.86, 0.86, 0.39, 0.83, 0.86, 0.89, 0.92, 1.03, 0.94, 1.08, 2.42, 1.11, 1.06, 1.03, 1.06, 1.08, 1.11, 1.08, 1.06, 0.92, 0.89, 0.42, 0.44, 0.47, 0.5, 0.53, 0.56, 0.58, 0.61, 0.64, 0.67, 0.69, 0.72, 0.75, 1.58, 2.64, 1.94, 1.69, 1.89, 1.53, 0.78, 0.81, 0.83, 2.22, 0.19, 1.61, 1.53, 1.94, 1.53, 0.83, 2.14, 1.69, 2.11, 1.92, 1.94, 1.97, 2.0, 2.03, 2.06, 2.08, 2.19, 0.92, 0.94, 0.97, 3.03, 1.0, 1.0, 1.06, 1.97, 0.86, 3.14, 1.78, 2.42, 2.44, 2.47, 2.47, 2.03, 2.36, 3.06, 2.81, 2.08, 2.11, 2.61, 3.14, 2.97, 0.28, 0.89, 2.67, 2.67, 1.53, 2.69, 1.56, 1.56, 1.58, 1.61, 1.64, 1.14, 1.22, 1.25, 1.39, 1.42, 1.44, 1.47, 1.47, 1.53, 1.36, 3.64, 1.14, 1.31, 1.03, 0.25, 0.19, 0.22, 0.08, 0.06, 0.06, 0.06, 5.42, 0.19, 0.06, 0.33, 0.92, 0.94, 0.97, 0.36, 0.39, 0.42, 0.44, 0.47, 0.5, 0.53, 0.61, 0.72, 3.42, 1.69, 1.53, 1.56, 1.58, 1.61, 5.25, 1.61, 1.64, 1.67, 1.69, 1.72, 1.75, 1.86, 2.17, 1.78, 2.0, 4.39, 3.42, 0.28, 3.39, 0.33, 0.33, 1.31, 3.67, 3.69, 1.86, 0.67, 0.33, 0.81, 0.53, 0.56, 0.58, 3.81, 2.0, 0.61, 2.0, 1.97, 2.11, 2.5, 2.14, 2.17, 2.11, 1.86, 3.39, 2.97, 3.0, 3.25, 7.17, 0.64, 4.17, 0.72, 1.78, 3.78, 3.25, 7.17, 3.31, 4.83, 4.86, 7.14, 3.39, 4.03, 4.61, 4.64, 0.69, 3.11, 2.56, 2.58, 2.61, 2.64, 5.75, 5.06, 4.89, 4.92, 4.94, 4.97, 4.69, 7.78, 7.53, 7.89, 7.94, 4.86, 7.69, 1.28, 1.31, 7.42, 1.22, 1.19, 7.17, 4.31, 3.47, 0.17, 0.22, 0.11, 0.22, 0.19, 1.22, 3.06, 2.67, 2.69, 7.33, 5.89, 5.92, 5.94, 3.14, 0.33, 0.39, 0.47, 0.44, 0.42, 5.17, 5.19, 4.61, 4.64, 4.58, 2.97, 0.17, 4.86, 4.31, 4.36, 4.39, 0.42, 6.39, 5.61, 5.64, 5.67, 5.69, 1.22, 0.36, 0.33, 0.42, 0.22, 0.22, 0.25, 0.47, 0.47, 6.47, 6.5, 4.47, 2.19, 0.33, 3.58, 3.61, 6.92, 4.92, 4.97, 4.86, 8.39, 4.58, 2.22, 2.25, 0.67, 0.69, 0.72, 0.75, 0.86, 0.89, 0.78, 8.92, 7.75, 6.44, 4.86, 7.81, 4.58, 4.11, 3.58, 2.72, 2.75, 2.81, 2.78, 8.53, 5.81, 8.92, 3.81, 3.83, 3.86, 3.89, 8.69, 3.86, 3.89, 4.39, 4.42, 3.92, 3.89, 3.36, 4.72, 0.58, 0.61, 8.58, 4.17, 4.19, 4.22, 4.25, 4.25, 9.36, 4.19, 3.42, 4.89, 3.83, 3.86, 3.89, 3.69, 2.81, 1.11, 0.92, 1.53, 1.44, 2.08, 0.64, 1.17, 2.0, 2.61, 1.19, 1.22, 2.25, 1.67, 2.31, 2.33, 2.36, 2.39, 2.42, 2.44, 1.22, 3.56, 2.5, 2.53, 2.56, 2.56, 5.78, 2.61, 2.61, 2.64, 2.67, 2.69, 2.64, 4.83, 2.86, 2.83, 2.31, 1.22, 1.25, 1.28, 1.31, 1.33, 1.36, 1.75, 2.47, 1.83, 1.86, 1.89, 3.47, 3.39, 1.25, 1.28, 1.31, 1.33, 1.36, 0.67, 0.69, 0.72, 0.75, 0.78, 0.81, 0.83, 0.86, 0.89, 1.0, 1.03, 0.33, 0.36, 0.39, 0.42, 0.44, 0.47, 0.47, 4.08, 0.97, 0.53, 0.56, 0.58, 0.61, 5.97, 0.64]

ILAO*:
Tiempo requerido: 0.151
Iteraciones requeridas: 52
Nodos expandidos: 520

RLAO*:
Tiempo requerido: 0.235
Iteraciones requeridas: 33
Nodos expandidos: 1089

BLAO*:
Tiempo requerido: 0.51
Iteraciones requeridas: 35
Nodos expandidos: 1700

VI:
Tiempo requerido: 1.784
Iteraciones requeridas: 67

Problema 8
-------------------------------------------------------
LAO*:
Tiempo requerido: 7.901
Iteraciones requeridas: 512
Nodos expandidos: 512
Porcentajes del conjunto Z: [0.03, 0.06, 0.08, 0.11, 0.14, 0.17, 0.14, 0.19, 0.25, 0.25, 0.28, 0.17, 0.25, 0.39, 0.33, 0.31, 0.33, 0.42, 0.5, 0.53, 0.53, 0.44, 0.61, 0.64, 0.64, 0.19, 0.22, 0.25, 0.28, 0.31, 0.28, 0.33, 0.36, 0.39, 0.39, 1.0, 1.0, 1.0, 1.03, 1.11, 1.14, 1.06, 0.58, 0.44, 0.31, 0.33, 0.47, 0.69, 0.94, 0.28, 0.31, 0.33, 0.36, 0.39, 0.42, 0.39, 0.44, 0.47, 0.44, 0.81, 0.64, 1.25, 0.08, 0.44, 0.28, 0.36, 0.31, 0.33, 0.39, 1.08, 0.83, 2.0, 2.03, 2.0, 0.92, 1.97, 0.25, 0.17, 0.25, 0.67, 0.86, 1.19, 2.06, 2.08, 0.39, 1.06, 0.81, 0.36, 0.28, 0.31, 0.33, 0.36, 1.08, 0.78, 0.81, 0.83, 0.86, 0.86, 0.39, 0.83, 0.86, 0.89, 0.92, 1.03, 0.94, 1.08, 2.42, 1.11, 1.06, 1.03, 1.06, 1.08, 1.11, 1.08, 1.06, 0.92, 0.89, 0.42, 0.44, 0.47, 0.5, 0.53, 0.56, 0.58, 0.61, 0.64, 0.67, 0.69, 0.72, 0.75, 1.58, 2.64, 1.94, 1.69, 1.89, 1.53, 0.78, 0.81, 0.83, 2.22, 0.19, 1.61, 1.53, 1.94, 1.53, 0.83, 2.14, 1.69, 2.11, 1.92, 1.94, 1.97, 2.0, 2.03, 2.06, 2.08, 2.19, 0.92, 0.94, 0.97, 3.03, 1.0, 1.0, 1.06, 1.97, 0.86, 3.14, 1.78, 2.42, 2.44, 2.47, 2.47, 2.03, 2.36, 3.06, 2.81, 2.08, 2.11, 2.61, 3.14, 2.97, 0.28, 0.89, 2.67, 2.67, 1.53, 2.69, 1.56, 1.56, 1.58, 1.61, 1.64, 1.14, 1.22, 1.25, 1.39, 1.42, 1.44, 1.47, 1.47, 1.53, 1.36, 3.64, 1.14, 1.31, 1.03, 0.25, 0.19, 0.22, 0.08, 0.06, 0.06, 0.06, 5.42, 0.19, 0.06, 0.33, 0.92, 0.94, 0.97, 0.36, 0.39, 0.42, 0.44, 0.47, 0.5, 0.53, 0.61, 0.72, 3.42, 1.69, 1.53, 1.56, 1.58, 1.61, 5.25, 1.61, 1.64, 1.67, 1.69, 1.72, 1.75, 1.86, 2.17, 1.78, 2.0, 4.39, 3.42, 0.28, 3.39, 0.33, 0.33, 1.31, 3.67, 3.69, 1.86, 0.67, 0.33, 0.81, 0.53, 0.56, 0.58, 3.81, 2.0, 0.61, 2.0, 1.97, 2.11, 2.5, 2.14, 2.17, 2.11, 1.86, 3.39, 2.97, 3.0, 3.25, 7.17, 0.64, 4.17, 0.72, 1.78, 3.78, 3.25, 7.17, 3.31, 4.83, 4.86, 7.14, 3.39, 4.03, 4.61, 4.64, 0.69, 3.11, 2.56, 2.58, 2.61, 2.64, 5.75, 5.06, 4.89, 4.92, 4.94, 4.97, 4.69, 7.78, 7.53, 7.89, 7.94, 4.86, 7.69, 1.28, 1.31, 7.42, 1.22, 1.19, 7.17, 4.31, 3.47, 0.17, 0.22, 0.11, 0.22, 0.19, 1.22, 3.06, 2.67, 2.69, 7.33, 5.89, 5.92, 5.94, 3.14, 0.33, 0.39, 0.47, 0.44, 0.42, 5.17, 5.19, 4.61, 4.64, 4.58, 2.97, 0.17, 4.86, 4.31, 4.36, 4.39, 0.42, 6.39, 5.61, 5.64, 5.67, 5.69, 1.22, 0.36, 0.33, 0.42, 0.22, 0.22, 0.25, 0.47, 0.47, 6.47, 6.5, 4.47, 2.19, 0.33, 3.58, 3.61, 6.92, 4.92, 4.97, 4.86, 8.39, 4.58, 2.22, 2.25, 0.67, 0.69, 0.72, 0.75, 0.86, 0.89, 0.78, 8.92, 7.75, 6.44, 4.86, 7.81, 4.58, 4.11, 3.58, 2.72, 2.75, 2.81, 2.78, 8.53, 5.81, 8.92, 3.81, 3.83, 3.86, 3.89, 8.69, 3.86, 3.89, 4.39, 4.42, 3.92, 3.89, 3.36, 4.72, 0.58, 0.61, 8.58, 4.17, 4.19, 4.22, 4.25, 4.25, 9.36, 4.19, 3.42, 4.89, 3.83, 3.86, 3.89, 3.69, 2.81, 1.11, 0.92, 1.53, 1.44, 2.08, 0.64, 1.17, 2.0, 2.61, 1.19, 1.22, 2.25, 1.67, 2.31, 2.33, 2.36, 2.39, 2.42, 2.44, 1.22, 3.56, 2.5, 2.53, 2.56, 2.56, 5.78, 2.61, 2.61, 2.64, 2.67, 2.69, 2.64, 4.83, 2.86, 2.83, 2.31, 1.22, 1.25, 1.28, 1.31, 1.33, 1.36, 1.75, 2.47, 1.83, 1.86, 1.89, 3.47, 3.39, 1.25, 1.28, 1.31, 1.33, 1.36, 0.67, 0.69, 0.72, 0.75, 0.78, 0.81, 0.83, 0.86, 0.89, 1.0, 1.03, 0.33, 0.36, 0.39, 0.42, 0.44, 0.47, 0.47, 4.08, 0.97, 0.53, 0.56, 0.58, 0.61, 5.97, 0.64]

ILAO*:
Tiempo requerido: 0.155
Iteraciones requeridas: 52
Nodos expandidos: 520

RLAO*:
Tiempo requerido: 0.235
Iteraciones requeridas: 33
Nodos expandidos: 1089

BLAO*:
Tiempo requerido: 0.496
Iteraciones requeridas: 35
Nodos expandidos: 1700

VI:
Tiempo requerido: 1.801
Iteraciones requeridas: 67

Problema 9
-------------------------------------------------------
LAO*:
Tiempo requerido: 7.942
Iteraciones requeridas: 512
Nodos expandidos: 512
Porcentajes del conjunto Z: [0.03, 0.06, 0.08, 0.11, 0.14, 0.17, 0.14, 0.19, 0.25, 0.25, 0.28, 0.17, 0.25, 0.39, 0.33, 0.31, 0.33, 0.42, 0.5, 0.53, 0.53, 0.44, 0.61, 0.64, 0.64, 0.19, 0.22, 0.25, 0.28, 0.31, 0.28, 0.33, 0.36, 0.39, 0.39, 1.0, 1.0, 1.0, 1.03, 1.11, 1.14, 1.06, 0.58, 0.44, 0.31, 0.33, 0.47, 0.69, 0.94, 0.28, 0.31, 0.33, 0.36, 0.39, 0.42, 0.39, 0.44, 0.47, 0.44, 0.81, 0.64, 1.25, 0.08, 0.44, 0.28, 0.36, 0.31, 0.33, 0.39, 1.08, 0.83, 2.0, 2.03, 2.0, 0.92, 1.97, 0.25, 0.17, 0.25, 0.67, 0.86, 1.19, 2.06, 2.08, 0.39, 1.06, 0.81, 0.36, 0.28, 0.31, 0.33, 0.36, 1.08, 0.78, 0.81, 0.83, 0.86, 0.86, 0.39, 0.83, 0.86, 0.89, 0.92, 1.03, 0.94, 1.08, 2.42, 1.11, 1.06, 1.03, 1.06, 1.08, 1.11, 1.08, 1.06, 0.92, 0.89, 0.42, 0.44, 0.47, 0.5, 0.53, 0.56, 0.58, 0.61, 0.64, 0.67, 0.69, 0.72, 0.75, 1.58, 2.64, 1.94, 1.69, 1.89, 1.53, 0.78, 0.81, 0.83, 2.22, 0.19, 1.61, 1.53, 1.94, 1.53, 0.83, 2.14, 1.69, 2.11, 1.92, 1.94, 1.97, 2.0, 2.03, 2.06, 2.08, 2.19, 0.92, 0.94, 0.97, 3.03, 1.0, 1.0, 1.06, 1.97, 0.86, 3.14, 1.78, 2.42, 2.44, 2.47, 2.47, 2.03, 2.36, 3.06, 2.81, 2.08, 2.11, 2.61, 3.14, 2.97, 0.28, 0.89, 2.67, 2.67, 1.53, 2.69, 1.56, 1.56, 1.58, 1.61, 1.64, 1.14, 1.22, 1.25, 1.39, 1.42, 1.44, 1.47, 1.47, 1.53, 1.36, 3.64, 1.14, 1.31, 1.03, 0.25, 0.19, 0.22, 0.08, 0.06, 0.06, 0.06, 5.42, 0.19, 0.06, 0.33, 0.92, 0.94, 0.97, 0.36, 0.39, 0.42, 0.44, 0.47, 0.5, 0.53, 0.61, 0.72, 3.42, 1.69, 1.53, 1.56, 1.58, 1.61, 5.25, 1.61, 1.64, 1.67, 1.69, 1.72, 1.75, 1.86, 2.17, 1.78, 2.0, 4.39, 3.42, 0.28, 3.39, 0.33, 0.33, 1.31, 3.67, 3.69, 1.86, 0.67, 0.33, 0.81, 0.53, 0.56, 0.58, 3.81, 2.0, 0.61, 2.0, 1.97, 2.11, 2.5, 2.14, 2.17, 2.11, 1.86, 3.39, 2.97, 3.0, 3.25, 7.17, 0.64, 4.17, 0.72, 1.78, 3.78, 3.25, 7.17, 3.31, 4.83, 4.86, 7.14, 3.39, 4.03, 4.61, 4.64, 0.69, 3.11, 2.56, 2.58, 2.61, 2.64, 5.75, 5.06, 4.89, 4.92, 4.94, 4.97, 4.69, 7.78, 7.53, 7.89, 7.94, 4.86, 7.69, 1.28, 1.31, 7.42, 1.22, 1.19, 7.17, 4.31, 3.47, 0.17, 0.22, 0.11, 0.22, 0.19, 1.22, 3.06, 2.67, 2.69, 7.33, 5.89, 5.92, 5.94, 3.14, 0.33, 0.39, 0.47, 0.44, 0.42, 5.17, 5.19, 4.61, 4.64, 4.58, 2.97, 0.17, 4.86, 4.31, 4.36, 4.39, 0.42, 6.39, 5.61, 5.64, 5.67, 5.69, 1.22, 0.36, 0.33, 0.42, 0.22, 0.22, 0.25, 0.47, 0.47, 6.47, 6.5, 4.47, 2.19, 0.33, 3.58, 3.61, 6.92, 4.92, 4.97, 4.86, 8.39, 4.58, 2.22, 2.25, 0.67, 0.69, 0.72, 0.75, 0.86, 0.89, 0.78, 8.92, 7.75, 6.44, 4.86, 7.81, 4.58, 4.11, 3.58, 2.72, 2.75, 2.81, 2.78, 8.53, 5.81, 8.92, 3.81, 3.83, 3.86, 3.89, 8.69, 3.86, 3.89, 4.39, 4.42, 3.92, 3.89, 3.36, 4.72, 0.58, 0.61, 8.58, 4.17, 4.19, 4.22, 4.25, 4.25, 9.36, 4.19, 3.42, 4.89, 3.83, 3.86, 3.89, 3.69, 2.81, 1.11, 0.92, 1.53, 1.44, 2.08, 0.64, 1.17, 2.0, 2.61, 1.19, 1.22, 2.25, 1.67, 2.31, 2.33, 2.36, 2.39, 2.42, 2.44, 1.22, 3.56, 2.5, 2.53, 2.56, 2.56, 5.78, 2.61, 2.61, 2.64, 2.67, 2.69, 2.64, 4.83, 2.86, 2.83, 2.31, 1.22, 1.25, 1.28, 1.31, 1.33, 1.36, 1.75, 2.47, 1.83, 1.86, 1.89, 3.47, 3.39, 1.25, 1.28, 1.31, 1.33, 1.36, 0.67, 0.69, 0.72, 0.75, 0.78, 0.81, 0.83, 0.86, 0.89, 1.0, 1.03, 0.33, 0.36, 0.39, 0.42, 0.44, 0.47, 0.47, 4.08, 0.97, 0.53, 0.56, 0.58, 0.61, 5.97, 0.64]

ILAO*:
Tiempo requerido: 0.15
Iteraciones requeridas: 52
Nodos expandidos: 520

RLAO*:
Tiempo requerido: 0.242
Iteraciones requeridas: 33
Nodos expandidos: 1089

BLAO*:
Tiempo requerido: 0.497
Iteraciones requeridas: 35
Nodos expandidos: 1700

VI:
Tiempo requerido: 1.777
Iteraciones requeridas: 67

Problema 10
-------------------------------------------------------
LAO*:
Tiempo requerido: 7.939
Iteraciones requeridas: 512
Nodos expandidos: 512
Porcentajes del conjunto Z: [0.03, 0.06, 0.08, 0.11, 0.14, 0.17, 0.14, 0.19, 0.25, 0.25, 0.28, 0.17, 0.25, 0.39, 0.33, 0.31, 0.33, 0.42, 0.5, 0.53, 0.53, 0.44, 0.61, 0.64, 0.64, 0.19, 0.22, 0.25, 0.28, 0.31, 0.28, 0.33, 0.36, 0.39, 0.39, 1.0, 1.0, 1.0, 1.03, 1.11, 1.14, 1.06, 0.58, 0.44, 0.31, 0.33, 0.47, 0.69, 0.94, 0.28, 0.31, 0.33, 0.36, 0.39, 0.42, 0.39, 0.44, 0.47, 0.44, 0.81, 0.64, 1.25, 0.08, 0.44, 0.28, 0.36, 0.31, 0.33, 0.39, 1.08, 0.83, 2.0, 2.03, 2.0, 0.92, 1.97, 0.25, 0.17, 0.25, 0.67, 0.86, 1.19, 2.06, 2.08, 0.39, 1.06, 0.81, 0.36, 0.28, 0.31, 0.33, 0.36, 1.08, 0.78, 0.81, 0.83, 0.86, 0.86, 0.39, 0.83, 0.86, 0.89, 0.92, 1.03, 0.94, 1.08, 2.42, 1.11, 1.06, 1.03, 1.06, 1.08, 1.11, 1.08, 1.06, 0.92, 0.89, 0.42, 0.44, 0.47, 0.5, 0.53, 0.56, 0.58, 0.61, 0.64, 0.67, 0.69, 0.72, 0.75, 1.58, 2.64, 1.94, 1.69, 1.89, 1.53, 0.78, 0.81, 0.83, 2.22, 0.19, 1.61, 1.53, 1.94, 1.53, 0.83, 2.14, 1.69, 2.11, 1.92, 1.94, 1.97, 2.0, 2.03, 2.06, 2.08, 2.19, 0.92, 0.94, 0.97, 3.03, 1.0, 1.0, 1.06, 1.97, 0.86, 3.14, 1.78, 2.42, 2.44, 2.47, 2.47, 2.03, 2.36, 3.06, 2.81, 2.08, 2.11, 2.61, 3.14, 2.97, 0.28, 0.89, 2.67, 2.67, 1.53, 2.69, 1.56, 1.56, 1.58, 1.61, 1.64, 1.14, 1.22, 1.25, 1.39, 1.42, 1.44, 1.47, 1.47, 1.53, 1.36, 3.64, 1.14, 1.31, 1.03, 0.25, 0.19, 0.22, 0.08, 0.06, 0.06, 0.06, 5.42, 0.19, 0.06, 0.33, 0.92, 0.94, 0.97, 0.36, 0.39, 0.42, 0.44, 0.47, 0.5, 0.53, 0.61, 0.72, 3.42, 1.69, 1.53, 1.56, 1.58, 1.61, 5.25, 1.61, 1.64, 1.67, 1.69, 1.72, 1.75, 1.86, 2.17, 1.78, 2.0, 4.39, 3.42, 0.28, 3.39, 0.33, 0.33, 1.31, 3.67, 3.69, 1.86, 0.67, 0.33, 0.81, 0.53, 0.56, 0.58, 3.81, 2.0, 0.61, 2.0, 1.97, 2.11, 2.5, 2.14, 2.17, 2.11, 1.86, 3.39, 2.97, 3.0, 3.25, 7.17, 0.64, 4.17, 0.72, 1.78, 3.78, 3.25, 7.17, 3.31, 4.83, 4.86, 7.14, 3.39, 4.03, 4.61, 4.64, 0.69, 3.11, 2.56, 2.58, 2.61, 2.64, 5.75, 5.06, 4.89, 4.92, 4.94, 4.97, 4.69, 7.78, 7.53, 7.89, 7.94, 4.86, 7.69, 1.28, 1.31, 7.42, 1.22, 1.19, 7.17, 4.31, 3.47, 0.17, 0.22, 0.11, 0.22, 0.19, 1.22, 3.06, 2.67, 2.69, 7.33, 5.89, 5.92, 5.94, 3.14, 0.33, 0.39, 0.47, 0.44, 0.42, 5.17, 5.19, 4.61, 4.64, 4.58, 2.97, 0.17, 4.86, 4.31, 4.36, 4.39, 0.42, 6.39, 5.61, 5.64, 5.67, 5.69, 1.22, 0.36, 0.33, 0.42, 0.22, 0.22, 0.25, 0.47, 0.47, 6.47, 6.5, 4.47, 2.19, 0.33, 3.58, 3.61, 6.92, 4.92, 4.97, 4.86, 8.39, 4.58, 2.22, 2.25, 0.67, 0.69, 0.72, 0.75, 0.86, 0.89, 0.78, 8.92, 7.75, 6.44, 4.86, 7.81, 4.58, 4.11, 3.58, 2.72, 2.75, 2.81, 2.78, 8.53, 5.81, 8.92, 3.81, 3.83, 3.86, 3.89, 8.69, 3.86, 3.89, 4.39, 4.42, 3.92, 3.89, 3.36, 4.72, 0.58, 0.61, 8.58, 4.17, 4.19, 4.22, 4.25, 4.25, 9.36, 4.19, 3.42, 4.89, 3.83, 3.86, 3.89, 3.69, 2.81, 1.11, 0.92, 1.53, 1.44, 2.08, 0.64, 1.17, 2.0, 2.61, 1.19, 1.22, 2.25, 1.67, 2.31, 2.33, 2.36, 2.39, 2.42, 2.44, 1.22, 3.56, 2.5, 2.53, 2.56, 2.56, 5.78, 2.61, 2.61, 2.64, 2.67, 2.69, 2.64, 4.83, 2.86, 2.83, 2.31, 1.22, 1.25, 1.28, 1.31, 1.33, 1.36, 1.75, 2.47, 1.83, 1.86, 1.89, 3.47, 3.39, 1.25, 1.28, 1.31, 1.33, 1.36, 0.67, 0.69, 0.72, 0.75, 0.78, 0.81, 0.83, 0.86, 0.89, 1.0, 1.03, 0.33, 0.36, 0.39, 0.42, 0.44, 0.47, 0.47, 4.08, 0.97, 0.53, 0.56, 0.58, 0.61, 5.97, 0.64]

ILAO*:
Tiempo requerido: 0.151
Iteraciones requeridas: 52
Nodos expandidos: 520

RLAO*:
Tiempo requerido: 0.237
Iteraciones requeridas: 33
Nodos expandidos: 1089

BLAO*:
Tiempo requerido: 0.493
Iteraciones requeridas: 35
Nodos expandidos: 1700

VI:
Tiempo requerido: 1.795
Iteraciones requeridas: 67

Media tiempo LAO: 7.928
Media iteraciones LAO: 512.0
Media expansiones LAO: 512.0

Media tiempo RLAO: 0.24
Media iteraciones RLAO: 33.0
Media expansiones RLAO: 1089.0

Media tiempo ILAO: 0.152
Media iteraciones ILAO: 52.0
Media expansiones ILAO: 520.0

Media tiempo BLAO: 0.504
Media iteraciones BLAO: 35.0
Media expansiones BLAO: 1700.0

Media tiempo VI: 1.78
Media iteraciones VI: 67.0

-------------------------------------------------------
