Problema 1
-------------------------------------------------------
LAO*:
Tiempo requerido: 6.284
Iteraciones requeridas: 133
Nodos expandidos: 133
Porcentajes del conjunto Z: [0.02, 0.04, 0.06, 0.08, 0.1, 0.12, 0.14, 0.16, 0.18, 0.2, 0.22, 0.04, 0.04, 0.24, 0.08, 0.08, 0.27, 0.12, 0.12, 0.29, 0.16, 0.16, 0.31, 0.2, 0.2, 0.33, 0.24, 0.24, 0.35, 0.29, 0.29, 0.37, 0.33, 0.33, 0.39, 0.37, 0.37, 0.41, 0.41, 0.41, 0.04, 0.04, 0.04, 0.06, 0.08, 0.43, 0.47, 0.47, 0.12, 0.12, 0.45, 0.51, 0.51, 0.18, 0.18, 0.47, 0.55, 0.55, 0.24, 0.24, 0.49, 0.59, 0.59, 0.31, 0.31, 0.51, 0.63, 0.63, 0.37, 0.37, 0.53, 0.67, 0.67, 0.43, 0.43, 0.55, 0.71, 0.71, 0.49, 0.49, 0.57, 0.76, 0.76, 0.55, 0.55, 0.59, 0.8, 0.8, 0.61, 0.61, 0.61, 0.82, 0.82, 0.65, 0.65, 0.08, 0.08, 0.63, 0.86, 0.86, 0.71, 0.71, 0.16, 0.16, 0.65, 0.9, 0.9, 0.78, 0.78, 0.24, 0.24, 0.67, 0.94, 0.57, 0.94, 0.84, 0.33, 0.33, 0.69, 0.98, 0.61, 0.98, 0.9, 0.41, 0.41, 0.71, 1.02, 1.02, 0.96, 0.96, 0.49, 0.49, 0.73]

ILAO*:
Tiempo requerido: 0.452
Iteraciones requeridas: 163
Nodos expandidos: 163

RLAO*:
Tiempo requerido: 0.439
Iteraciones requeridas: 37
Nodos expandidos: 1369

BLAO*:
Tiempo requerido: 0.441
Iteraciones requeridas: 25
Nodos expandidos: 741

VI:
Tiempo requerido: 3.043
Iteraciones requeridas: 78

Problema 2
-------------------------------------------------------
LAO*:
Tiempo requerido: 5.983
Iteraciones requeridas: 133
Nodos expandidos: 133
Porcentajes del conjunto Z: [0.02, 0.04, 0.06, 0.08, 0.1, 0.12, 0.14, 0.16, 0.18, 0.2, 0.22, 0.04, 0.04, 0.24, 0.08, 0.08, 0.27, 0.12, 0.12, 0.29, 0.16, 0.16, 0.31, 0.2, 0.2, 0.33, 0.24, 0.24, 0.35, 0.29, 0.29, 0.37, 0.33, 0.33, 0.39, 0.37, 0.37, 0.41, 0.41, 0.41, 0.04, 0.04, 0.04, 0.06, 0.08, 0.43, 0.47, 0.47, 0.12, 0.12, 0.45, 0.51, 0.51, 0.18, 0.18, 0.47, 0.55, 0.55, 0.24, 0.24, 0.49, 0.59, 0.59, 0.31, 0.31, 0.51, 0.63, 0.63, 0.37, 0.37, 0.53, 0.67, 0.67, 0.43, 0.43, 0.55, 0.71, 0.71, 0.49, 0.49, 0.57, 0.76, 0.76, 0.55, 0.55, 0.59, 0.8, 0.8, 0.61, 0.61, 0.61, 0.82, 0.82, 0.65, 0.65, 0.08, 0.08, 0.63, 0.86, 0.86, 0.71, 0.71, 0.16, 0.16, 0.65, 0.9, 0.9, 0.78, 0.78, 0.24, 0.24, 0.67, 0.94, 0.57, 0.94, 0.84, 0.33, 0.33, 0.69, 0.98, 0.61, 0.98, 0.9, 0.41, 0.41, 0.71, 1.02, 1.02, 0.96, 0.96, 0.49, 0.49, 0.73]

ILAO*:
Tiempo requerido: 0.426
Iteraciones requeridas: 163
Nodos expandidos: 163

RLAO*:
Tiempo requerido: 0.457
Iteraciones requeridas: 37
Nodos expandidos: 1369

BLAO*:
Tiempo requerido: 0.394
Iteraciones requeridas: 25
Nodos expandidos: 741

VI:
Tiempo requerido: 2.94
Iteraciones requeridas: 78

Problema 3
-------------------------------------------------------
LAO*:
Tiempo requerido: 6.229
Iteraciones requeridas: 133
Nodos expandidos: 133
Porcentajes del conjunto Z: [0.02, 0.04, 0.06, 0.08, 0.1, 0.12, 0.14, 0.16, 0.18, 0.2, 0.22, 0.04, 0.04, 0.24, 0.08, 0.08, 0.27, 0.12, 0.12, 0.29, 0.16, 0.16, 0.31, 0.2, 0.2, 0.33, 0.24, 0.24, 0.35, 0.29, 0.29, 0.37, 0.33, 0.33, 0.39, 0.37, 0.37, 0.41, 0.41, 0.41, 0.04, 0.04, 0.04, 0.06, 0.08, 0.43, 0.47, 0.47, 0.12, 0.12, 0.45, 0.51, 0.51, 0.18, 0.18, 0.47, 0.55, 0.55, 0.24, 0.24, 0.49, 0.59, 0.59, 0.31, 0.31, 0.51, 0.63, 0.63, 0.37, 0.37, 0.53, 0.67, 0.67, 0.43, 0.43, 0.55, 0.71, 0.71, 0.49, 0.49, 0.57, 0.76, 0.76, 0.55, 0.55, 0.59, 0.8, 0.8, 0.61, 0.61, 0.61, 0.82, 0.82, 0.65, 0.65, 0.08, 0.08, 0.63, 0.86, 0.86, 0.71, 0.71, 0.16, 0.16, 0.65, 0.9, 0.9, 0.78, 0.78, 0.24, 0.24, 0.67, 0.94, 0.57, 0.94, 0.84, 0.33, 0.33, 0.69, 0.98, 0.61, 0.98, 0.9, 0.41, 0.41, 0.71, 1.02, 1.02, 0.96, 0.96, 0.49, 0.49, 0.73]

ILAO*:
Tiempo requerido: 0.446
Iteraciones requeridas: 163
Nodos expandidos: 163

RLAO*:
Tiempo requerido: 0.45
Iteraciones requeridas: 37
Nodos expandidos: 1369

BLAO*:
Tiempo requerido: 0.401
Iteraciones requeridas: 25
Nodos expandidos: 741

VI:
Tiempo requerido: 2.972
Iteraciones requeridas: 78

Problema 4
-------------------------------------------------------
LAO*:
Tiempo requerido: 6.115
Iteraciones requeridas: 133
Nodos expandidos: 133
Porcentajes del conjunto Z: [0.02, 0.04, 0.06, 0.08, 0.1, 0.12, 0.14, 0.16, 0.18, 0.2, 0.22, 0.04, 0.04, 0.24, 0.08, 0.08, 0.27, 0.12, 0.12, 0.29, 0.16, 0.16, 0.31, 0.2, 0.2, 0.33, 0.24, 0.24, 0.35, 0.29, 0.29, 0.37, 0.33, 0.33, 0.39, 0.37, 0.37, 0.41, 0.41, 0.41, 0.04, 0.04, 0.04, 0.06, 0.08, 0.43, 0.47, 0.47, 0.12, 0.12, 0.45, 0.51, 0.51, 0.18, 0.18, 0.47, 0.55, 0.55, 0.24, 0.24, 0.49, 0.59, 0.59, 0.31, 0.31, 0.51, 0.63, 0.63, 0.37, 0.37, 0.53, 0.67, 0.67, 0.43, 0.43, 0.55, 0.71, 0.71, 0.49, 0.49, 0.57, 0.76, 0.76, 0.55, 0.55, 0.59, 0.8, 0.8, 0.61, 0.61, 0.61, 0.82, 0.82, 0.65, 0.65, 0.08, 0.08, 0.63, 0.86, 0.86, 0.71, 0.71, 0.16, 0.16, 0.65, 0.9, 0.9, 0.78, 0.78, 0.24, 0.24, 0.67, 0.94, 0.57, 0.94, 0.84, 0.33, 0.33, 0.69, 0.98, 0.61, 0.98, 0.9, 0.41, 0.41, 0.71, 1.02, 1.02, 0.96, 0.96, 0.49, 0.49, 0.73]

ILAO*:
Tiempo requerido: 0.441
Iteraciones requeridas: 163
Nodos expandidos: 163

RLAO*:
Tiempo requerido: 0.44
Iteraciones requeridas: 37
Nodos expandidos: 1369

BLAO*:
Tiempo requerido: 0.418
Iteraciones requeridas: 25
Nodos expandidos: 741

VI:
Tiempo requerido: 3.065
Iteraciones requeridas: 78

Problema 5
-------------------------------------------------------
LAO*:
Tiempo requerido: 5.996
Iteraciones requeridas: 133
Nodos expandidos: 133
Porcentajes del conjunto Z: [0.02, 0.04, 0.06, 0.08, 0.1, 0.12, 0.14, 0.16, 0.18, 0.2, 0.22, 0.04, 0.04, 0.24, 0.08, 0.08, 0.27, 0.12, 0.12, 0.29, 0.16, 0.16, 0.31, 0.2, 0.2, 0.33, 0.24, 0.24, 0.35, 0.29, 0.29, 0.37, 0.33, 0.33, 0.39, 0.37, 0.37, 0.41, 0.41, 0.41, 0.04, 0.04, 0.04, 0.06, 0.08, 0.43, 0.47, 0.47, 0.12, 0.12, 0.45, 0.51, 0.51, 0.18, 0.18, 0.47, 0.55, 0.55, 0.24, 0.24, 0.49, 0.59, 0.59, 0.31, 0.31, 0.51, 0.63, 0.63, 0.37, 0.37, 0.53, 0.67, 0.67, 0.43, 0.43, 0.55, 0.71, 0.71, 0.49, 0.49, 0.57, 0.76, 0.76, 0.55, 0.55, 0.59, 0.8, 0.8, 0.61, 0.61, 0.61, 0.82, 0.82, 0.65, 0.65, 0.08, 0.08, 0.63, 0.86, 0.86, 0.71, 0.71, 0.16, 0.16, 0.65, 0.9, 0.9, 0.78, 0.78, 0.24, 0.24, 0.67, 0.94, 0.57, 0.94, 0.84, 0.33, 0.33, 0.69, 0.98, 0.61, 0.98, 0.9, 0.41, 0.41, 0.71, 1.02, 1.02, 0.96, 0.96, 0.49, 0.49, 0.73]

ILAO*:
Tiempo requerido: 0.436
Iteraciones requeridas: 163
Nodos expandidos: 163

RLAO*:
Tiempo requerido: 0.43
Iteraciones requeridas: 37
Nodos expandidos: 1369

BLAO*:
Tiempo requerido: 0.413
Iteraciones requeridas: 25
Nodos expandidos: 741

VI:
Tiempo requerido: 3.005
Iteraciones requeridas: 78

Problema 6
-------------------------------------------------------
LAO*:
Tiempo requerido: 6.097
Iteraciones requeridas: 133
Nodos expandidos: 133
Porcentajes del conjunto Z: [0.02, 0.04, 0.06, 0.08, 0.1, 0.12, 0.14, 0.16, 0.18, 0.2, 0.22, 0.04, 0.04, 0.24, 0.08, 0.08, 0.27, 0.12, 0.12, 0.29, 0.16, 0.16, 0.31, 0.2, 0.2, 0.33, 0.24, 0.24, 0.35, 0.29, 0.29, 0.37, 0.33, 0.33, 0.39, 0.37, 0.37, 0.41, 0.41, 0.41, 0.04, 0.04, 0.04, 0.06, 0.08, 0.43, 0.47, 0.47, 0.12, 0.12, 0.45, 0.51, 0.51, 0.18, 0.18, 0.47, 0.55, 0.55, 0.24, 0.24, 0.49, 0.59, 0.59, 0.31, 0.31, 0.51, 0.63, 0.63, 0.37, 0.37, 0.53, 0.67, 0.67, 0.43, 0.43, 0.55, 0.71, 0.71, 0.49, 0.49, 0.57, 0.76, 0.76, 0.55, 0.55, 0.59, 0.8, 0.8, 0.61, 0.61, 0.61, 0.82, 0.82, 0.65, 0.65, 0.08, 0.08, 0.63, 0.86, 0.86, 0.71, 0.71, 0.16, 0.16, 0.65, 0.9, 0.9, 0.78, 0.78, 0.24, 0.24, 0.67, 0.94, 0.57, 0.94, 0.84, 0.33, 0.33, 0.69, 0.98, 0.61, 0.98, 0.9, 0.41, 0.41, 0.71, 1.02, 1.02, 0.96, 0.96, 0.49, 0.49, 0.73]

ILAO*:
Tiempo requerido: 0.45
Iteraciones requeridas: 163
Nodos expandidos: 163

RLAO*:
Tiempo requerido: 0.438
Iteraciones requeridas: 37
Nodos expandidos: 1369

BLAO*:
Tiempo requerido: 0.43
Iteraciones requeridas: 25
Nodos expandidos: 741

VI:
Tiempo requerido: 3.048
Iteraciones requeridas: 78

Problema 7
-------------------------------------------------------
LAO*:
Tiempo requerido: 5.97
Iteraciones requeridas: 133
Nodos expandidos: 133
Porcentajes del conjunto Z: [0.02, 0.04, 0.06, 0.08, 0.1, 0.12, 0.14, 0.16, 0.18, 0.2, 0.22, 0.04, 0.04, 0.24, 0.08, 0.08, 0.27, 0.12, 0.12, 0.29, 0.16, 0.16, 0.31, 0.2, 0.2, 0.33, 0.24, 0.24, 0.35, 0.29, 0.29, 0.37, 0.33, 0.33, 0.39, 0.37, 0.37, 0.41, 0.41, 0.41, 0.04, 0.04, 0.04, 0.06, 0.08, 0.43, 0.47, 0.47, 0.12, 0.12, 0.45, 0.51, 0.51, 0.18, 0.18, 0.47, 0.55, 0.55, 0.24, 0.24, 0.49, 0.59, 0.59, 0.31, 0.31, 0.51, 0.63, 0.63, 0.37, 0.37, 0.53, 0.67, 0.67, 0.43, 0.43, 0.55, 0.71, 0.71, 0.49, 0.49, 0.57, 0.76, 0.76, 0.55, 0.55, 0.59, 0.8, 0.8, 0.61, 0.61, 0.61, 0.82, 0.82, 0.65, 0.65, 0.08, 0.08, 0.63, 0.86, 0.86, 0.71, 0.71, 0.16, 0.16, 0.65, 0.9, 0.9, 0.78, 0.78, 0.24, 0.24, 0.67, 0.94, 0.57, 0.94, 0.84, 0.33, 0.33, 0.69, 0.98, 0.61, 0.98, 0.9, 0.41, 0.41, 0.71, 1.02, 1.02, 0.96, 0.96, 0.49, 0.49, 0.73]

ILAO*:
Tiempo requerido: 0.424
Iteraciones requeridas: 163
Nodos expandidos: 163

RLAO*:
Tiempo requerido: 0.43
Iteraciones requeridas: 37
Nodos expandidos: 1369

BLAO*:
Tiempo requerido: 0.403
Iteraciones requeridas: 25
Nodos expandidos: 741

VI:
Tiempo requerido: 3.05
Iteraciones requeridas: 78

Problema 8
-------------------------------------------------------
LAO*:
Tiempo requerido: 6.284
Iteraciones requeridas: 133
Nodos expandidos: 133
Porcentajes del conjunto Z: [0.02, 0.04, 0.06, 0.08, 0.1, 0.12, 0.14, 0.16, 0.18, 0.2, 0.22, 0.04, 0.04, 0.24, 0.08, 0.08, 0.27, 0.12, 0.12, 0.29, 0.16, 0.16, 0.31, 0.2, 0.2, 0.33, 0.24, 0.24, 0.35, 0.29, 0.29, 0.37, 0.33, 0.33, 0.39, 0.37, 0.37, 0.41, 0.41, 0.41, 0.04, 0.04, 0.04, 0.06, 0.08, 0.43, 0.47, 0.47, 0.12, 0.12, 0.45, 0.51, 0.51, 0.18, 0.18, 0.47, 0.55, 0.55, 0.24, 0.24, 0.49, 0.59, 0.59, 0.31, 0.31, 0.51, 0.63, 0.63, 0.37, 0.37, 0.53, 0.67, 0.67, 0.43, 0.43, 0.55, 0.71, 0.71, 0.49, 0.49, 0.57, 0.76, 0.76, 0.55, 0.55, 0.59, 0.8, 0.8, 0.61, 0.61, 0.61, 0.82, 0.82, 0.65, 0.65, 0.08, 0.08, 0.63, 0.86, 0.86, 0.71, 0.71, 0.16, 0.16, 0.65, 0.9, 0.9, 0.78, 0.78, 0.24, 0.24, 0.67, 0.94, 0.57, 0.94, 0.84, 0.33, 0.33, 0.69, 0.98, 0.61, 0.98, 0.9, 0.41, 0.41, 0.71, 1.02, 1.02, 0.96, 0.96, 0.49, 0.49, 0.73]

ILAO*:
Tiempo requerido: 0.454
Iteraciones requeridas: 163
Nodos expandidos: 163

RLAO*:
Tiempo requerido: 0.455
Iteraciones requeridas: 37
Nodos expandidos: 1369

BLAO*:
Tiempo requerido: 0.431
Iteraciones requeridas: 25
Nodos expandidos: 741

VI:
Tiempo requerido: 3.111
Iteraciones requeridas: 78

Problema 9
-------------------------------------------------------
LAO*:
Tiempo requerido: 6.291
Iteraciones requeridas: 133
Nodos expandidos: 133
Porcentajes del conjunto Z: [0.02, 0.04, 0.06, 0.08, 0.1, 0.12, 0.14, 0.16, 0.18, 0.2, 0.22, 0.04, 0.04, 0.24, 0.08, 0.08, 0.27, 0.12, 0.12, 0.29, 0.16, 0.16, 0.31, 0.2, 0.2, 0.33, 0.24, 0.24, 0.35, 0.29, 0.29, 0.37, 0.33, 0.33, 0.39, 0.37, 0.37, 0.41, 0.41, 0.41, 0.04, 0.04, 0.04, 0.06, 0.08, 0.43, 0.47, 0.47, 0.12, 0.12, 0.45, 0.51, 0.51, 0.18, 0.18, 0.47, 0.55, 0.55, 0.24, 0.24, 0.49, 0.59, 0.59, 0.31, 0.31, 0.51, 0.63, 0.63, 0.37, 0.37, 0.53, 0.67, 0.67, 0.43, 0.43, 0.55, 0.71, 0.71, 0.49, 0.49, 0.57, 0.76, 0.76, 0.55, 0.55, 0.59, 0.8, 0.8, 0.61, 0.61, 0.61, 0.82, 0.82, 0.65, 0.65, 0.08, 0.08, 0.63, 0.86, 0.86, 0.71, 0.71, 0.16, 0.16, 0.65, 0.9, 0.9, 0.78, 0.78, 0.24, 0.24, 0.67, 0.94, 0.57, 0.94, 0.84, 0.33, 0.33, 0.69, 0.98, 0.61, 0.98, 0.9, 0.41, 0.41, 0.71, 1.02, 1.02, 0.96, 0.96, 0.49, 0.49, 0.73]

ILAO*:
Tiempo requerido: 0.432
Iteraciones requeridas: 163
Nodos expandidos: 163

RLAO*:
Tiempo requerido: 0.494
Iteraciones requeridas: 37
Nodos expandidos: 1369

BLAO*:
Tiempo requerido: 0.391
Iteraciones requeridas: 25
Nodos expandidos: 741

VI:
Tiempo requerido: 2.955
Iteraciones requeridas: 78

Problema 10
-------------------------------------------------------
LAO*:
Tiempo requerido: 6.094
Iteraciones requeridas: 133
Nodos expandidos: 133
Porcentajes del conjunto Z: [0.02, 0.04, 0.06, 0.08, 0.1, 0.12, 0.14, 0.16, 0.18, 0.2, 0.22, 0.04, 0.04, 0.24, 0.08, 0.08, 0.27, 0.12, 0.12, 0.29, 0.16, 0.16, 0.31, 0.2, 0.2, 0.33, 0.24, 0.24, 0.35, 0.29, 0.29, 0.37, 0.33, 0.33, 0.39, 0.37, 0.37, 0.41, 0.41, 0.41, 0.04, 0.04, 0.04, 0.06, 0.08, 0.43, 0.47, 0.47, 0.12, 0.12, 0.45, 0.51, 0.51, 0.18, 0.18, 0.47, 0.55, 0.55, 0.24, 0.24, 0.49, 0.59, 0.59, 0.31, 0.31, 0.51, 0.63, 0.63, 0.37, 0.37, 0.53, 0.67, 0.67, 0.43, 0.43, 0.55, 0.71, 0.71, 0.49, 0.49, 0.57, 0.76, 0.76, 0.55, 0.55, 0.59, 0.8, 0.8, 0.61, 0.61, 0.61, 0.82, 0.82, 0.65, 0.65, 0.08, 0.08, 0.63, 0.86, 0.86, 0.71, 0.71, 0.16, 0.16, 0.65, 0.9, 0.9, 0.78, 0.78, 0.24, 0.24, 0.67, 0.94, 0.57, 0.94, 0.84, 0.33, 0.33, 0.69, 0.98, 0.61, 0.98, 0.9, 0.41, 0.41, 0.71, 1.02, 1.02, 0.96, 0.96, 0.49, 0.49, 0.73]

ILAO*:
Tiempo requerido: 0.43
Iteraciones requeridas: 163
Nodos expandidos: 163

RLAO*:
Tiempo requerido: 0.524
Iteraciones requeridas: 37
Nodos expandidos: 1369

BLAO*:
Tiempo requerido: 0.392
Iteraciones requeridas: 25
Nodos expandidos: 741

VI:
Tiempo requerido: 3.009
Iteraciones requeridas: 78

Media tiempo LAO: 6.134
Media iteraciones LAO: 133.0
Media expansiones LAO: 133.0

Media tiempo RLAO: 0.456
Media iteraciones RLAO: 37.0
Media expansiones RLAO: 1369.0

Media tiempo ILAO: 0.439
Media iteraciones ILAO: 163.0
Media expansiones ILAO: 163.0

Media tiempo BLAO: 0.411
Media iteraciones BLAO: 25.0
Media expansiones BLAO: 741.0

Media tiempo VI: 3.02
Media iteraciones VI: 78.0

-------------------------------------------------------
