Problema 1
-------------------------------------------------------
LAO*:
Tiempo requerido: 17.749
Iteraciones requeridas: 224
Nodos expandidos: 224
Porcentajes del conjunto Z: [0.01, 0.02, 0.04, 0.05, 0.06, 0.07, 0.09, 0.1, 0.11, 0.12, 0.14, 0.02, 0.02, 0.15, 0.05, 0.05, 0.16, 0.07, 0.07, 0.17, 0.1, 0.1, 0.19, 0.12, 0.12, 0.2, 0.15, 0.15, 0.21, 0.17, 0.17, 0.22, 0.2, 0.2, 0.23, 0.22, 0.22, 0.25, 0.25, 0.25, 0.02, 0.02, 0.02, 0.04, 0.05, 0.26, 0.28, 0.28, 0.07, 0.07, 0.27, 0.31, 0.31, 0.11, 0.11, 0.28, 0.33, 0.33, 0.15, 0.15, 0.3, 0.36, 0.36, 0.19, 0.19, 0.31, 0.38, 0.38, 0.22, 0.22, 0.32, 0.41, 0.41, 0.26, 0.26, 0.33, 0.43, 0.43, 0.3, 0.3, 0.35, 0.46, 0.46, 0.33, 0.33, 0.36, 0.48, 0.48, 0.37, 0.37, 0.37, 0.49, 0.49, 0.4, 0.4, 0.05, 0.05, 0.38, 0.52, 0.52, 0.43, 0.43, 0.1, 0.1, 0.4, 0.54, 0.54, 0.47, 0.47, 0.15, 0.15, 0.41, 0.57, 0.35, 0.57, 0.51, 0.2, 0.2, 0.42, 0.59, 0.37, 0.59, 0.54, 0.25, 0.25, 0.43, 0.62, 0.62, 0.58, 0.58, 0.3, 0.3, 0.44, 0.64, 0.42, 0.64, 0.62, 0.35, 0.35, 0.46, 0.67, 0.44, 0.67, 0.65, 0.4, 0.4, 0.47, 0.69, 0.47, 0.69, 0.69, 0.44, 0.44, 0.48, 0.72, 0.49, 0.72, 0.73, 0.04, 0.49, 0.49, 0.04, 0.04, 0.06, 0.05, 0.06, 0.05, 0.05, 0.09, 0.49, 0.75, 0.75, 0.78, 0.78, 0.57, 0.57, 0.12, 0.12, 0.51, 0.78, 0.78, 0.81, 0.81, 0.62, 0.62, 0.19, 0.19, 0.52, 0.8, 0.8, 0.85, 0.85, 0.67, 0.67, 0.25, 0.25, 0.53, 0.83, 0.83, 0.89, 0.89, 0.72, 0.72, 0.31, 0.31, 0.54, 0.85, 0.85, 0.93, 0.93, 0.77, 0.77, 0.37, 0.37, 0.56, 0.88, 0.88, 0.96, 0.96, 0.81, 0.81, 0.43, 0.43, 0.57]

ILAO*:
Tiempo requerido: 0.604
Iteraciones requeridas: 271
Nodos expandidos: 271

RLAO*:
Tiempo requerido: 1.163
Iteraciones requeridas: 49
Nodos expandidos: 2401

BLAO*:
Tiempo requerido: 1.305
Iteraciones requeridas: 34
Nodos expandidos: 1424

VI:
Tiempo requerido: 5.873
Iteraciones requeridas: 91

Problema 2
-------------------------------------------------------
LAO*:
Tiempo requerido: 20.106
Iteraciones requeridas: 224
Nodos expandidos: 224
Porcentajes del conjunto Z: [0.01, 0.02, 0.04, 0.05, 0.06, 0.07, 0.09, 0.1, 0.11, 0.12, 0.14, 0.02, 0.02, 0.15, 0.05, 0.05, 0.16, 0.07, 0.07, 0.17, 0.1, 0.1, 0.19, 0.12, 0.12, 0.2, 0.15, 0.15, 0.21, 0.17, 0.17, 0.22, 0.2, 0.2, 0.23, 0.22, 0.22, 0.25, 0.25, 0.25, 0.02, 0.02, 0.02, 0.04, 0.05, 0.26, 0.28, 0.28, 0.07, 0.07, 0.27, 0.31, 0.31, 0.11, 0.11, 0.28, 0.33, 0.33, 0.15, 0.15, 0.3, 0.36, 0.36, 0.19, 0.19, 0.31, 0.38, 0.38, 0.22, 0.22, 0.32, 0.41, 0.41, 0.26, 0.26, 0.33, 0.43, 0.43, 0.3, 0.3, 0.35, 0.46, 0.46, 0.33, 0.33, 0.36, 0.48, 0.48, 0.37, 0.37, 0.37, 0.49, 0.49, 0.4, 0.4, 0.05, 0.05, 0.38, 0.52, 0.52, 0.43, 0.43, 0.1, 0.1, 0.4, 0.54, 0.54, 0.47, 0.47, 0.15, 0.15, 0.41, 0.57, 0.35, 0.57, 0.51, 0.2, 0.2, 0.42, 0.59, 0.37, 0.59, 0.54, 0.25, 0.25, 0.43, 0.62, 0.62, 0.58, 0.58, 0.3, 0.3, 0.44, 0.64, 0.42, 0.64, 0.62, 0.35, 0.35, 0.46, 0.67, 0.44, 0.67, 0.65, 0.4, 0.4, 0.47, 0.69, 0.47, 0.69, 0.69, 0.44, 0.44, 0.48, 0.72, 0.49, 0.72, 0.73, 0.04, 0.49, 0.49, 0.04, 0.04, 0.06, 0.05, 0.06, 0.05, 0.05, 0.09, 0.49, 0.75, 0.75, 0.78, 0.78, 0.57, 0.57, 0.12, 0.12, 0.51, 0.78, 0.78, 0.81, 0.81, 0.62, 0.62, 0.19, 0.19, 0.52, 0.8, 0.8, 0.85, 0.85, 0.67, 0.67, 0.25, 0.25, 0.53, 0.83, 0.83, 0.89, 0.89, 0.72, 0.72, 0.31, 0.31, 0.54, 0.85, 0.85, 0.93, 0.93, 0.77, 0.77, 0.37, 0.37, 0.56, 0.88, 0.88, 0.96, 0.96, 0.81, 0.81, 0.43, 0.43, 0.57]

ILAO*:
Tiempo requerido: 0.903
Iteraciones requeridas: 271
Nodos expandidos: 271

RLAO*:
Tiempo requerido: 1.17
Iteraciones requeridas: 49
Nodos expandidos: 2401

BLAO*:
Tiempo requerido: 1.666
Iteraciones requeridas: 34
Nodos expandidos: 1424

VI:
Tiempo requerido: 6.818
Iteraciones requeridas: 91

Problema 3
-------------------------------------------------------
LAO*:
Tiempo requerido: 19.693
Iteraciones requeridas: 224
Nodos expandidos: 224
Porcentajes del conjunto Z: [0.01, 0.02, 0.04, 0.05, 0.06, 0.07, 0.09, 0.1, 0.11, 0.12, 0.14, 0.02, 0.02, 0.15, 0.05, 0.05, 0.16, 0.07, 0.07, 0.17, 0.1, 0.1, 0.19, 0.12, 0.12, 0.2, 0.15, 0.15, 0.21, 0.17, 0.17, 0.22, 0.2, 0.2, 0.23, 0.22, 0.22, 0.25, 0.25, 0.25, 0.02, 0.02, 0.02, 0.04, 0.05, 0.26, 0.28, 0.28, 0.07, 0.07, 0.27, 0.31, 0.31, 0.11, 0.11, 0.28, 0.33, 0.33, 0.15, 0.15, 0.3, 0.36, 0.36, 0.19, 0.19, 0.31, 0.38, 0.38, 0.22, 0.22, 0.32, 0.41, 0.41, 0.26, 0.26, 0.33, 0.43, 0.43, 0.3, 0.3, 0.35, 0.46, 0.46, 0.33, 0.33, 0.36, 0.48, 0.48, 0.37, 0.37, 0.37, 0.49, 0.49, 0.4, 0.4, 0.05, 0.05, 0.38, 0.52, 0.52, 0.43, 0.43, 0.1, 0.1, 0.4, 0.54, 0.54, 0.47, 0.47, 0.15, 0.15, 0.41, 0.57, 0.35, 0.57, 0.51, 0.2, 0.2, 0.42, 0.59, 0.37, 0.59, 0.54, 0.25, 0.25, 0.43, 0.62, 0.62, 0.58, 0.58, 0.3, 0.3, 0.44, 0.64, 0.42, 0.64, 0.62, 0.35, 0.35, 0.46, 0.67, 0.44, 0.67, 0.65, 0.4, 0.4, 0.47, 0.69, 0.47, 0.69, 0.69, 0.44, 0.44, 0.48, 0.72, 0.49, 0.72, 0.73, 0.04, 0.49, 0.49, 0.04, 0.04, 0.06, 0.05, 0.06, 0.05, 0.05, 0.09, 0.49, 0.75, 0.75, 0.78, 0.78, 0.57, 0.57, 0.12, 0.12, 0.51, 0.78, 0.78, 0.81, 0.81, 0.62, 0.62, 0.19, 0.19, 0.52, 0.8, 0.8, 0.85, 0.85, 0.67, 0.67, 0.25, 0.25, 0.53, 0.83, 0.83, 0.89, 0.89, 0.72, 0.72, 0.31, 0.31, 0.54, 0.85, 0.85, 0.93, 0.93, 0.77, 0.77, 0.37, 0.37, 0.56, 0.88, 0.88, 0.96, 0.96, 0.81, 0.81, 0.43, 0.43, 0.57]

ILAO*:
Tiempo requerido: 0.734
Iteraciones requeridas: 271
Nodos expandidos: 271

RLAO*:
Tiempo requerido: 1.323
Iteraciones requeridas: 49
Nodos expandidos: 2401

BLAO*:
Tiempo requerido: 1.45
Iteraciones requeridas: 34
Nodos expandidos: 1424

VI:
Tiempo requerido: 6.673
Iteraciones requeridas: 91

Problema 4
-------------------------------------------------------
LAO*:
Tiempo requerido: 19.566
Iteraciones requeridas: 224
Nodos expandidos: 224
Porcentajes del conjunto Z: [0.01, 0.02, 0.04, 0.05, 0.06, 0.07, 0.09, 0.1, 0.11, 0.12, 0.14, 0.02, 0.02, 0.15, 0.05, 0.05, 0.16, 0.07, 0.07, 0.17, 0.1, 0.1, 0.19, 0.12, 0.12, 0.2, 0.15, 0.15, 0.21, 0.17, 0.17, 0.22, 0.2, 0.2, 0.23, 0.22, 0.22, 0.25, 0.25, 0.25, 0.02, 0.02, 0.02, 0.04, 0.05, 0.26, 0.28, 0.28, 0.07, 0.07, 0.27, 0.31, 0.31, 0.11, 0.11, 0.28, 0.33, 0.33, 0.15, 0.15, 0.3, 0.36, 0.36, 0.19, 0.19, 0.31, 0.38, 0.38, 0.22, 0.22, 0.32, 0.41, 0.41, 0.26, 0.26, 0.33, 0.43, 0.43, 0.3, 0.3, 0.35, 0.46, 0.46, 0.33, 0.33, 0.36, 0.48, 0.48, 0.37, 0.37, 0.37, 0.49, 0.49, 0.4, 0.4, 0.05, 0.05, 0.38, 0.52, 0.52, 0.43, 0.43, 0.1, 0.1, 0.4, 0.54, 0.54, 0.47, 0.47, 0.15, 0.15, 0.41, 0.57, 0.35, 0.57, 0.51, 0.2, 0.2, 0.42, 0.59, 0.37, 0.59, 0.54, 0.25, 0.25, 0.43, 0.62, 0.62, 0.58, 0.58, 0.3, 0.3, 0.44, 0.64, 0.42, 0.64, 0.62, 0.35, 0.35, 0.46, 0.67, 0.44, 0.67, 0.65, 0.4, 0.4, 0.47, 0.69, 0.47, 0.69, 0.69, 0.44, 0.44, 0.48, 0.72, 0.49, 0.72, 0.73, 0.04, 0.49, 0.49, 0.04, 0.04, 0.06, 0.05, 0.06, 0.05, 0.05, 0.09, 0.49, 0.75, 0.75, 0.78, 0.78, 0.57, 0.57, 0.12, 0.12, 0.51, 0.78, 0.78, 0.81, 0.81, 0.62, 0.62, 0.19, 0.19, 0.52, 0.8, 0.8, 0.85, 0.85, 0.67, 0.67, 0.25, 0.25, 0.53, 0.83, 0.83, 0.89, 0.89, 0.72, 0.72, 0.31, 0.31, 0.54, 0.85, 0.85, 0.93, 0.93, 0.77, 0.77, 0.37, 0.37, 0.56, 0.88, 0.88, 0.96, 0.96, 0.81, 0.81, 0.43, 0.43, 0.57]

ILAO*:
Tiempo requerido: 0.673
Iteraciones requeridas: 271
Nodos expandidos: 271

RLAO*:
Tiempo requerido: 1.299
Iteraciones requeridas: 49
Nodos expandidos: 2401

BLAO*:
Tiempo requerido: 1.435
Iteraciones requeridas: 34
Nodos expandidos: 1424

VI:
Tiempo requerido: 6.037
Iteraciones requeridas: 91

Problema 5
-------------------------------------------------------
LAO*:
Tiempo requerido: 18.474
Iteraciones requeridas: 224
Nodos expandidos: 224
Porcentajes del conjunto Z: [0.01, 0.02, 0.04, 0.05, 0.06, 0.07, 0.09, 0.1, 0.11, 0.12, 0.14, 0.02, 0.02, 0.15, 0.05, 0.05, 0.16, 0.07, 0.07, 0.17, 0.1, 0.1, 0.19, 0.12, 0.12, 0.2, 0.15, 0.15, 0.21, 0.17, 0.17, 0.22, 0.2, 0.2, 0.23, 0.22, 0.22, 0.25, 0.25, 0.25, 0.02, 0.02, 0.02, 0.04, 0.05, 0.26, 0.28, 0.28, 0.07, 0.07, 0.27, 0.31, 0.31, 0.11, 0.11, 0.28, 0.33, 0.33, 0.15, 0.15, 0.3, 0.36, 0.36, 0.19, 0.19, 0.31, 0.38, 0.38, 0.22, 0.22, 0.32, 0.41, 0.41, 0.26, 0.26, 0.33, 0.43, 0.43, 0.3, 0.3, 0.35, 0.46, 0.46, 0.33, 0.33, 0.36, 0.48, 0.48, 0.37, 0.37, 0.37, 0.49, 0.49, 0.4, 0.4, 0.05, 0.05, 0.38, 0.52, 0.52, 0.43, 0.43, 0.1, 0.1, 0.4, 0.54, 0.54, 0.47, 0.47, 0.15, 0.15, 0.41, 0.57, 0.35, 0.57, 0.51, 0.2, 0.2, 0.42, 0.59, 0.37, 0.59, 0.54, 0.25, 0.25, 0.43, 0.62, 0.62, 0.58, 0.58, 0.3, 0.3, 0.44, 0.64, 0.42, 0.64, 0.62, 0.35, 0.35, 0.46, 0.67, 0.44, 0.67, 0.65, 0.4, 0.4, 0.47, 0.69, 0.47, 0.69, 0.69, 0.44, 0.44, 0.48, 0.72, 0.49, 0.72, 0.73, 0.04, 0.49, 0.49, 0.04, 0.04, 0.06, 0.05, 0.06, 0.05, 0.05, 0.09, 0.49, 0.75, 0.75, 0.78, 0.78, 0.57, 0.57, 0.12, 0.12, 0.51, 0.78, 0.78, 0.81, 0.81, 0.62, 0.62, 0.19, 0.19, 0.52, 0.8, 0.8, 0.85, 0.85, 0.67, 0.67, 0.25, 0.25, 0.53, 0.83, 0.83, 0.89, 0.89, 0.72, 0.72, 0.31, 0.31, 0.54, 0.85, 0.85, 0.93, 0.93, 0.77, 0.77, 0.37, 0.37, 0.56, 0.88, 0.88, 0.96, 0.96, 0.81, 0.81, 0.43, 0.43, 0.57]

ILAO*:
Tiempo requerido: 0.634
Iteraciones requeridas: 271
Nodos expandidos: 271

RLAO*:
Tiempo requerido: 1.198
Iteraciones requeridas: 49
Nodos expandidos: 2401

BLAO*:
Tiempo requerido: 1.439
Iteraciones requeridas: 34
Nodos expandidos: 1424

VI:
Tiempo requerido: 6.018
Iteraciones requeridas: 91

Problema 6
-------------------------------------------------------
LAO*:
Tiempo requerido: 18.819
Iteraciones requeridas: 224
Nodos expandidos: 224
Porcentajes del conjunto Z: [0.01, 0.02, 0.04, 0.05, 0.06, 0.07, 0.09, 0.1, 0.11, 0.12, 0.14, 0.02, 0.02, 0.15, 0.05, 0.05, 0.16, 0.07, 0.07, 0.17, 0.1, 0.1, 0.19, 0.12, 0.12, 0.2, 0.15, 0.15, 0.21, 0.17, 0.17, 0.22, 0.2, 0.2, 0.23, 0.22, 0.22, 0.25, 0.25, 0.25, 0.02, 0.02, 0.02, 0.04, 0.05, 0.26, 0.28, 0.28, 0.07, 0.07, 0.27, 0.31, 0.31, 0.11, 0.11, 0.28, 0.33, 0.33, 0.15, 0.15, 0.3, 0.36, 0.36, 0.19, 0.19, 0.31, 0.38, 0.38, 0.22, 0.22, 0.32, 0.41, 0.41, 0.26, 0.26, 0.33, 0.43, 0.43, 0.3, 0.3, 0.35, 0.46, 0.46, 0.33, 0.33, 0.36, 0.48, 0.48, 0.37, 0.37, 0.37, 0.49, 0.49, 0.4, 0.4, 0.05, 0.05, 0.38, 0.52, 0.52, 0.43, 0.43, 0.1, 0.1, 0.4, 0.54, 0.54, 0.47, 0.47, 0.15, 0.15, 0.41, 0.57, 0.35, 0.57, 0.51, 0.2, 0.2, 0.42, 0.59, 0.37, 0.59, 0.54, 0.25, 0.25, 0.43, 0.62, 0.62, 0.58, 0.58, 0.3, 0.3, 0.44, 0.64, 0.42, 0.64, 0.62, 0.35, 0.35, 0.46, 0.67, 0.44, 0.67, 0.65, 0.4, 0.4, 0.47, 0.69, 0.47, 0.69, 0.69, 0.44, 0.44, 0.48, 0.72, 0.49, 0.72, 0.73, 0.04, 0.49, 0.49, 0.04, 0.04, 0.06, 0.05, 0.06, 0.05, 0.05, 0.09, 0.49, 0.75, 0.75, 0.78, 0.78, 0.57, 0.57, 0.12, 0.12, 0.51, 0.78, 0.78, 0.81, 0.81, 0.62, 0.62, 0.19, 0.19, 0.52, 0.8, 0.8, 0.85, 0.85, 0.67, 0.67, 0.25, 0.25, 0.53, 0.83, 0.83, 0.89, 0.89, 0.72, 0.72, 0.31, 0.31, 0.54, 0.85, 0.85, 0.93, 0.93, 0.77, 0.77, 0.37, 0.37, 0.56, 0.88, 0.88, 0.96, 0.96, 0.81, 0.81, 0.43, 0.43, 0.57]

ILAO*:
Tiempo requerido: 0.687
Iteraciones requeridas: 271
Nodos expandidos: 271

RLAO*:
Tiempo requerido: 1.186
Iteraciones requeridas: 49
Nodos expandidos: 2401

BLAO*:
Tiempo requerido: 1.52
Iteraciones requeridas: 34
Nodos expandidos: 1424

VI:
Tiempo requerido: 6.02
Iteraciones requeridas: 91

Problema 7
-------------------------------------------------------
LAO*:
Tiempo requerido: 18.04
Iteraciones requeridas: 224
Nodos expandidos: 224
Porcentajes del conjunto Z: [0.01, 0.02, 0.04, 0.05, 0.06, 0.07, 0.09, 0.1, 0.11, 0.12, 0.14, 0.02, 0.02, 0.15, 0.05, 0.05, 0.16, 0.07, 0.07, 0.17, 0.1, 0.1, 0.19, 0.12, 0.12, 0.2, 0.15, 0.15, 0.21, 0.17, 0.17, 0.22, 0.2, 0.2, 0.23, 0.22, 0.22, 0.25, 0.25, 0.25, 0.02, 0.02, 0.02, 0.04, 0.05, 0.26, 0.28, 0.28, 0.07, 0.07, 0.27, 0.31, 0.31, 0.11, 0.11, 0.28, 0.33, 0.33, 0.15, 0.15, 0.3, 0.36, 0.36, 0.19, 0.19, 0.31, 0.38, 0.38, 0.22, 0.22, 0.32, 0.41, 0.41, 0.26, 0.26, 0.33, 0.43, 0.43, 0.3, 0.3, 0.35, 0.46, 0.46, 0.33, 0.33, 0.36, 0.48, 0.48, 0.37, 0.37, 0.37, 0.49, 0.49, 0.4, 0.4, 0.05, 0.05, 0.38, 0.52, 0.52, 0.43, 0.43, 0.1, 0.1, 0.4, 0.54, 0.54, 0.47, 0.47, 0.15, 0.15, 0.41, 0.57, 0.35, 0.57, 0.51, 0.2, 0.2, 0.42, 0.59, 0.37, 0.59, 0.54, 0.25, 0.25, 0.43, 0.62, 0.62, 0.58, 0.58, 0.3, 0.3, 0.44, 0.64, 0.42, 0.64, 0.62, 0.35, 0.35, 0.46, 0.67, 0.44, 0.67, 0.65, 0.4, 0.4, 0.47, 0.69, 0.47, 0.69, 0.69, 0.44, 0.44, 0.48, 0.72, 0.49, 0.72, 0.73, 0.04, 0.49, 0.49, 0.04, 0.04, 0.06, 0.05, 0.06, 0.05, 0.05, 0.09, 0.49, 0.75, 0.75, 0.78, 0.78, 0.57, 0.57, 0.12, 0.12, 0.51, 0.78, 0.78, 0.81, 0.81, 0.62, 0.62, 0.19, 0.19, 0.52, 0.8, 0.8, 0.85, 0.85, 0.67, 0.67, 0.25, 0.25, 0.53, 0.83, 0.83, 0.89, 0.89, 0.72, 0.72, 0.31, 0.31, 0.54, 0.85, 0.85, 0.93, 0.93, 0.77, 0.77, 0.37, 0.37, 0.56, 0.88, 0.88, 0.96, 0.96, 0.81, 0.81, 0.43, 0.43, 0.57]

ILAO*:
Tiempo requerido: 0.613
Iteraciones requeridas: 271
Nodos expandidos: 271

RLAO*:
Tiempo requerido: 1.202
Iteraciones requeridas: 49
Nodos expandidos: 2401

BLAO*:
Tiempo requerido: 1.397
Iteraciones requeridas: 34
Nodos expandidos: 1424

VI:
Tiempo requerido: 6.154
Iteraciones requeridas: 91

Problema 8
-------------------------------------------------------
LAO*:
Tiempo requerido: 18.337
Iteraciones requeridas: 224
Nodos expandidos: 224
Porcentajes del conjunto Z: [0.01, 0.02, 0.04, 0.05, 0.06, 0.07, 0.09, 0.1, 0.11, 0.12, 0.14, 0.02, 0.02, 0.15, 0.05, 0.05, 0.16, 0.07, 0.07, 0.17, 0.1, 0.1, 0.19, 0.12, 0.12, 0.2, 0.15, 0.15, 0.21, 0.17, 0.17, 0.22, 0.2, 0.2, 0.23, 0.22, 0.22, 0.25, 0.25, 0.25, 0.02, 0.02, 0.02, 0.04, 0.05, 0.26, 0.28, 0.28, 0.07, 0.07, 0.27, 0.31, 0.31, 0.11, 0.11, 0.28, 0.33, 0.33, 0.15, 0.15, 0.3, 0.36, 0.36, 0.19, 0.19, 0.31, 0.38, 0.38, 0.22, 0.22, 0.32, 0.41, 0.41, 0.26, 0.26, 0.33, 0.43, 0.43, 0.3, 0.3, 0.35, 0.46, 0.46, 0.33, 0.33, 0.36, 0.48, 0.48, 0.37, 0.37, 0.37, 0.49, 0.49, 0.4, 0.4, 0.05, 0.05, 0.38, 0.52, 0.52, 0.43, 0.43, 0.1, 0.1, 0.4, 0.54, 0.54, 0.47, 0.47, 0.15, 0.15, 0.41, 0.57, 0.35, 0.57, 0.51, 0.2, 0.2, 0.42, 0.59, 0.37, 0.59, 0.54, 0.25, 0.25, 0.43, 0.62, 0.62, 0.58, 0.58, 0.3, 0.3, 0.44, 0.64, 0.42, 0.64, 0.62, 0.35, 0.35, 0.46, 0.67, 0.44, 0.67, 0.65, 0.4, 0.4, 0.47, 0.69, 0.47, 0.69, 0.69, 0.44, 0.44, 0.48, 0.72, 0.49, 0.72, 0.73, 0.04, 0.49, 0.49, 0.04, 0.04, 0.06, 0.05, 0.06, 0.05, 0.05, 0.09, 0.49, 0.75, 0.75, 0.78, 0.78, 0.57, 0.57, 0.12, 0.12, 0.51, 0.78, 0.78, 0.81, 0.81, 0.62, 0.62, 0.19, 0.19, 0.52, 0.8, 0.8, 0.85, 0.85, 0.67, 0.67, 0.25, 0.25, 0.53, 0.83, 0.83, 0.89, 0.89, 0.72, 0.72, 0.31, 0.31, 0.54, 0.85, 0.85, 0.93, 0.93, 0.77, 0.77, 0.37, 0.37, 0.56, 0.88, 0.88, 0.96, 0.96, 0.81, 0.81, 0.43, 0.43, 0.57]

ILAO*:
Tiempo requerido: 0.623
Iteraciones requeridas: 271
Nodos expandidos: 271

RLAO*:
Tiempo requerido: 1.252
Iteraciones requeridas: 49
Nodos expandidos: 2401

BLAO*:
Tiempo requerido: 1.315
Iteraciones requeridas: 34
Nodos expandidos: 1424

VI:
Tiempo requerido: 6.39
Iteraciones requeridas: 91

Problema 9
-------------------------------------------------------
LAO*:
Tiempo requerido: 18.642
Iteraciones requeridas: 224
Nodos expandidos: 224
Porcentajes del conjunto Z: [0.01, 0.02, 0.04, 0.05, 0.06, 0.07, 0.09, 0.1, 0.11, 0.12, 0.14, 0.02, 0.02, 0.15, 0.05, 0.05, 0.16, 0.07, 0.07, 0.17, 0.1, 0.1, 0.19, 0.12, 0.12, 0.2, 0.15, 0.15, 0.21, 0.17, 0.17, 0.22, 0.2, 0.2, 0.23, 0.22, 0.22, 0.25, 0.25, 0.25, 0.02, 0.02, 0.02, 0.04, 0.05, 0.26, 0.28, 0.28, 0.07, 0.07, 0.27, 0.31, 0.31, 0.11, 0.11, 0.28, 0.33, 0.33, 0.15, 0.15, 0.3, 0.36, 0.36, 0.19, 0.19, 0.31, 0.38, 0.38, 0.22, 0.22, 0.32, 0.41, 0.41, 0.26, 0.26, 0.33, 0.43, 0.43, 0.3, 0.3, 0.35, 0.46, 0.46, 0.33, 0.33, 0.36, 0.48, 0.48, 0.37, 0.37, 0.37, 0.49, 0.49, 0.4, 0.4, 0.05, 0.05, 0.38, 0.52, 0.52, 0.43, 0.43, 0.1, 0.1, 0.4, 0.54, 0.54, 0.47, 0.47, 0.15, 0.15, 0.41, 0.57, 0.35, 0.57, 0.51, 0.2, 0.2, 0.42, 0.59, 0.37, 0.59, 0.54, 0.25, 0.25, 0.43, 0.62, 0.62, 0.58, 0.58, 0.3, 0.3, 0.44, 0.64, 0.42, 0.64, 0.62, 0.35, 0.35, 0.46, 0.67, 0.44, 0.67, 0.65, 0.4, 0.4, 0.47, 0.69, 0.47, 0.69, 0.69, 0.44, 0.44, 0.48, 0.72, 0.49, 0.72, 0.73, 0.04, 0.49, 0.49, 0.04, 0.04, 0.06, 0.05, 0.06, 0.05, 0.05, 0.09, 0.49, 0.75, 0.75, 0.78, 0.78, 0.57, 0.57, 0.12, 0.12, 0.51, 0.78, 0.78, 0.81, 0.81, 0.62, 0.62, 0.19, 0.19, 0.52, 0.8, 0.8, 0.85, 0.85, 0.67, 0.67, 0.25, 0.25, 0.53, 0.83, 0.83, 0.89, 0.89, 0.72, 0.72, 0.31, 0.31, 0.54, 0.85, 0.85, 0.93, 0.93, 0.77, 0.77, 0.37, 0.37, 0.56, 0.88, 0.88, 0.96, 0.96, 0.81, 0.81, 0.43, 0.43, 0.57]

ILAO*:
Tiempo requerido: 0.619
Iteraciones requeridas: 271
Nodos expandidos: 271

RLAO*:
Tiempo requerido: 1.404
Iteraciones requeridas: 49
Nodos expandidos: 2401

BLAO*:
Tiempo requerido: 1.388
Iteraciones requeridas: 34
Nodos expandidos: 1424

VI:
Tiempo requerido: 5.929
Iteraciones requeridas: 91

Problema 10
-------------------------------------------------------
LAO*:
Tiempo requerido: 18.269
Iteraciones requeridas: 224
Nodos expandidos: 224
Porcentajes del conjunto Z: [0.01, 0.02, 0.04, 0.05, 0.06, 0.07, 0.09, 0.1, 0.11, 0.12, 0.14, 0.02, 0.02, 0.15, 0.05, 0.05, 0.16, 0.07, 0.07, 0.17, 0.1, 0.1, 0.19, 0.12, 0.12, 0.2, 0.15, 0.15, 0.21, 0.17, 0.17, 0.22, 0.2, 0.2, 0.23, 0.22, 0.22, 0.25, 0.25, 0.25, 0.02, 0.02, 0.02, 0.04, 0.05, 0.26, 0.28, 0.28, 0.07, 0.07, 0.27, 0.31, 0.31, 0.11, 0.11, 0.28, 0.33, 0.33, 0.15, 0.15, 0.3, 0.36, 0.36, 0.19, 0.19, 0.31, 0.38, 0.38, 0.22, 0.22, 0.32, 0.41, 0.41, 0.26, 0.26, 0.33, 0.43, 0.43, 0.3, 0.3, 0.35, 0.46, 0.46, 0.33, 0.33, 0.36, 0.48, 0.48, 0.37, 0.37, 0.37, 0.49, 0.49, 0.4, 0.4, 0.05, 0.05, 0.38, 0.52, 0.52, 0.43, 0.43, 0.1, 0.1, 0.4, 0.54, 0.54, 0.47, 0.47, 0.15, 0.15, 0.41, 0.57, 0.35, 0.57, 0.51, 0.2, 0.2, 0.42, 0.59, 0.37, 0.59, 0.54, 0.25, 0.25, 0.43, 0.62, 0.62, 0.58, 0.58, 0.3, 0.3, 0.44, 0.64, 0.42, 0.64, 0.62, 0.35, 0.35, 0.46, 0.67, 0.44, 0.67, 0.65, 0.4, 0.4, 0.47, 0.69, 0.47, 0.69, 0.69, 0.44, 0.44, 0.48, 0.72, 0.49, 0.72, 0.73, 0.04, 0.49, 0.49, 0.04, 0.04, 0.06, 0.05, 0.06, 0.05, 0.05, 0.09, 0.49, 0.75, 0.75, 0.78, 0.78, 0.57, 0.57, 0.12, 0.12, 0.51, 0.78, 0.78, 0.81, 0.81, 0.62, 0.62, 0.19, 0.19, 0.52, 0.8, 0.8, 0.85, 0.85, 0.67, 0.67, 0.25, 0.25, 0.53, 0.83, 0.83, 0.89, 0.89, 0.72, 0.72, 0.31, 0.31, 0.54, 0.85, 0.85, 0.93, 0.93, 0.77, 0.77, 0.37, 0.37, 0.56, 0.88, 0.88, 0.96, 0.96, 0.81, 0.81, 0.43, 0.43, 0.57]

ILAO*:
Tiempo requerido: 0.667
Iteraciones requeridas: 271
Nodos expandidos: 271

RLAO*:
Tiempo requerido: 1.142
Iteraciones requeridas: 49
Nodos expandidos: 2401

BLAO*:
Tiempo requerido: 1.491
Iteraciones requeridas: 34
Nodos expandidos: 1424

VI:
Tiempo requerido: 6.352
Iteraciones requeridas: 91

Media tiempo LAO: 18.77
Media iteraciones LAO: 224.0
Media expansiones LAO: 224.0

Media tiempo RLAO: 1.234
Media iteraciones RLAO: 49.0
Media expansiones RLAO: 2401.0

Media tiempo ILAO: 0.676
Media iteraciones ILAO: 271.0
Media expansiones ILAO: 271.0

Media tiempo BLAO: 1.441
Media iteraciones BLAO: 34.0
Media expansiones BLAO: 1424.0

Media tiempo VI: 6.226
Media iteraciones VI: 91.0

-------------------------------------------------------
