Problema 1
-------------------------------------------------------
LAO*:
Tiempo requerido: 11.315
Iteraciones requeridas: 179
Nodos expandidos: 179
Porcentajes del conjunto Z: [0.02, 0.03, 0.05, 0.06, 0.08, 0.09, 0.11, 0.12, 0.14, 0.16, 0.17, 0.03, 0.03, 0.19, 0.06, 0.06, 0.2, 0.09, 0.09, 0.22, 0.12, 0.12, 0.23, 0.16, 0.16, 0.25, 0.19, 0.19, 0.27, 0.22, 0.22, 0.28, 0.25, 0.25, 0.3, 0.28, 0.28, 0.31, 0.31, 0.31, 0.03, 0.03, 0.03, 0.05, 0.06, 0.33, 0.36, 0.36, 0.09, 0.09, 0.34, 0.39, 0.39, 0.14, 0.14, 0.36, 0.42, 0.42, 0.19, 0.19, 0.38, 0.45, 0.45, 0.23, 0.23, 0.39, 0.48, 0.48, 0.28, 0.28, 0.41, 0.52, 0.52, 0.33, 0.33, 0.42, 0.55, 0.55, 0.38, 0.38, 0.44, 0.58, 0.58, 0.42, 0.42, 0.45, 0.61, 0.61, 0.47, 0.47, 0.47, 0.62, 0.62, 0.5, 0.5, 0.06, 0.06, 0.48, 0.66, 0.66, 0.55, 0.55, 0.12, 0.12, 0.5, 0.69, 0.69, 0.59, 0.59, 0.19, 0.19, 0.52, 0.72, 0.44, 0.72, 0.64, 0.25, 0.25, 0.53, 0.75, 0.47, 0.75, 0.69, 0.31, 0.31, 0.55, 0.78, 0.78, 0.73, 0.73, 0.38, 0.38, 0.56, 0.81, 0.53, 0.81, 0.78, 0.44, 0.44, 0.58, 0.84, 0.56, 0.84, 0.83, 0.5, 0.5, 0.59, 0.88, 0.59, 0.88, 0.88, 0.56, 0.56, 0.61, 0.91, 0.62, 0.91, 0.92, 0.62, 0.62, 0.05, 0.05, 0.05, 0.06, 0.06, 0.05, 0.06, 0.11, 0.11, 0.62, 0.95, 0.95, 0.98, 0.98, 0.72, 0.72, 0.16, 0.16, 0.64]

ILAO*:
Tiempo requerido: 0.427
Iteraciones requeridas: 207
Nodos expandidos: 207

RLAO*:
Tiempo requerido: 0.815
Iteraciones requeridas: 44
Nodos expandidos: 1936

BLAO*:
Tiempo requerido: 0.694
Iteraciones requeridas: 29
Nodos expandidos: 1042

VI:
Tiempo requerido: 4.276
Iteraciones requeridas: 86

Problema 2
-------------------------------------------------------
LAO*:
Tiempo requerido: 11.193
Iteraciones requeridas: 179
Nodos expandidos: 179
Porcentajes del conjunto Z: [0.02, 0.03, 0.05, 0.06, 0.08, 0.09, 0.11, 0.12, 0.14, 0.16, 0.17, 0.03, 0.03, 0.19, 0.06, 0.06, 0.2, 0.09, 0.09, 0.22, 0.12, 0.12, 0.23, 0.16, 0.16, 0.25, 0.19, 0.19, 0.27, 0.22, 0.22, 0.28, 0.25, 0.25, 0.3, 0.28, 0.28, 0.31, 0.31, 0.31, 0.03, 0.03, 0.03, 0.05, 0.06, 0.33, 0.36, 0.36, 0.09, 0.09, 0.34, 0.39, 0.39, 0.14, 0.14, 0.36, 0.42, 0.42, 0.19, 0.19, 0.38, 0.45, 0.45, 0.23, 0.23, 0.39, 0.48, 0.48, 0.28, 0.28, 0.41, 0.52, 0.52, 0.33, 0.33, 0.42, 0.55, 0.55, 0.38, 0.38, 0.44, 0.58, 0.58, 0.42, 0.42, 0.45, 0.61, 0.61, 0.47, 0.47, 0.47, 0.62, 0.62, 0.5, 0.5, 0.06, 0.06, 0.48, 0.66, 0.66, 0.55, 0.55, 0.12, 0.12, 0.5, 0.69, 0.69, 0.59, 0.59, 0.19, 0.19, 0.52, 0.72, 0.44, 0.72, 0.64, 0.25, 0.25, 0.53, 0.75, 0.47, 0.75, 0.69, 0.31, 0.31, 0.55, 0.78, 0.78, 0.73, 0.73, 0.38, 0.38, 0.56, 0.81, 0.53, 0.81, 0.78, 0.44, 0.44, 0.58, 0.84, 0.56, 0.84, 0.83, 0.5, 0.5, 0.59, 0.88, 0.59, 0.88, 0.88, 0.56, 0.56, 0.61, 0.91, 0.62, 0.91, 0.92, 0.62, 0.62, 0.05, 0.05, 0.05, 0.06, 0.06, 0.05, 0.06, 0.11, 0.11, 0.62, 0.95, 0.95, 0.98, 0.98, 0.72, 0.72, 0.16, 0.16, 0.64]

ILAO*:
Tiempo requerido: 0.421
Iteraciones requeridas: 207
Nodos expandidos: 207

RLAO*:
Tiempo requerido: 0.868
Iteraciones requeridas: 44
Nodos expandidos: 1936

BLAO*:
Tiempo requerido: 0.689
Iteraciones requeridas: 29
Nodos expandidos: 1042

VI:
Tiempo requerido: 4.345
Iteraciones requeridas: 86

Problema 3
-------------------------------------------------------
LAO*:
Tiempo requerido: 11.415
Iteraciones requeridas: 179
Nodos expandidos: 179
Porcentajes del conjunto Z: [0.02, 0.03, 0.05, 0.06, 0.08, 0.09, 0.11, 0.12, 0.14, 0.16, 0.17, 0.03, 0.03, 0.19, 0.06, 0.06, 0.2, 0.09, 0.09, 0.22, 0.12, 0.12, 0.23, 0.16, 0.16, 0.25, 0.19, 0.19, 0.27, 0.22, 0.22, 0.28, 0.25, 0.25, 0.3, 0.28, 0.28, 0.31, 0.31, 0.31, 0.03, 0.03, 0.03, 0.05, 0.06, 0.33, 0.36, 0.36, 0.09, 0.09, 0.34, 0.39, 0.39, 0.14, 0.14, 0.36, 0.42, 0.42, 0.19, 0.19, 0.38, 0.45, 0.45, 0.23, 0.23, 0.39, 0.48, 0.48, 0.28, 0.28, 0.41, 0.52, 0.52, 0.33, 0.33, 0.42, 0.55, 0.55, 0.38, 0.38, 0.44, 0.58, 0.58, 0.42, 0.42, 0.45, 0.61, 0.61, 0.47, 0.47, 0.47, 0.62, 0.62, 0.5, 0.5, 0.06, 0.06, 0.48, 0.66, 0.66, 0.55, 0.55, 0.12, 0.12, 0.5, 0.69, 0.69, 0.59, 0.59, 0.19, 0.19, 0.52, 0.72, 0.44, 0.72, 0.64, 0.25, 0.25, 0.53, 0.75, 0.47, 0.75, 0.69, 0.31, 0.31, 0.55, 0.78, 0.78, 0.73, 0.73, 0.38, 0.38, 0.56, 0.81, 0.53, 0.81, 0.78, 0.44, 0.44, 0.58, 0.84, 0.56, 0.84, 0.83, 0.5, 0.5, 0.59, 0.88, 0.59, 0.88, 0.88, 0.56, 0.56, 0.61, 0.91, 0.62, 0.91, 0.92, 0.62, 0.62, 0.05, 0.05, 0.05, 0.06, 0.06, 0.05, 0.06, 0.11, 0.11, 0.62, 0.95, 0.95, 0.98, 0.98, 0.72, 0.72, 0.16, 0.16, 0.64]

ILAO*:
Tiempo requerido: 0.445
Iteraciones requeridas: 207
Nodos expandidos: 207

RLAO*:
Tiempo requerido: 0.904
Iteraciones requeridas: 44
Nodos expandidos: 1936

BLAO*:
Tiempo requerido: 0.691
Iteraciones requeridas: 29
Nodos expandidos: 1042

VI:
Tiempo requerido: 4.364
Iteraciones requeridas: 86

Problema 4
-------------------------------------------------------
LAO*:
Tiempo requerido: 11.424
Iteraciones requeridas: 179
Nodos expandidos: 179
Porcentajes del conjunto Z: [0.02, 0.03, 0.05, 0.06, 0.08, 0.09, 0.11, 0.12, 0.14, 0.16, 0.17, 0.03, 0.03, 0.19, 0.06, 0.06, 0.2, 0.09, 0.09, 0.22, 0.12, 0.12, 0.23, 0.16, 0.16, 0.25, 0.19, 0.19, 0.27, 0.22, 0.22, 0.28, 0.25, 0.25, 0.3, 0.28, 0.28, 0.31, 0.31, 0.31, 0.03, 0.03, 0.03, 0.05, 0.06, 0.33, 0.36, 0.36, 0.09, 0.09, 0.34, 0.39, 0.39, 0.14, 0.14, 0.36, 0.42, 0.42, 0.19, 0.19, 0.38, 0.45, 0.45, 0.23, 0.23, 0.39, 0.48, 0.48, 0.28, 0.28, 0.41, 0.52, 0.52, 0.33, 0.33, 0.42, 0.55, 0.55, 0.38, 0.38, 0.44, 0.58, 0.58, 0.42, 0.42, 0.45, 0.61, 0.61, 0.47, 0.47, 0.47, 0.62, 0.62, 0.5, 0.5, 0.06, 0.06, 0.48, 0.66, 0.66, 0.55, 0.55, 0.12, 0.12, 0.5, 0.69, 0.69, 0.59, 0.59, 0.19, 0.19, 0.52, 0.72, 0.44, 0.72, 0.64, 0.25, 0.25, 0.53, 0.75, 0.47, 0.75, 0.69, 0.31, 0.31, 0.55, 0.78, 0.78, 0.73, 0.73, 0.38, 0.38, 0.56, 0.81, 0.53, 0.81, 0.78, 0.44, 0.44, 0.58, 0.84, 0.56, 0.84, 0.83, 0.5, 0.5, 0.59, 0.88, 0.59, 0.88, 0.88, 0.56, 0.56, 0.61, 0.91, 0.62, 0.91, 0.92, 0.62, 0.62, 0.05, 0.05, 0.05, 0.06, 0.06, 0.05, 0.06, 0.11, 0.11, 0.62, 0.95, 0.95, 0.98, 0.98, 0.72, 0.72, 0.16, 0.16, 0.64]

ILAO*:
Tiempo requerido: 0.427
Iteraciones requeridas: 207
Nodos expandidos: 207

RLAO*:
Tiempo requerido: 0.83
Iteraciones requeridas: 44
Nodos expandidos: 1936

BLAO*:
Tiempo requerido: 0.698
Iteraciones requeridas: 29
Nodos expandidos: 1042

VI:
Tiempo requerido: 4.319
Iteraciones requeridas: 86

Problema 5
-------------------------------------------------------
LAO*:
Tiempo requerido: 11.056
Iteraciones requeridas: 179
Nodos expandidos: 179
Porcentajes del conjunto Z: [0.02, 0.03, 0.05, 0.06, 0.08, 0.09, 0.11, 0.12, 0.14, 0.16, 0.17, 0.03, 0.03, 0.19, 0.06, 0.06, 0.2, 0.09, 0.09, 0.22, 0.12, 0.12, 0.23, 0.16, 0.16, 0.25, 0.19, 0.19, 0.27, 0.22, 0.22, 0.28, 0.25, 0.25, 0.3, 0.28, 0.28, 0.31, 0.31, 0.31, 0.03, 0.03, 0.03, 0.05, 0.06, 0.33, 0.36, 0.36, 0.09, 0.09, 0.34, 0.39, 0.39, 0.14, 0.14, 0.36, 0.42, 0.42, 0.19, 0.19, 0.38, 0.45, 0.45, 0.23, 0.23, 0.39, 0.48, 0.48, 0.28, 0.28, 0.41, 0.52, 0.52, 0.33, 0.33, 0.42, 0.55, 0.55, 0.38, 0.38, 0.44, 0.58, 0.58, 0.42, 0.42, 0.45, 0.61, 0.61, 0.47, 0.47, 0.47, 0.62, 0.62, 0.5, 0.5, 0.06, 0.06, 0.48, 0.66, 0.66, 0.55, 0.55, 0.12, 0.12, 0.5, 0.69, 0.69, 0.59, 0.59, 0.19, 0.19, 0.52, 0.72, 0.44, 0.72, 0.64, 0.25, 0.25, 0.53, 0.75, 0.47, 0.75, 0.69, 0.31, 0.31, 0.55, 0.78, 0.78, 0.73, 0.73, 0.38, 0.38, 0.56, 0.81, 0.53, 0.81, 0.78, 0.44, 0.44, 0.58, 0.84, 0.56, 0.84, 0.83, 0.5, 0.5, 0.59, 0.88, 0.59, 0.88, 0.88, 0.56, 0.56, 0.61, 0.91, 0.62, 0.91, 0.92, 0.62, 0.62, 0.05, 0.05, 0.05, 0.06, 0.06, 0.05, 0.06, 0.11, 0.11, 0.62, 0.95, 0.95, 0.98, 0.98, 0.72, 0.72, 0.16, 0.16, 0.64]

ILAO*:
Tiempo requerido: 0.443
Iteraciones requeridas: 207
Nodos expandidos: 207

RLAO*:
Tiempo requerido: 0.819
Iteraciones requeridas: 44
Nodos expandidos: 1936

BLAO*:
Tiempo requerido: 0.732
Iteraciones requeridas: 29
Nodos expandidos: 1042

VI:
Tiempo requerido: 4.38
Iteraciones requeridas: 86

Problema 6
-------------------------------------------------------
LAO*:
Tiempo requerido: 11.001
Iteraciones requeridas: 179
Nodos expandidos: 179
Porcentajes del conjunto Z: [0.02, 0.03, 0.05, 0.06, 0.08, 0.09, 0.11, 0.12, 0.14, 0.16, 0.17, 0.03, 0.03, 0.19, 0.06, 0.06, 0.2, 0.09, 0.09, 0.22, 0.12, 0.12, 0.23, 0.16, 0.16, 0.25, 0.19, 0.19, 0.27, 0.22, 0.22, 0.28, 0.25, 0.25, 0.3, 0.28, 0.28, 0.31, 0.31, 0.31, 0.03, 0.03, 0.03, 0.05, 0.06, 0.33, 0.36, 0.36, 0.09, 0.09, 0.34, 0.39, 0.39, 0.14, 0.14, 0.36, 0.42, 0.42, 0.19, 0.19, 0.38, 0.45, 0.45, 0.23, 0.23, 0.39, 0.48, 0.48, 0.28, 0.28, 0.41, 0.52, 0.52, 0.33, 0.33, 0.42, 0.55, 0.55, 0.38, 0.38, 0.44, 0.58, 0.58, 0.42, 0.42, 0.45, 0.61, 0.61, 0.47, 0.47, 0.47, 0.62, 0.62, 0.5, 0.5, 0.06, 0.06, 0.48, 0.66, 0.66, 0.55, 0.55, 0.12, 0.12, 0.5, 0.69, 0.69, 0.59, 0.59, 0.19, 0.19, 0.52, 0.72, 0.44, 0.72, 0.64, 0.25, 0.25, 0.53, 0.75, 0.47, 0.75, 0.69, 0.31, 0.31, 0.55, 0.78, 0.78, 0.73, 0.73, 0.38, 0.38, 0.56, 0.81, 0.53, 0.81, 0.78, 0.44, 0.44, 0.58, 0.84, 0.56, 0.84, 0.83, 0.5, 0.5, 0.59, 0.88, 0.59, 0.88, 0.88, 0.56, 0.56, 0.61, 0.91, 0.62, 0.91, 0.92, 0.62, 0.62, 0.05, 0.05, 0.05, 0.06, 0.06, 0.05, 0.06, 0.11, 0.11, 0.62, 0.95, 0.95, 0.98, 0.98, 0.72, 0.72, 0.16, 0.16, 0.64]

ILAO*:
Tiempo requerido: 0.428
Iteraciones requeridas: 207
Nodos expandidos: 207

RLAO*:
Tiempo requerido: 0.845
Iteraciones requeridas: 44
Nodos expandidos: 1936

BLAO*:
Tiempo requerido: 0.685
Iteraciones requeridas: 29
Nodos expandidos: 1042

VI:
Tiempo requerido: 4.431
Iteraciones requeridas: 86

Problema 7
-------------------------------------------------------
LAO*:
Tiempo requerido: 11.0
Iteraciones requeridas: 179
Nodos expandidos: 179
Porcentajes del conjunto Z: [0.02, 0.03, 0.05, 0.06, 0.08, 0.09, 0.11, 0.12, 0.14, 0.16, 0.17, 0.03, 0.03, 0.19, 0.06, 0.06, 0.2, 0.09, 0.09, 0.22, 0.12, 0.12, 0.23, 0.16, 0.16, 0.25, 0.19, 0.19, 0.27, 0.22, 0.22, 0.28, 0.25, 0.25, 0.3, 0.28, 0.28, 0.31, 0.31, 0.31, 0.03, 0.03, 0.03, 0.05, 0.06, 0.33, 0.36, 0.36, 0.09, 0.09, 0.34, 0.39, 0.39, 0.14, 0.14, 0.36, 0.42, 0.42, 0.19, 0.19, 0.38, 0.45, 0.45, 0.23, 0.23, 0.39, 0.48, 0.48, 0.28, 0.28, 0.41, 0.52, 0.52, 0.33, 0.33, 0.42, 0.55, 0.55, 0.38, 0.38, 0.44, 0.58, 0.58, 0.42, 0.42, 0.45, 0.61, 0.61, 0.47, 0.47, 0.47, 0.62, 0.62, 0.5, 0.5, 0.06, 0.06, 0.48, 0.66, 0.66, 0.55, 0.55, 0.12, 0.12, 0.5, 0.69, 0.69, 0.59, 0.59, 0.19, 0.19, 0.52, 0.72, 0.44, 0.72, 0.64, 0.25, 0.25, 0.53, 0.75, 0.47, 0.75, 0.69, 0.31, 0.31, 0.55, 0.78, 0.78, 0.73, 0.73, 0.38, 0.38, 0.56, 0.81, 0.53, 0.81, 0.78, 0.44, 0.44, 0.58, 0.84, 0.56, 0.84, 0.83, 0.5, 0.5, 0.59, 0.88, 0.59, 0.88, 0.88, 0.56, 0.56, 0.61, 0.91, 0.62, 0.91, 0.92, 0.62, 0.62, 0.05, 0.05, 0.05, 0.06, 0.06, 0.05, 0.06, 0.11, 0.11, 0.62, 0.95, 0.95, 0.98, 0.98, 0.72, 0.72, 0.16, 0.16, 0.64]

ILAO*:
Tiempo requerido: 0.424
Iteraciones requeridas: 207
Nodos expandidos: 207

RLAO*:
Tiempo requerido: 0.815
Iteraciones requeridas: 44
Nodos expandidos: 1936

BLAO*:
Tiempo requerido: 0.693
Iteraciones requeridas: 29
Nodos expandidos: 1042

VI:
Tiempo requerido: 4.391
Iteraciones requeridas: 86

Problema 8
-------------------------------------------------------
LAO*:
Tiempo requerido: 11.285
Iteraciones requeridas: 179
Nodos expandidos: 179
Porcentajes del conjunto Z: [0.02, 0.03, 0.05, 0.06, 0.08, 0.09, 0.11, 0.12, 0.14, 0.16, 0.17, 0.03, 0.03, 0.19, 0.06, 0.06, 0.2, 0.09, 0.09, 0.22, 0.12, 0.12, 0.23, 0.16, 0.16, 0.25, 0.19, 0.19, 0.27, 0.22, 0.22, 0.28, 0.25, 0.25, 0.3, 0.28, 0.28, 0.31, 0.31, 0.31, 0.03, 0.03, 0.03, 0.05, 0.06, 0.33, 0.36, 0.36, 0.09, 0.09, 0.34, 0.39, 0.39, 0.14, 0.14, 0.36, 0.42, 0.42, 0.19, 0.19, 0.38, 0.45, 0.45, 0.23, 0.23, 0.39, 0.48, 0.48, 0.28, 0.28, 0.41, 0.52, 0.52, 0.33, 0.33, 0.42, 0.55, 0.55, 0.38, 0.38, 0.44, 0.58, 0.58, 0.42, 0.42, 0.45, 0.61, 0.61, 0.47, 0.47, 0.47, 0.62, 0.62, 0.5, 0.5, 0.06, 0.06, 0.48, 0.66, 0.66, 0.55, 0.55, 0.12, 0.12, 0.5, 0.69, 0.69, 0.59, 0.59, 0.19, 0.19, 0.52, 0.72, 0.44, 0.72, 0.64, 0.25, 0.25, 0.53, 0.75, 0.47, 0.75, 0.69, 0.31, 0.31, 0.55, 0.78, 0.78, 0.73, 0.73, 0.38, 0.38, 0.56, 0.81, 0.53, 0.81, 0.78, 0.44, 0.44, 0.58, 0.84, 0.56, 0.84, 0.83, 0.5, 0.5, 0.59, 0.88, 0.59, 0.88, 0.88, 0.56, 0.56, 0.61, 0.91, 0.62, 0.91, 0.92, 0.62, 0.62, 0.05, 0.05, 0.05, 0.06, 0.06, 0.05, 0.06, 0.11, 0.11, 0.62, 0.95, 0.95, 0.98, 0.98, 0.72, 0.72, 0.16, 0.16, 0.64]

ILAO*:
Tiempo requerido: 0.446
Iteraciones requeridas: 207
Nodos expandidos: 207

RLAO*:
Tiempo requerido: 0.872
Iteraciones requeridas: 44
Nodos expandidos: 1936

BLAO*:
Tiempo requerido: 0.787
Iteraciones requeridas: 29
Nodos expandidos: 1042

VI:
Tiempo requerido: 4.46
Iteraciones requeridas: 86

Problema 9
-------------------------------------------------------
LAO*:
Tiempo requerido: 11.348
Iteraciones requeridas: 179
Nodos expandidos: 179
Porcentajes del conjunto Z: [0.02, 0.03, 0.05, 0.06, 0.08, 0.09, 0.11, 0.12, 0.14, 0.16, 0.17, 0.03, 0.03, 0.19, 0.06, 0.06, 0.2, 0.09, 0.09, 0.22, 0.12, 0.12, 0.23, 0.16, 0.16, 0.25, 0.19, 0.19, 0.27, 0.22, 0.22, 0.28, 0.25, 0.25, 0.3, 0.28, 0.28, 0.31, 0.31, 0.31, 0.03, 0.03, 0.03, 0.05, 0.06, 0.33, 0.36, 0.36, 0.09, 0.09, 0.34, 0.39, 0.39, 0.14, 0.14, 0.36, 0.42, 0.42, 0.19, 0.19, 0.38, 0.45, 0.45, 0.23, 0.23, 0.39, 0.48, 0.48, 0.28, 0.28, 0.41, 0.52, 0.52, 0.33, 0.33, 0.42, 0.55, 0.55, 0.38, 0.38, 0.44, 0.58, 0.58, 0.42, 0.42, 0.45, 0.61, 0.61, 0.47, 0.47, 0.47, 0.62, 0.62, 0.5, 0.5, 0.06, 0.06, 0.48, 0.66, 0.66, 0.55, 0.55, 0.12, 0.12, 0.5, 0.69, 0.69, 0.59, 0.59, 0.19, 0.19, 0.52, 0.72, 0.44, 0.72, 0.64, 0.25, 0.25, 0.53, 0.75, 0.47, 0.75, 0.69, 0.31, 0.31, 0.55, 0.78, 0.78, 0.73, 0.73, 0.38, 0.38, 0.56, 0.81, 0.53, 0.81, 0.78, 0.44, 0.44, 0.58, 0.84, 0.56, 0.84, 0.83, 0.5, 0.5, 0.59, 0.88, 0.59, 0.88, 0.88, 0.56, 0.56, 0.61, 0.91, 0.62, 0.91, 0.92, 0.62, 0.62, 0.05, 0.05, 0.05, 0.06, 0.06, 0.05, 0.06, 0.11, 0.11, 0.62, 0.95, 0.95, 0.98, 0.98, 0.72, 0.72, 0.16, 0.16, 0.64]

ILAO*:
Tiempo requerido: 0.429
Iteraciones requeridas: 207
Nodos expandidos: 207

RLAO*:
Tiempo requerido: 0.871
Iteraciones requeridas: 44
Nodos expandidos: 1936

BLAO*:
Tiempo requerido: 0.775
Iteraciones requeridas: 29
Nodos expandidos: 1042

VI:
Tiempo requerido: 4.44
Iteraciones requeridas: 86

Problema 10
-------------------------------------------------------
LAO*:
Tiempo requerido: 11.114
Iteraciones requeridas: 179
Nodos expandidos: 179
Porcentajes del conjunto Z: [0.02, 0.03, 0.05, 0.06, 0.08, 0.09, 0.11, 0.12, 0.14, 0.16, 0.17, 0.03, 0.03, 0.19, 0.06, 0.06, 0.2, 0.09, 0.09, 0.22, 0.12, 0.12, 0.23, 0.16, 0.16, 0.25, 0.19, 0.19, 0.27, 0.22, 0.22, 0.28, 0.25, 0.25, 0.3, 0.28, 0.28, 0.31, 0.31, 0.31, 0.03, 0.03, 0.03, 0.05, 0.06, 0.33, 0.36, 0.36, 0.09, 0.09, 0.34, 0.39, 0.39, 0.14, 0.14, 0.36, 0.42, 0.42, 0.19, 0.19, 0.38, 0.45, 0.45, 0.23, 0.23, 0.39, 0.48, 0.48, 0.28, 0.28, 0.41, 0.52, 0.52, 0.33, 0.33, 0.42, 0.55, 0.55, 0.38, 0.38, 0.44, 0.58, 0.58, 0.42, 0.42, 0.45, 0.61, 0.61, 0.47, 0.47, 0.47, 0.62, 0.62, 0.5, 0.5, 0.06, 0.06, 0.48, 0.66, 0.66, 0.55, 0.55, 0.12, 0.12, 0.5, 0.69, 0.69, 0.59, 0.59, 0.19, 0.19, 0.52, 0.72, 0.44, 0.72, 0.64, 0.25, 0.25, 0.53, 0.75, 0.47, 0.75, 0.69, 0.31, 0.31, 0.55, 0.78, 0.78, 0.73, 0.73, 0.38, 0.38, 0.56, 0.81, 0.53, 0.81, 0.78, 0.44, 0.44, 0.58, 0.84, 0.56, 0.84, 0.83, 0.5, 0.5, 0.59, 0.88, 0.59, 0.88, 0.88, 0.56, 0.56, 0.61, 0.91, 0.62, 0.91, 0.92, 0.62, 0.62, 0.05, 0.05, 0.05, 0.06, 0.06, 0.05, 0.06, 0.11, 0.11, 0.62, 0.95, 0.95, 0.98, 0.98, 0.72, 0.72, 0.16, 0.16, 0.64]

ILAO*:
Tiempo requerido: 0.445
Iteraciones requeridas: 207
Nodos expandidos: 207

RLAO*:
Tiempo requerido: 0.856
Iteraciones requeridas: 44
Nodos expandidos: 1936

BLAO*:
Tiempo requerido: 0.722
Iteraciones requeridas: 29
Nodos expandidos: 1042

VI:
Tiempo requerido: 4.431
Iteraciones requeridas: 86

Media tiempo LAO: 11.215
Media iteraciones LAO: 179.0
Media expansiones LAO: 179.0

Media tiempo RLAO: 0.849
Media iteraciones RLAO: 44.0
Media expansiones RLAO: 1936.0

Media tiempo ILAO: 0.433
Media iteraciones ILAO: 207.0
Media expansiones ILAO: 207.0

Media tiempo BLAO: 0.717
Media iteraciones BLAO: 29.0
Media expansiones BLAO: 1042.0

Media tiempo VI: 4.384
Media iteraciones VI: 86.0

-------------------------------------------------------
