Problema 1
-------------------------------------------------------
LAO*:
Tiempo requerido: 28.549
Iteraciones requeridas: 273
Nodos expandidos: 273
Porcentajes del conjunto Z: [0.01, 0.02, 0.03, 0.04, 0.05, 0.06, 0.07, 0.08, 0.09, 0.1, 0.11, 0.02, 0.02, 0.12, 0.04, 0.04, 0.13, 0.06, 0.06, 0.14, 0.08, 0.08, 0.15, 0.1, 0.1, 0.16, 0.12, 0.12, 0.17, 0.14, 0.14, 0.18, 0.16, 0.16, 0.19, 0.18, 0.18, 0.2, 0.2, 0.2, 0.02, 0.02, 0.02, 0.03, 0.04, 0.21, 0.23, 0.23, 0.06, 0.06, 0.22, 0.25, 0.25, 0.09, 0.09, 0.23, 0.27, 0.27, 0.12, 0.12, 0.24, 0.29, 0.29, 0.15, 0.15, 0.25, 0.31, 0.31, 0.18, 0.18, 0.26, 0.33, 0.33, 0.21, 0.21, 0.27, 0.35, 0.35, 0.24, 0.24, 0.28, 0.37, 0.37, 0.27, 0.27, 0.29, 0.39, 0.39, 0.3, 0.3, 0.3, 0.4, 0.4, 0.32, 0.32, 0.04, 0.04, 0.31, 0.42, 0.42, 0.35, 0.35, 0.08, 0.08, 0.32, 0.44, 0.44, 0.38, 0.38, 0.12, 0.12, 0.33, 0.46, 0.28, 0.46, 0.41, 0.16, 0.16, 0.34, 0.48, 0.3, 0.48, 0.44, 0.2, 0.2, 0.35, 0.5, 0.5, 0.47, 0.47, 0.24, 0.24, 0.36, 0.52, 0.34, 0.52, 0.5, 0.28, 0.28, 0.37, 0.54, 0.36, 0.54, 0.53, 0.32, 0.32, 0.38, 0.56, 0.38, 0.56, 0.56, 0.36, 0.36, 0.39, 0.58, 0.4, 0.58, 0.59, 0.03, 0.4, 0.4, 0.03, 0.03, 0.05, 0.04, 0.05, 0.04, 0.04, 0.07, 0.4, 0.61, 0.61, 0.63, 0.63, 0.46, 0.46, 0.1, 0.1, 0.41, 0.63, 0.63, 0.66, 0.66, 0.5, 0.5, 0.15, 0.15, 0.42, 0.65, 0.65, 0.69, 0.69, 0.54, 0.54, 0.2, 0.2, 0.43, 0.67, 0.67, 0.72, 0.72, 0.58, 0.58, 0.25, 0.25, 0.44, 0.69, 0.69, 0.75, 0.75, 0.62, 0.62, 0.3, 0.3, 0.45, 0.71, 0.71, 0.78, 0.78, 0.66, 0.66, 0.35, 0.35, 0.46, 0.73, 0.73, 0.81, 0.81, 0.7, 0.7, 0.4, 0.4, 0.47, 0.75, 0.75, 0.84, 0.84, 0.74, 0.74, 0.45, 0.45, 0.48, 0.77, 0.77, 0.87, 0.87, 0.78, 0.78, 0.5, 0.5, 0.49, 0.78, 0.78, 0.89, 0.89, 0.8, 0.8, 0.53, 0.53, 0.06, 0.06, 0.5, 0.8, 0.8, 0.92, 0.92, 0.84, 0.84, 0.58, 0.58, 0.12, 0.12, 0.51]

ILAO*:
Tiempo requerido: 0.802
Iteraciones requeridas: 363
Nodos expandidos: 363

RLAO*:
Tiempo requerido: 1.899
Iteraciones requeridas: 54
Nodos expandidos: 2916

BLAO*:
Tiempo requerido: 1.446
Iteraciones requeridas: 39
Nodos expandidos: 1806

VI:
Tiempo requerido: 7.646
Iteraciones requeridas: 91

Problema 2
-------------------------------------------------------
LAO*:
Tiempo requerido: 28.759
Iteraciones requeridas: 273
Nodos expandidos: 273
Porcentajes del conjunto Z: [0.01, 0.02, 0.03, 0.04, 0.05, 0.06, 0.07, 0.08, 0.09, 0.1, 0.11, 0.02, 0.02, 0.12, 0.04, 0.04, 0.13, 0.06, 0.06, 0.14, 0.08, 0.08, 0.15, 0.1, 0.1, 0.16, 0.12, 0.12, 0.17, 0.14, 0.14, 0.18, 0.16, 0.16, 0.19, 0.18, 0.18, 0.2, 0.2, 0.2, 0.02, 0.02, 0.02, 0.03, 0.04, 0.21, 0.23, 0.23, 0.06, 0.06, 0.22, 0.25, 0.25, 0.09, 0.09, 0.23, 0.27, 0.27, 0.12, 0.12, 0.24, 0.29, 0.29, 0.15, 0.15, 0.25, 0.31, 0.31, 0.18, 0.18, 0.26, 0.33, 0.33, 0.21, 0.21, 0.27, 0.35, 0.35, 0.24, 0.24, 0.28, 0.37, 0.37, 0.27, 0.27, 0.29, 0.39, 0.39, 0.3, 0.3, 0.3, 0.4, 0.4, 0.32, 0.32, 0.04, 0.04, 0.31, 0.42, 0.42, 0.35, 0.35, 0.08, 0.08, 0.32, 0.44, 0.44, 0.38, 0.38, 0.12, 0.12, 0.33, 0.46, 0.28, 0.46, 0.41, 0.16, 0.16, 0.34, 0.48, 0.3, 0.48, 0.44, 0.2, 0.2, 0.35, 0.5, 0.5, 0.47, 0.47, 0.24, 0.24, 0.36, 0.52, 0.34, 0.52, 0.5, 0.28, 0.28, 0.37, 0.54, 0.36, 0.54, 0.53, 0.32, 0.32, 0.38, 0.56, 0.38, 0.56, 0.56, 0.36, 0.36, 0.39, 0.58, 0.4, 0.58, 0.59, 0.03, 0.4, 0.4, 0.03, 0.03, 0.05, 0.04, 0.05, 0.04, 0.04, 0.07, 0.4, 0.61, 0.61, 0.63, 0.63, 0.46, 0.46, 0.1, 0.1, 0.41, 0.63, 0.63, 0.66, 0.66, 0.5, 0.5, 0.15, 0.15, 0.42, 0.65, 0.65, 0.69, 0.69, 0.54, 0.54, 0.2, 0.2, 0.43, 0.67, 0.67, 0.72, 0.72, 0.58, 0.58, 0.25, 0.25, 0.44, 0.69, 0.69, 0.75, 0.75, 0.62, 0.62, 0.3, 0.3, 0.45, 0.71, 0.71, 0.78, 0.78, 0.66, 0.66, 0.35, 0.35, 0.46, 0.73, 0.73, 0.81, 0.81, 0.7, 0.7, 0.4, 0.4, 0.47, 0.75, 0.75, 0.84, 0.84, 0.74, 0.74, 0.45, 0.45, 0.48, 0.77, 0.77, 0.87, 0.87, 0.78, 0.78, 0.5, 0.5, 0.49, 0.78, 0.78, 0.89, 0.89, 0.8, 0.8, 0.53, 0.53, 0.06, 0.06, 0.5, 0.8, 0.8, 0.92, 0.92, 0.84, 0.84, 0.58, 0.58, 0.12, 0.12, 0.51]

ILAO*:
Tiempo requerido: 0.865
Iteraciones requeridas: 363
Nodos expandidos: 363

RLAO*:
Tiempo requerido: 1.544
Iteraciones requeridas: 54
Nodos expandidos: 2916

BLAO*:
Tiempo requerido: 1.475
Iteraciones requeridas: 39
Nodos expandidos: 1806

VI:
Tiempo requerido: 7.645
Iteraciones requeridas: 91

Problema 3
-------------------------------------------------------
LAO*:
Tiempo requerido: 28.368
Iteraciones requeridas: 273
Nodos expandidos: 273
Porcentajes del conjunto Z: [0.01, 0.02, 0.03, 0.04, 0.05, 0.06, 0.07, 0.08, 0.09, 0.1, 0.11, 0.02, 0.02, 0.12, 0.04, 0.04, 0.13, 0.06, 0.06, 0.14, 0.08, 0.08, 0.15, 0.1, 0.1, 0.16, 0.12, 0.12, 0.17, 0.14, 0.14, 0.18, 0.16, 0.16, 0.19, 0.18, 0.18, 0.2, 0.2, 0.2, 0.02, 0.02, 0.02, 0.03, 0.04, 0.21, 0.23, 0.23, 0.06, 0.06, 0.22, 0.25, 0.25, 0.09, 0.09, 0.23, 0.27, 0.27, 0.12, 0.12, 0.24, 0.29, 0.29, 0.15, 0.15, 0.25, 0.31, 0.31, 0.18, 0.18, 0.26, 0.33, 0.33, 0.21, 0.21, 0.27, 0.35, 0.35, 0.24, 0.24, 0.28, 0.37, 0.37, 0.27, 0.27, 0.29, 0.39, 0.39, 0.3, 0.3, 0.3, 0.4, 0.4, 0.32, 0.32, 0.04, 0.04, 0.31, 0.42, 0.42, 0.35, 0.35, 0.08, 0.08, 0.32, 0.44, 0.44, 0.38, 0.38, 0.12, 0.12, 0.33, 0.46, 0.28, 0.46, 0.41, 0.16, 0.16, 0.34, 0.48, 0.3, 0.48, 0.44, 0.2, 0.2, 0.35, 0.5, 0.5, 0.47, 0.47, 0.24, 0.24, 0.36, 0.52, 0.34, 0.52, 0.5, 0.28, 0.28, 0.37, 0.54, 0.36, 0.54, 0.53, 0.32, 0.32, 0.38, 0.56, 0.38, 0.56, 0.56, 0.36, 0.36, 0.39, 0.58, 0.4, 0.58, 0.59, 0.03, 0.4, 0.4, 0.03, 0.03, 0.05, 0.04, 0.05, 0.04, 0.04, 0.07, 0.4, 0.61, 0.61, 0.63, 0.63, 0.46, 0.46, 0.1, 0.1, 0.41, 0.63, 0.63, 0.66, 0.66, 0.5, 0.5, 0.15, 0.15, 0.42, 0.65, 0.65, 0.69, 0.69, 0.54, 0.54, 0.2, 0.2, 0.43, 0.67, 0.67, 0.72, 0.72, 0.58, 0.58, 0.25, 0.25, 0.44, 0.69, 0.69, 0.75, 0.75, 0.62, 0.62, 0.3, 0.3, 0.45, 0.71, 0.71, 0.78, 0.78, 0.66, 0.66, 0.35, 0.35, 0.46, 0.73, 0.73, 0.81, 0.81, 0.7, 0.7, 0.4, 0.4, 0.47, 0.75, 0.75, 0.84, 0.84, 0.74, 0.74, 0.45, 0.45, 0.48, 0.77, 0.77, 0.87, 0.87, 0.78, 0.78, 0.5, 0.5, 0.49, 0.78, 0.78, 0.89, 0.89, 0.8, 0.8, 0.53, 0.53, 0.06, 0.06, 0.5, 0.8, 0.8, 0.92, 0.92, 0.84, 0.84, 0.58, 0.58, 0.12, 0.12, 0.51]

ILAO*:
Tiempo requerido: 0.791
Iteraciones requeridas: 363
Nodos expandidos: 363

RLAO*:
Tiempo requerido: 1.648
Iteraciones requeridas: 54
Nodos expandidos: 2916

BLAO*:
Tiempo requerido: 1.338
Iteraciones requeridas: 39
Nodos expandidos: 1806

VI:
Tiempo requerido: 7.437
Iteraciones requeridas: 91

Problema 4
-------------------------------------------------------
LAO*:
Tiempo requerido: 31.285
Iteraciones requeridas: 273
Nodos expandidos: 273
Porcentajes del conjunto Z: [0.01, 0.02, 0.03, 0.04, 0.05, 0.06, 0.07, 0.08, 0.09, 0.1, 0.11, 0.02, 0.02, 0.12, 0.04, 0.04, 0.13, 0.06, 0.06, 0.14, 0.08, 0.08, 0.15, 0.1, 0.1, 0.16, 0.12, 0.12, 0.17, 0.14, 0.14, 0.18, 0.16, 0.16, 0.19, 0.18, 0.18, 0.2, 0.2, 0.2, 0.02, 0.02, 0.02, 0.03, 0.04, 0.21, 0.23, 0.23, 0.06, 0.06, 0.22, 0.25, 0.25, 0.09, 0.09, 0.23, 0.27, 0.27, 0.12, 0.12, 0.24, 0.29, 0.29, 0.15, 0.15, 0.25, 0.31, 0.31, 0.18, 0.18, 0.26, 0.33, 0.33, 0.21, 0.21, 0.27, 0.35, 0.35, 0.24, 0.24, 0.28, 0.37, 0.37, 0.27, 0.27, 0.29, 0.39, 0.39, 0.3, 0.3, 0.3, 0.4, 0.4, 0.32, 0.32, 0.04, 0.04, 0.31, 0.42, 0.42, 0.35, 0.35, 0.08, 0.08, 0.32, 0.44, 0.44, 0.38, 0.38, 0.12, 0.12, 0.33, 0.46, 0.28, 0.46, 0.41, 0.16, 0.16, 0.34, 0.48, 0.3, 0.48, 0.44, 0.2, 0.2, 0.35, 0.5, 0.5, 0.47, 0.47, 0.24, 0.24, 0.36, 0.52, 0.34, 0.52, 0.5, 0.28, 0.28, 0.37, 0.54, 0.36, 0.54, 0.53, 0.32, 0.32, 0.38, 0.56, 0.38, 0.56, 0.56, 0.36, 0.36, 0.39, 0.58, 0.4, 0.58, 0.59, 0.03, 0.4, 0.4, 0.03, 0.03, 0.05, 0.04, 0.05, 0.04, 0.04, 0.07, 0.4, 0.61, 0.61, 0.63, 0.63, 0.46, 0.46, 0.1, 0.1, 0.41, 0.63, 0.63, 0.66, 0.66, 0.5, 0.5, 0.15, 0.15, 0.42, 0.65, 0.65, 0.69, 0.69, 0.54, 0.54, 0.2, 0.2, 0.43, 0.67, 0.67, 0.72, 0.72, 0.58, 0.58, 0.25, 0.25, 0.44, 0.69, 0.69, 0.75, 0.75, 0.62, 0.62, 0.3, 0.3, 0.45, 0.71, 0.71, 0.78, 0.78, 0.66, 0.66, 0.35, 0.35, 0.46, 0.73, 0.73, 0.81, 0.81, 0.7, 0.7, 0.4, 0.4, 0.47, 0.75, 0.75, 0.84, 0.84, 0.74, 0.74, 0.45, 0.45, 0.48, 0.77, 0.77, 0.87, 0.87, 0.78, 0.78, 0.5, 0.5, 0.49, 0.78, 0.78, 0.89, 0.89, 0.8, 0.8, 0.53, 0.53, 0.06, 0.06, 0.5, 0.8, 0.8, 0.92, 0.92, 0.84, 0.84, 0.58, 0.58, 0.12, 0.12, 0.51]

ILAO*:
Tiempo requerido: 0.866
Iteraciones requeridas: 363
Nodos expandidos: 363

RLAO*:
Tiempo requerido: 1.675
Iteraciones requeridas: 54
Nodos expandidos: 2916

BLAO*:
Tiempo requerido: 1.732
Iteraciones requeridas: 39
Nodos expandidos: 1806

VI:
Tiempo requerido: 9.357
Iteraciones requeridas: 91

Problema 5
-------------------------------------------------------
LAO*:
Tiempo requerido: 29.75
Iteraciones requeridas: 273
Nodos expandidos: 273
Porcentajes del conjunto Z: [0.01, 0.02, 0.03, 0.04, 0.05, 0.06, 0.07, 0.08, 0.09, 0.1, 0.11, 0.02, 0.02, 0.12, 0.04, 0.04, 0.13, 0.06, 0.06, 0.14, 0.08, 0.08, 0.15, 0.1, 0.1, 0.16, 0.12, 0.12, 0.17, 0.14, 0.14, 0.18, 0.16, 0.16, 0.19, 0.18, 0.18, 0.2, 0.2, 0.2, 0.02, 0.02, 0.02, 0.03, 0.04, 0.21, 0.23, 0.23, 0.06, 0.06, 0.22, 0.25, 0.25, 0.09, 0.09, 0.23, 0.27, 0.27, 0.12, 0.12, 0.24, 0.29, 0.29, 0.15, 0.15, 0.25, 0.31, 0.31, 0.18, 0.18, 0.26, 0.33, 0.33, 0.21, 0.21, 0.27, 0.35, 0.35, 0.24, 0.24, 0.28, 0.37, 0.37, 0.27, 0.27, 0.29, 0.39, 0.39, 0.3, 0.3, 0.3, 0.4, 0.4, 0.32, 0.32, 0.04, 0.04, 0.31, 0.42, 0.42, 0.35, 0.35, 0.08, 0.08, 0.32, 0.44, 0.44, 0.38, 0.38, 0.12, 0.12, 0.33, 0.46, 0.28, 0.46, 0.41, 0.16, 0.16, 0.34, 0.48, 0.3, 0.48, 0.44, 0.2, 0.2, 0.35, 0.5, 0.5, 0.47, 0.47, 0.24, 0.24, 0.36, 0.52, 0.34, 0.52, 0.5, 0.28, 0.28, 0.37, 0.54, 0.36, 0.54, 0.53, 0.32, 0.32, 0.38, 0.56, 0.38, 0.56, 0.56, 0.36, 0.36, 0.39, 0.58, 0.4, 0.58, 0.59, 0.03, 0.4, 0.4, 0.03, 0.03, 0.05, 0.04, 0.05, 0.04, 0.04, 0.07, 0.4, 0.61, 0.61, 0.63, 0.63, 0.46, 0.46, 0.1, 0.1, 0.41, 0.63, 0.63, 0.66, 0.66, 0.5, 0.5, 0.15, 0.15, 0.42, 0.65, 0.65, 0.69, 0.69, 0.54, 0.54, 0.2, 0.2, 0.43, 0.67, 0.67, 0.72, 0.72, 0.58, 0.58, 0.25, 0.25, 0.44, 0.69, 0.69, 0.75, 0.75, 0.62, 0.62, 0.3, 0.3, 0.45, 0.71, 0.71, 0.78, 0.78, 0.66, 0.66, 0.35, 0.35, 0.46, 0.73, 0.73, 0.81, 0.81, 0.7, 0.7, 0.4, 0.4, 0.47, 0.75, 0.75, 0.84, 0.84, 0.74, 0.74, 0.45, 0.45, 0.48, 0.77, 0.77, 0.87, 0.87, 0.78, 0.78, 0.5, 0.5, 0.49, 0.78, 0.78, 0.89, 0.89, 0.8, 0.8, 0.53, 0.53, 0.06, 0.06, 0.5, 0.8, 0.8, 0.92, 0.92, 0.84, 0.84, 0.58, 0.58, 0.12, 0.12, 0.51]

ILAO*:
Tiempo requerido: 0.831
Iteraciones requeridas: 363
Nodos expandidos: 363

RLAO*:
Tiempo requerido: 1.938
Iteraciones requeridas: 54
Nodos expandidos: 2916

BLAO*:
Tiempo requerido: 1.461
Iteraciones requeridas: 39
Nodos expandidos: 1806

VI:
Tiempo requerido: 7.628
Iteraciones requeridas: 91

Problema 6
-------------------------------------------------------
LAO*:
Tiempo requerido: 28.79
Iteraciones requeridas: 273
Nodos expandidos: 273
Porcentajes del conjunto Z: [0.01, 0.02, 0.03, 0.04, 0.05, 0.06, 0.07, 0.08, 0.09, 0.1, 0.11, 0.02, 0.02, 0.12, 0.04, 0.04, 0.13, 0.06, 0.06, 0.14, 0.08, 0.08, 0.15, 0.1, 0.1, 0.16, 0.12, 0.12, 0.17, 0.14, 0.14, 0.18, 0.16, 0.16, 0.19, 0.18, 0.18, 0.2, 0.2, 0.2, 0.02, 0.02, 0.02, 0.03, 0.04, 0.21, 0.23, 0.23, 0.06, 0.06, 0.22, 0.25, 0.25, 0.09, 0.09, 0.23, 0.27, 0.27, 0.12, 0.12, 0.24, 0.29, 0.29, 0.15, 0.15, 0.25, 0.31, 0.31, 0.18, 0.18, 0.26, 0.33, 0.33, 0.21, 0.21, 0.27, 0.35, 0.35, 0.24, 0.24, 0.28, 0.37, 0.37, 0.27, 0.27, 0.29, 0.39, 0.39, 0.3, 0.3, 0.3, 0.4, 0.4, 0.32, 0.32, 0.04, 0.04, 0.31, 0.42, 0.42, 0.35, 0.35, 0.08, 0.08, 0.32, 0.44, 0.44, 0.38, 0.38, 0.12, 0.12, 0.33, 0.46, 0.28, 0.46, 0.41, 0.16, 0.16, 0.34, 0.48, 0.3, 0.48, 0.44, 0.2, 0.2, 0.35, 0.5, 0.5, 0.47, 0.47, 0.24, 0.24, 0.36, 0.52, 0.34, 0.52, 0.5, 0.28, 0.28, 0.37, 0.54, 0.36, 0.54, 0.53, 0.32, 0.32, 0.38, 0.56, 0.38, 0.56, 0.56, 0.36, 0.36, 0.39, 0.58, 0.4, 0.58, 0.59, 0.03, 0.4, 0.4, 0.03, 0.03, 0.05, 0.04, 0.05, 0.04, 0.04, 0.07, 0.4, 0.61, 0.61, 0.63, 0.63, 0.46, 0.46, 0.1, 0.1, 0.41, 0.63, 0.63, 0.66, 0.66, 0.5, 0.5, 0.15, 0.15, 0.42, 0.65, 0.65, 0.69, 0.69, 0.54, 0.54, 0.2, 0.2, 0.43, 0.67, 0.67, 0.72, 0.72, 0.58, 0.58, 0.25, 0.25, 0.44, 0.69, 0.69, 0.75, 0.75, 0.62, 0.62, 0.3, 0.3, 0.45, 0.71, 0.71, 0.78, 0.78, 0.66, 0.66, 0.35, 0.35, 0.46, 0.73, 0.73, 0.81, 0.81, 0.7, 0.7, 0.4, 0.4, 0.47, 0.75, 0.75, 0.84, 0.84, 0.74, 0.74, 0.45, 0.45, 0.48, 0.77, 0.77, 0.87, 0.87, 0.78, 0.78, 0.5, 0.5, 0.49, 0.78, 0.78, 0.89, 0.89, 0.8, 0.8, 0.53, 0.53, 0.06, 0.06, 0.5, 0.8, 0.8, 0.92, 0.92, 0.84, 0.84, 0.58, 0.58, 0.12, 0.12, 0.51]

ILAO*:
Tiempo requerido: 0.907
Iteraciones requeridas: 363
Nodos expandidos: 363

RLAO*:
Tiempo requerido: 1.788
Iteraciones requeridas: 54
Nodos expandidos: 2916

BLAO*:
Tiempo requerido: 1.721
Iteraciones requeridas: 39
Nodos expandidos: 1806

VI:
Tiempo requerido: 7.648
Iteraciones requeridas: 91

Problema 7
-------------------------------------------------------
LAO*:
Tiempo requerido: 29.143
Iteraciones requeridas: 273
Nodos expandidos: 273
Porcentajes del conjunto Z: [0.01, 0.02, 0.03, 0.04, 0.05, 0.06, 0.07, 0.08, 0.09, 0.1, 0.11, 0.02, 0.02, 0.12, 0.04, 0.04, 0.13, 0.06, 0.06, 0.14, 0.08, 0.08, 0.15, 0.1, 0.1, 0.16, 0.12, 0.12, 0.17, 0.14, 0.14, 0.18, 0.16, 0.16, 0.19, 0.18, 0.18, 0.2, 0.2, 0.2, 0.02, 0.02, 0.02, 0.03, 0.04, 0.21, 0.23, 0.23, 0.06, 0.06, 0.22, 0.25, 0.25, 0.09, 0.09, 0.23, 0.27, 0.27, 0.12, 0.12, 0.24, 0.29, 0.29, 0.15, 0.15, 0.25, 0.31, 0.31, 0.18, 0.18, 0.26, 0.33, 0.33, 0.21, 0.21, 0.27, 0.35, 0.35, 0.24, 0.24, 0.28, 0.37, 0.37, 0.27, 0.27, 0.29, 0.39, 0.39, 0.3, 0.3, 0.3, 0.4, 0.4, 0.32, 0.32, 0.04, 0.04, 0.31, 0.42, 0.42, 0.35, 0.35, 0.08, 0.08, 0.32, 0.44, 0.44, 0.38, 0.38, 0.12, 0.12, 0.33, 0.46, 0.28, 0.46, 0.41, 0.16, 0.16, 0.34, 0.48, 0.3, 0.48, 0.44, 0.2, 0.2, 0.35, 0.5, 0.5, 0.47, 0.47, 0.24, 0.24, 0.36, 0.52, 0.34, 0.52, 0.5, 0.28, 0.28, 0.37, 0.54, 0.36, 0.54, 0.53, 0.32, 0.32, 0.38, 0.56, 0.38, 0.56, 0.56, 0.36, 0.36, 0.39, 0.58, 0.4, 0.58, 0.59, 0.03, 0.4, 0.4, 0.03, 0.03, 0.05, 0.04, 0.05, 0.04, 0.04, 0.07, 0.4, 0.61, 0.61, 0.63, 0.63, 0.46, 0.46, 0.1, 0.1, 0.41, 0.63, 0.63, 0.66, 0.66, 0.5, 0.5, 0.15, 0.15, 0.42, 0.65, 0.65, 0.69, 0.69, 0.54, 0.54, 0.2, 0.2, 0.43, 0.67, 0.67, 0.72, 0.72, 0.58, 0.58, 0.25, 0.25, 0.44, 0.69, 0.69, 0.75, 0.75, 0.62, 0.62, 0.3, 0.3, 0.45, 0.71, 0.71, 0.78, 0.78, 0.66, 0.66, 0.35, 0.35, 0.46, 0.73, 0.73, 0.81, 0.81, 0.7, 0.7, 0.4, 0.4, 0.47, 0.75, 0.75, 0.84, 0.84, 0.74, 0.74, 0.45, 0.45, 0.48, 0.77, 0.77, 0.87, 0.87, 0.78, 0.78, 0.5, 0.5, 0.49, 0.78, 0.78, 0.89, 0.89, 0.8, 0.8, 0.53, 0.53, 0.06, 0.06, 0.5, 0.8, 0.8, 0.92, 0.92, 0.84, 0.84, 0.58, 0.58, 0.12, 0.12, 0.51]

ILAO*:
Tiempo requerido: 0.82
Iteraciones requeridas: 363
Nodos expandidos: 363

RLAO*:
Tiempo requerido: 1.862
Iteraciones requeridas: 54
Nodos expandidos: 2916

BLAO*:
Tiempo requerido: 1.47
Iteraciones requeridas: 39
Nodos expandidos: 1806

VI:
Tiempo requerido: 7.719
Iteraciones requeridas: 91

Problema 8
-------------------------------------------------------
LAO*:
Tiempo requerido: 28.378
Iteraciones requeridas: 273
Nodos expandidos: 273
Porcentajes del conjunto Z: [0.01, 0.02, 0.03, 0.04, 0.05, 0.06, 0.07, 0.08, 0.09, 0.1, 0.11, 0.02, 0.02, 0.12, 0.04, 0.04, 0.13, 0.06, 0.06, 0.14, 0.08, 0.08, 0.15, 0.1, 0.1, 0.16, 0.12, 0.12, 0.17, 0.14, 0.14, 0.18, 0.16, 0.16, 0.19, 0.18, 0.18, 0.2, 0.2, 0.2, 0.02, 0.02, 0.02, 0.03, 0.04, 0.21, 0.23, 0.23, 0.06, 0.06, 0.22, 0.25, 0.25, 0.09, 0.09, 0.23, 0.27, 0.27, 0.12, 0.12, 0.24, 0.29, 0.29, 0.15, 0.15, 0.25, 0.31, 0.31, 0.18, 0.18, 0.26, 0.33, 0.33, 0.21, 0.21, 0.27, 0.35, 0.35, 0.24, 0.24, 0.28, 0.37, 0.37, 0.27, 0.27, 0.29, 0.39, 0.39, 0.3, 0.3, 0.3, 0.4, 0.4, 0.32, 0.32, 0.04, 0.04, 0.31, 0.42, 0.42, 0.35, 0.35, 0.08, 0.08, 0.32, 0.44, 0.44, 0.38, 0.38, 0.12, 0.12, 0.33, 0.46, 0.28, 0.46, 0.41, 0.16, 0.16, 0.34, 0.48, 0.3, 0.48, 0.44, 0.2, 0.2, 0.35, 0.5, 0.5, 0.47, 0.47, 0.24, 0.24, 0.36, 0.52, 0.34, 0.52, 0.5, 0.28, 0.28, 0.37, 0.54, 0.36, 0.54, 0.53, 0.32, 0.32, 0.38, 0.56, 0.38, 0.56, 0.56, 0.36, 0.36, 0.39, 0.58, 0.4, 0.58, 0.59, 0.03, 0.4, 0.4, 0.03, 0.03, 0.05, 0.04, 0.05, 0.04, 0.04, 0.07, 0.4, 0.61, 0.61, 0.63, 0.63, 0.46, 0.46, 0.1, 0.1, 0.41, 0.63, 0.63, 0.66, 0.66, 0.5, 0.5, 0.15, 0.15, 0.42, 0.65, 0.65, 0.69, 0.69, 0.54, 0.54, 0.2, 0.2, 0.43, 0.67, 0.67, 0.72, 0.72, 0.58, 0.58, 0.25, 0.25, 0.44, 0.69, 0.69, 0.75, 0.75, 0.62, 0.62, 0.3, 0.3, 0.45, 0.71, 0.71, 0.78, 0.78, 0.66, 0.66, 0.35, 0.35, 0.46, 0.73, 0.73, 0.81, 0.81, 0.7, 0.7, 0.4, 0.4, 0.47, 0.75, 0.75, 0.84, 0.84, 0.74, 0.74, 0.45, 0.45, 0.48, 0.77, 0.77, 0.87, 0.87, 0.78, 0.78, 0.5, 0.5, 0.49, 0.78, 0.78, 0.89, 0.89, 0.8, 0.8, 0.53, 0.53, 0.06, 0.06, 0.5, 0.8, 0.8, 0.92, 0.92, 0.84, 0.84, 0.58, 0.58, 0.12, 0.12, 0.51]

ILAO*:
Tiempo requerido: 0.862
Iteraciones requeridas: 363
Nodos expandidos: 363

RLAO*:
Tiempo requerido: 1.716
Iteraciones requeridas: 54
Nodos expandidos: 2916

BLAO*:
Tiempo requerido: 1.383
Iteraciones requeridas: 39
Nodos expandidos: 1806

VI:
Tiempo requerido: 7.585
Iteraciones requeridas: 91

Problema 9
-------------------------------------------------------
LAO*:
Tiempo requerido: 28.554
Iteraciones requeridas: 273
Nodos expandidos: 273
Porcentajes del conjunto Z: [0.01, 0.02, 0.03, 0.04, 0.05, 0.06, 0.07, 0.08, 0.09, 0.1, 0.11, 0.02, 0.02, 0.12, 0.04, 0.04, 0.13, 0.06, 0.06, 0.14, 0.08, 0.08, 0.15, 0.1, 0.1, 0.16, 0.12, 0.12, 0.17, 0.14, 0.14, 0.18, 0.16, 0.16, 0.19, 0.18, 0.18, 0.2, 0.2, 0.2, 0.02, 0.02, 0.02, 0.03, 0.04, 0.21, 0.23, 0.23, 0.06, 0.06, 0.22, 0.25, 0.25, 0.09, 0.09, 0.23, 0.27, 0.27, 0.12, 0.12, 0.24, 0.29, 0.29, 0.15, 0.15, 0.25, 0.31, 0.31, 0.18, 0.18, 0.26, 0.33, 0.33, 0.21, 0.21, 0.27, 0.35, 0.35, 0.24, 0.24, 0.28, 0.37, 0.37, 0.27, 0.27, 0.29, 0.39, 0.39, 0.3, 0.3, 0.3, 0.4, 0.4, 0.32, 0.32, 0.04, 0.04, 0.31, 0.42, 0.42, 0.35, 0.35, 0.08, 0.08, 0.32, 0.44, 0.44, 0.38, 0.38, 0.12, 0.12, 0.33, 0.46, 0.28, 0.46, 0.41, 0.16, 0.16, 0.34, 0.48, 0.3, 0.48, 0.44, 0.2, 0.2, 0.35, 0.5, 0.5, 0.47, 0.47, 0.24, 0.24, 0.36, 0.52, 0.34, 0.52, 0.5, 0.28, 0.28, 0.37, 0.54, 0.36, 0.54, 0.53, 0.32, 0.32, 0.38, 0.56, 0.38, 0.56, 0.56, 0.36, 0.36, 0.39, 0.58, 0.4, 0.58, 0.59, 0.03, 0.4, 0.4, 0.03, 0.03, 0.05, 0.04, 0.05, 0.04, 0.04, 0.07, 0.4, 0.61, 0.61, 0.63, 0.63, 0.46, 0.46, 0.1, 0.1, 0.41, 0.63, 0.63, 0.66, 0.66, 0.5, 0.5, 0.15, 0.15, 0.42, 0.65, 0.65, 0.69, 0.69, 0.54, 0.54, 0.2, 0.2, 0.43, 0.67, 0.67, 0.72, 0.72, 0.58, 0.58, 0.25, 0.25, 0.44, 0.69, 0.69, 0.75, 0.75, 0.62, 0.62, 0.3, 0.3, 0.45, 0.71, 0.71, 0.78, 0.78, 0.66, 0.66, 0.35, 0.35, 0.46, 0.73, 0.73, 0.81, 0.81, 0.7, 0.7, 0.4, 0.4, 0.47, 0.75, 0.75, 0.84, 0.84, 0.74, 0.74, 0.45, 0.45, 0.48, 0.77, 0.77, 0.87, 0.87, 0.78, 0.78, 0.5, 0.5, 0.49, 0.78, 0.78, 0.89, 0.89, 0.8, 0.8, 0.53, 0.53, 0.06, 0.06, 0.5, 0.8, 0.8, 0.92, 0.92, 0.84, 0.84, 0.58, 0.58, 0.12, 0.12, 0.51]

ILAO*:
Tiempo requerido: 0.813
Iteraciones requeridas: 363
Nodos expandidos: 363

RLAO*:
Tiempo requerido: 1.662
Iteraciones requeridas: 54
Nodos expandidos: 2916

BLAO*:
Tiempo requerido: 1.362
Iteraciones requeridas: 39
Nodos expandidos: 1806

VI:
Tiempo requerido: 8.1
Iteraciones requeridas: 91

Problema 10
-------------------------------------------------------
LAO*:
Tiempo requerido: 30.595
Iteraciones requeridas: 273
Nodos expandidos: 273
Porcentajes del conjunto Z: [0.01, 0.02, 0.03, 0.04, 0.05, 0.06, 0.07, 0.08, 0.09, 0.1, 0.11, 0.02, 0.02, 0.12, 0.04, 0.04, 0.13, 0.06, 0.06, 0.14, 0.08, 0.08, 0.15, 0.1, 0.1, 0.16, 0.12, 0.12, 0.17, 0.14, 0.14, 0.18, 0.16, 0.16, 0.19, 0.18, 0.18, 0.2, 0.2, 0.2, 0.02, 0.02, 0.02, 0.03, 0.04, 0.21, 0.23, 0.23, 0.06, 0.06, 0.22, 0.25, 0.25, 0.09, 0.09, 0.23, 0.27, 0.27, 0.12, 0.12, 0.24, 0.29, 0.29, 0.15, 0.15, 0.25, 0.31, 0.31, 0.18, 0.18, 0.26, 0.33, 0.33, 0.21, 0.21, 0.27, 0.35, 0.35, 0.24, 0.24, 0.28, 0.37, 0.37, 0.27, 0.27, 0.29, 0.39, 0.39, 0.3, 0.3, 0.3, 0.4, 0.4, 0.32, 0.32, 0.04, 0.04, 0.31, 0.42, 0.42, 0.35, 0.35, 0.08, 0.08, 0.32, 0.44, 0.44, 0.38, 0.38, 0.12, 0.12, 0.33, 0.46, 0.28, 0.46, 0.41, 0.16, 0.16, 0.34, 0.48, 0.3, 0.48, 0.44, 0.2, 0.2, 0.35, 0.5, 0.5, 0.47, 0.47, 0.24, 0.24, 0.36, 0.52, 0.34, 0.52, 0.5, 0.28, 0.28, 0.37, 0.54, 0.36, 0.54, 0.53, 0.32, 0.32, 0.38, 0.56, 0.38, 0.56, 0.56, 0.36, 0.36, 0.39, 0.58, 0.4, 0.58, 0.59, 0.03, 0.4, 0.4, 0.03, 0.03, 0.05, 0.04, 0.05, 0.04, 0.04, 0.07, 0.4, 0.61, 0.61, 0.63, 0.63, 0.46, 0.46, 0.1, 0.1, 0.41, 0.63, 0.63, 0.66, 0.66, 0.5, 0.5, 0.15, 0.15, 0.42, 0.65, 0.65, 0.69, 0.69, 0.54, 0.54, 0.2, 0.2, 0.43, 0.67, 0.67, 0.72, 0.72, 0.58, 0.58, 0.25, 0.25, 0.44, 0.69, 0.69, 0.75, 0.75, 0.62, 0.62, 0.3, 0.3, 0.45, 0.71, 0.71, 0.78, 0.78, 0.66, 0.66, 0.35, 0.35, 0.46, 0.73, 0.73, 0.81, 0.81, 0.7, 0.7, 0.4, 0.4, 0.47, 0.75, 0.75, 0.84, 0.84, 0.74, 0.74, 0.45, 0.45, 0.48, 0.77, 0.77, 0.87, 0.87, 0.78, 0.78, 0.5, 0.5, 0.49, 0.78, 0.78, 0.89, 0.89, 0.8, 0.8, 0.53, 0.53, 0.06, 0.06, 0.5, 0.8, 0.8, 0.92, 0.92, 0.84, 0.84, 0.58, 0.58, 0.12, 0.12, 0.51]

ILAO*:
Tiempo requerido: 0.891
Iteraciones requeridas: 363
Nodos expandidos: 363

RLAO*:
Tiempo requerido: 1.84
Iteraciones requeridas: 54
Nodos expandidos: 2916

BLAO*:
Tiempo requerido: 2.079
Iteraciones requeridas: 39
Nodos expandidos: 1806

VI:
Tiempo requerido: 8.769
Iteraciones requeridas: 91

Media tiempo LAO: 29.217
Media iteraciones LAO: 273.0
Media expansiones LAO: 273.0

Media tiempo RLAO: 1.757
Media iteraciones RLAO: 54.0
Media expansiones RLAO: 2916.0

Media tiempo ILAO: 0.845
Media iteraciones ILAO: 363.0
Media expansiones ILAO: 363.0

Media tiempo BLAO: 1.547
Media iteraciones BLAO: 39.0
Media expansiones BLAO: 1806.0

Media tiempo VI: 7.953
Media iteraciones VI: 91.0

-------------------------------------------------------
