Problema 1
-------------------------------------------------------
LAO*:
Tiempo requerido: 12.422
Nodos expandidos: 465
Porcentajes del conjunto Z: [0.06, 0.12, 0.12, 0.25, 0.19, 0.31, 0.38, 0.25, 0.38, 0.5, 0.5, 0.31, 0.44, 0.62, 0.69, 0.62, 0.38, 0.5, 0.75, 0.88, 0.88, 0.75, 0.44, 0.56, 0.88, 1.06, 1.12, 0.88, 0.5, 0.62, 1.0, 1.25, 1.38, 1.19, 0.94, 1.0, 0.56, 0.12, 0.69, 1.12, 1.44, 1.62, 1.5, 1.56, 1.12, 1.12, 0.12, 0.62, 0.25, 0.25, 0.75, 1.25, 1.62, 1.88, 1.81, 1.94, 1.81, 1.31, 1.25, 0.69, 0.38, 0.31, 0.81, 1.38, 1.81, 2.12, 2.12, 2.38, 2.38, 2.06, 1.5, 1.38, 0.75, 0.5, 0.38, 0.88, 2.0, 2.44, 2.69, 1.69, 1.5, 0.81, 0.62, 0.44, 0.94, 0.94, 2.06, 2.69, 2.75, 2.75, 1.75, 1.88, 1.62, 0.88, 0.75, 0.5, 0.5, 1.06, 2.31, 2.81, 2.75, 2.81, 2.88, 3.25, 2.0, 2.06, 1.75, 0.94, 0.62, 2.5, 3.12, 2.94, 2.81, 3.0, 3.44, 3.56, 2.25, 2.25, 1.88, 1.0, 0.69, 2.56, 3.31, 3.06, 2.88, 3.0, 3.56, 3.75, 3.81, 2.44, 2.38, 1.94, 0.56, 1.06, 0.75, 2.62, 2.62, 3.38, 3.5, 3.19, 2.94, 3.0, 3.62, 3.94, 4.06, 2.62, 2.5, 2.0, 0.69, 1.12, 0.19, 0.25, 0.81, 2.69, 2.75, 3.75, 3.62, 3.69, 3.31, 3.69, 4.06, 3.94, 4.06, 4.31, 2.81, 2.62, 2.06, 0.19, 0.81, 1.19, 0.38, 0.88, 2.75, 3.94, 4.06, 3.88, 3.88, 3.38, 3.69, 4.19, 4.12, 4.62, 4.38, 4.56, 3.0, 2.75, 2.12, 0.94, 1.25, 0.56, 0.38, 2.81, 2.81, 4.0, 4.31, 4.38, 4.12, 4.0, 5.75, 4.25, 4.31, 4.88, 4.69, 4.81, 3.19, 2.88, 2.19, 1.06, 1.31, 0.5, 2.94, 4.25, 4.44, 4.69, 4.69, 0.94, 4.31, 6.44, 6.38, 4.5, 5.12, 4.69, 5.0, 3.38, 3.0, 2.25, 1.19, 0.62, 1.06, 3.12, 4.56, 4.88, 5.0, 5.19, 5.06, 6.88, 7.19, 6.69, 5.31, 5.12, 4.69, 5.06, 5.0, 3.38, 3.56, 3.12, 1.31, 0.81, 0.75, 3.19, 5.12, 5.38, 5.44, 5.5, 6.31, 6.31, 6.25, 6.25, 2.75, 6.0, 5.12, 5.12, 5.56, 3.62, 3.75, 1.44, 0.88, 0.81, 3.25, 5.12, 5.62, 5.75, 6.75, 7.06, 6.69, 7.12, 6.25, 2.88, 2.81, 6.0, 6.5, 5.25, 5.75, 5.88, 3.88, 1.56, 1.06, 5.69, 5.62, 5.75, 7.06, 7.56, 7.5, 7.62, 7.19, 7.19, 4.44, 6.56, 6.69, 5.94, 6.12, 6.19, 1.69, 1.25, 0.81, 5.75, 5.81, 6.5, 2.81, 7.62, 8.19, 7.88, 7.44, 4.88, 7.0, 7.56, 6.38, 6.5, 1.81, 0.25, 0.38, 0.38, 1.44, 0.94, 6.12, 7.06, 2.94, 9.62, 9.62, 10.19, 9.88, 10.5, 9.75, 7.75, 8.06, 6.81, 0.25, 1.94, 1.62, 1.06, 7.25, 7.12, 3.06, 9.69, 9.75, 11.31, 9.94, 10.62, 10.94, 10.56, 8.31, 8.56, 0.31, 2.06, 0.62, 1.81, 3.19, 7.38, 9.88, 11.5, 11.38, 10.75, 11.12, 11.81, 11.19, 8.88, 2.19, 0.69, 2.0, 0.56, 3.25, 7.44, 10.25, 12.12, 12.12, 11.88, 11.94, 12.81, 13.31, 12.69, 0.75, 2.19, 0.75, 3.31, 11.81, 12.25, 11.94, 12.0, 13.06, 13.63, 14.06, 1.25, 2.38, 0.94, 3.69, 11.94, 12.31, 12.38, 14.94, 13.19, 14.44, 1.38, 1.06, 10.44, 10.81, 10.94, 13.88, 14.62, 11.69, 12.94, 4.56, 1.12, 14.19, 12.44, 15.25, 16.38, 15.94, 14.62, 1.75, 1.31, 1.19, 14.5, 2.88, 15.44, 16.5, 17.69, 1.94, 0.31, 0.5, 0.56, 0.5, 1.56, 1.25, 1.69, 17.56, 3.06, 15.5, 16.5, 18.31, 0.31, 2.12, 0.38, 1.81, 1.31, 1.94, 17.69, 3.25, 17.0, 18.38, 0.44, 2.31, 0.88, 2.06, 1.38, 2.06, 3.44, 19.25, 18.88, 0.5, 2.5, 1.0, 1.44, 2.19, 1.0, 3.56]

ILAO*:
Tiempo requerido: 1.164
Nodos expandidos: 494

RLAO*:
Tiempo requerido: 0.339
Nodos expandidos: 756

BLAO*:
Tiempo requerido: 0.453
Nodos expandidos: 696

VI:
Tiempo requerido: 0.641
Numero de iteraciones: 161499
-------------------------------------------------------
Problema 2
-------------------------------------------------------
LAO*:
Tiempo requerido: 12.624
Nodos expandidos: 461
Porcentajes del conjunto Z: [0.06, 0.12, 0.12, 0.19, 0.19, 0.25, 0.25, 0.25, 0.25, 0.31, 0.38, 0.5, 0.38, 0.31, 0.38, 0.5, 0.69, 0.69, 0.5, 0.38, 0.44, 0.62, 0.88, 0.94, 0.88, 0.62, 0.44, 0.5, 0.75, 1.06, 1.19, 1.19, 0.75, 0.5, 0.56, 1.25, 1.44, 1.5, 1.25, 0.81, 0.88, 0.56, 0.12, 0.62, 0.62, 1.31, 1.81, 1.62, 1.62, 1.0, 1.0, 0.62, 0.12, 0.25, 0.69, 1.56, 1.38, 1.88, 2.0, 2.06, 1.88, 1.19, 1.12, 0.69, 0.38, 0.75, 0.75, 1.62, 2.25, 2.12, 2.5, 2.38, 2.12, 0.25, 1.38, 1.25, 0.75, 0.5, 0.88, 1.88, 1.69, 2.56, 2.69, 2.88, 2.69, 2.38, 0.38, 1.56, 1.38, 0.81, 0.62, 0.94, 2.06, 2.0, 1.75, 2.62, 3.19, 3.12, 3.25, 3.0, 0.5, 2.62, 1.75, 1.5, 0.88, 0.75, 1.0, 2.19, 2.25, 2.12, 3.12, 3.31, 3.69, 3.56, 3.62, 0.62, 3.31, 2.88, 1.94, 1.62, 0.94, 0.88, 1.06, 2.31, 2.44, 2.44, 3.56, 3.88, 3.88, 4.19, 0.75, 4.0, 3.62, 3.12, 2.12, 1.75, 1.0, 1.0, 1.12, 2.44, 2.62, 2.69, 3.94, 4.38, 4.5, 0.88, 4.44, 4.69, 4.06, 3.94, 3.38, 2.31, 1.88, 1.06, 1.19, 2.56, 2.81, 2.94, 4.81, 5.06, 5.12, 5.0, 4.81, 4.0, 4.25, 3.62, 2.5, 2.0, 1.12, 0.19, 0.25, 1.25, 2.69, 3.0, 3.19, 3.0, 4.88, 5.56, 5.75, 0.69, 5.75, 5.19, 4.88, 4.38, 4.56, 3.88, 2.69, 1.19, 0.19, 0.38, 1.31, 2.81, 3.19, 3.44, 3.31, 5.5, 5.69, 6.31, 6.44, 0.81, 6.0, 5.31, 4.94, 4.38, 4.69, 4.81, 4.06, 2.69, 0.75, 1.25, 1.25, 0.25, 0.56, 2.94, 3.38, 3.69, 3.62, 5.88, 6.38, 6.5, 7.06, 0.94, 6.75, 6.19, 5.44, 6.31, 4.75, 5.0, 5.06, 4.12, 0.5, 0.88, 1.38, 3.0, 3.56, 3.94, 3.94, 6.31, 6.81, 7.25, 7.31, 7.44, 1.0, 7.0, 6.38, 6.81, 6.75, 5.12, 5.31, 5.19, 4.12, 0.69, 1.0, 1.44, 0.69, 3.69, 4.19, 7.31, 7.75, 8.12, 7.75, 7.75, 1.06, 7.25, 7.75, 7.31, 7.19, 5.5, 5.5, 5.25, 0.88, 4.5, 1.12, 0.88, 4.38, 4.25, 7.38, 8.31, 8.69, 8.62, 1.06, 8.12, 1.12, 8.69, 7.81, 7.62, 1.06, 5.75, 5.62, 5.69, 1.25, 1.06, 4.5, 4.31, 7.44, 8.44, 9.31, 9.25, 1.19, 9.06, 8.19, 1.19, 8.75, 8.75, 7.81, 8.31, 7.94, 1.25, 5.94, 6.12, 1.38, 1.25, 4.62, 8.69, 9.5, 1.31, 9.75, 9.19, 10.0, 1.25, 8.88, 9.88, 1.44, 8.56, 8.38, 6.5, 1.5, 1.31, 1.75, 9.88, 10.12, 10.25, 11.38, 10.5, 1.62, 10.38, 10.81, 8.62, 8.44, 9.0, 1.62, 0.25, 0.38, 1.38, 0.38, 1.88, 9.94, 10.38, 12.19, 11.62, 1.69, 11.06, 10.94, 1.06, 9.44, 9.06, 1.75, 0.25, 0.5, 1.56, 2.0, 10.0, 10.44, 12.38, 12.5, 11.69, 1.75, 11.25, 11.81, 1.25, 10.06, 1.88, 0.38, 0.75, 1.75, 2.75, 10.25, 11.69, 12.88, 13.12, 13.0, 1.44, 11.75, 12.62, 13.12, 0.69, 0.81, 1.94, 10.31, 14.06, 13.31, 13.31, 13.06, 1.56, 11.81, 12.75, 13.56, 0.94, 1.19, 2.12, 10.25, 14.44, 13.44, 13.31, 15.38, 1.62, 12.75, 13.63, 1.38, 1.44, 2.31, 10.44, 14.88, 13.75, 15.94, 16.62, 13.94, 1.69, 2.5, 9.44, 11.75, 16.19, 16.38, 17.0, 17.62, 1.75, 1.94, 2.69, 16.38, 16.31, 16.25, 17.06, 18.19, 2.0, 2.06, 2.88, 16.75, 16.44, 20.06, 18.31, 2.31, 0.31, 2.19, 0.5, 0.56, 3.06, 0.5, 16.94, 20.31, 21.38, 2.69, 1.12, 0.31, 0.62, 2.44, 3.25, 20.88, 21.69, 2.88, 1.38, 0.5]

ILAO*:
Tiempo requerido: 0.936
Nodos expandidos: 468

RLAO*:
Tiempo requerido: 0.469
Nodos expandidos: 711

BLAO*:
Tiempo requerido: 0.386
Nodos expandidos: 646

VI:
Tiempo requerido: 3.226
Numero de iteraciones: 810693
-------------------------------------------------------
Problema 3
-------------------------------------------------------
LAO*:
Tiempo requerido: 14.15
Nodos expandidos: 486
Porcentajes del conjunto Z: [0.06, 0.12, 0.12, 0.19, 0.25, 0.19, 0.25, 0.38, 0.38, 0.25, 0.31, 0.5, 0.56, 0.5, 0.31, 0.38, 0.62, 0.75, 0.75, 0.62, 0.38, 0.44, 0.75, 0.94, 1.0, 0.94, 0.75, 0.44, 0.5, 0.88, 1.12, 1.25, 1.25, 1.12, 0.88, 0.5, 0.56, 1.0, 1.31, 1.5, 1.56, 1.5, 1.31, 1.0, 0.56, 0.12, 0.62, 1.12, 1.5, 1.75, 1.88, 1.88, 1.75, 1.5, 1.12, 0.12, 0.62, 0.25, 0.69, 1.25, 1.69, 2.0, 2.25, 2.19, 2.0, 1.25, 0.69, 0.38, 0.75, 1.38, 1.88, 2.25, 2.06, 2.31, 2.62, 2.5, 2.06, 0.25, 1.31, 1.38, 0.75, 0.5, 0.81, 1.5, 2.06, 2.5, 2.38, 2.94, 2.75, 3.0, 2.62, 2.44, 1.5, 1.5, 0.81, 0.62, 0.88, 1.62, 2.25, 2.69, 3.31, 3.44, 3.19, 3.19, 0.38, 3.06, 2.69, 1.69, 1.62, 0.88, 0.75, 0.94, 1.75, 2.44, 2.31, 2.75, 3.69, 3.88, 3.94, 0.5, 3.44, 3.69, 3.38, 2.94, 1.88, 1.75, 0.94, 0.88, 1.0, 2.62, 3.25, 3.81, 4.31, 4.44, 4.25, 0.62, 4.06, 3.19, 2.06, 1.88, 1.0, 1.0, 1.06, 1.06, 2.69, 2.69, 4.38, 4.5, 4.94, 4.81, 0.75, 4.31, 4.12, 4.12, 3.25, 3.44, 2.0, 1.06, 1.12, 1.12, 1.19, 2.94, 2.81, 2.75, 4.44, 5.12, 5.19, 5.38, 0.88, 4.94, 5.31, 4.25, 4.75, 3.56, 3.5, 2.06, 2.12, 1.12, 0.19, 1.25, 1.19, 3.12, 3.12, 2.94, 5.0, 5.25, 5.88, 1.0, 5.69, 5.56, 6.0, 5.5, 4.94, 5.12, 3.69, 3.88, 2.25, 2.25, 0.19, 1.19, 0.38, 1.38, 1.25, 1.25, 3.19, 3.38, 3.31, 5.25, 5.88, 6.06, 6.44, 1.12, 5.94, 6.69, 6.25, 6.25, 5.31, 4.12, 4.12, 2.38, 0.25, 1.25, 0.56, 1.5, 1.38, 3.44, 3.5, 3.62, 5.69, 6.19, 6.75, 1.25, 6.75, 7.12, 7.0, 7.06, 6.31, 5.38, 5.81, 4.44, 4.19, 0.5, 2.44, 2.5, 1.31, 0.75, 1.62, 3.62, 3.81, 6.06, 6.69, 7.12, 6.81, 1.38, 6.81, 8.06, 7.5, 7.88, 7.0, 5.94, 6.19, 4.56, 4.62, 2.62, 2.62, 0.94, 1.75, 4.06, 4.06, 6.12, 7.69, 1.5, 7.25, 8.5, 7.94, 7.06, 7.62, 6.38, 4.88, 2.81, 1.12, 1.88, 6.88, 6.19, 7.75, 7.88, 1.62, 7.31, 8.56, 8.81, 7.81, 0.56, 6.5, 5.0, 5.19, 1.31, 6.94, 7.06, 8.31, 1.75, 8.0, 8.0, 7.38, 8.62, 8.62, 8.88, 9.62, 7.88, 0.75, 6.56, 6.56, 5.06, 5.31, 1.5, 9.25, 1.88, 8.62, 8.19, 8.12, 7.44, 8.69, 8.75, 10.56, 9.75, 9.75, 0.94, 8.44, 6.62, 7.44, 5.38, 1.19, 9.31, 9.62, 2.0, 8.88, 8.38, 8.25, 10.31, 10.75, 11.5, 9.94, 1.12, 8.69, 7.69, 7.94, 0.25, 0.25, 1.31, 2.12, 9.75, 9.94, 9.12, 8.56, 11.19, 10.38, 11.75, 1.31, 10.0, 8.75, 9.69, 8.12, 0.25, 0.25, 1.31, 0.5, 1.5, 2.25, 10.12, 10.25, 9.38, 11.56, 11.31, 10.44, 11.81, 11.81, 1.5, 10.06, 10.94, 9.75, 10.19, 0.38, 1.44, 0.75, 10.5, 10.81, 12.44, 11.75, 11.44, 1.69, 11.94, 12.19, 11.06, 12.0, 10.31, 0.69, 1.56, 1.0, 1.69, 13.94, 11.94, 11.5, 1.88, 12.0, 12.38, 13.25, 12.31, 12.81, 0.75, 1.25, 1.88, 14.0, 14.0, 12.0, 12.06, 14.94, 2.06, 12.5, 13.5, 13.06, 0.81, 1.5, 14.12, 14.5, 12.19, 15.56, 15.5, 2.25, 13.69, 13.56, 13.12, 1.25, 1.75, 14.62, 14.69, 2.44, 15.69, 16.69, 7.44, 15.88, 1.5, 2.0, 14.88, 18.31, 2.62, 15.75, 10.38, 15.88, 1.75, 1.25, 2.06, 18.88, 19.0, 2.81, 16.06, 15.94, 2.0, 1.31, 0.38, 2.44, 0.5, 3.0, 19.12, 16.12, 15.94, 2.06, 0.38, 0.31, 1.56, 0.56, 2.69, 3.19, 19.19, 19.25, 20.12, 2.5, 0.5, 1.75, 0.88, 2.75, 19.38, 23.25, 2.75, 0.88, 1.94, 1.19, 3.19]

ILAO*:
Tiempo requerido: 1.294
Nodos expandidos: 503

RLAO*:
Tiempo requerido: 0.384
Nodos expandidos: 779

BLAO*:
Tiempo requerido: 0.316
Nodos expandidos: 704

VI:
Tiempo requerido: 0.657
Numero de iteraciones: 163098
-------------------------------------------------------
Problema 4
-------------------------------------------------------
LAO*:
Tiempo requerido: 12.637
Nodos expandidos: 510
Porcentajes del conjunto Z: [0.06, 0.12, 0.19, 0.19, 0.25, 0.31, 0.25, 0.31, 0.44, 0.44, 0.31, 0.38, 0.56, 0.62, 0.56, 0.38, 0.44, 0.69, 0.81, 0.69, 0.44, 0.5, 0.81, 0.75, 0.88, 1.0, 0.81, 0.5, 0.56, 0.94, 0.94, 1.25, 1.12, 1.19, 0.94, 0.56, 0.12, 0.12, 0.62, 1.06, 1.5, 1.56, 1.38, 1.38, 1.06, 0.62, 0.19, 0.19, 0.69, 1.19, 1.12, 1.56, 1.88, 1.62, 1.69, 1.19, 0.69, 0.25, 0.75, 1.31, 1.31, 1.94, 2.0, 1.94, 1.88, 1.31, 0.75, 0.31, 0.81, 1.44, 1.5, 2.19, 2.44, 2.12, 0.31, 1.94, 2.06, 0.81, 0.38, 0.88, 1.56, 1.69, 2.44, 2.75, 2.62, 0.44, 2.0, 2.19, 2.12, 0.88, 0.88, 0.44, 0.94, 1.69, 1.88, 2.69, 3.06, 3.0, 2.69, 0.56, 2.06, 2.31, 2.31, 2.38, 1.0, 0.94, 0.5, 1.81, 2.06, 2.94, 3.38, 3.38, 3.12, 2.75, 0.69, 2.12, 2.44, 2.5, 2.62, 2.56, 1.12, 1.0, 0.56, 2.25, 3.19, 3.69, 3.75, 3.56, 0.81, 2.56, 2.69, 2.94, 2.75, 1.25, 1.06, 0.62, 2.31, 3.44, 4.0, 4.12, 4.0, 0.94, 2.75, 3.0, 3.19, 2.94, 1.38, 1.12, 0.19, 0.25, 0.69, 0.19, 2.38, 3.56, 4.31, 4.5, 4.06, 1.06, 2.81, 2.81, 3.06, 3.31, 3.44, 3.12, 1.5, 1.19, 0.31, 0.75, 0.31, 2.44, 3.69, 4.5, 4.88, 4.56, 4.12, 4.12, 1.19, 2.88, 2.94, 2.88, 3.12, 3.44, 3.62, 3.69, 3.31, 1.62, 1.25, 0.44, 0.88, 0.38, 2.5, 4.69, 5.12, 5.0, 5.0, 1.31, 4.25, 6.06, 3.06, 3.81, 3.56, 3.81, 3.94, 3.5, 1.75, 1.31, 0.56, 0.94, 0.44, 2.56, 2.56, 4.75, 5.38, 5.31, 5.5, 1.44, 6.25, 6.31, 3.12, 3.88, 4.31, 4.0, 3.88, 4.0, 4.19, 1.88, 0.69, 1.0, 0.5, 0.5, 2.62, 2.69, 5.0, 5.5, 5.62, 5.88, 5.56, 1.56, 6.31, 6.56, 6.44, 4.25, 4.44, 4.81, 2.06, 4.12, 4.5, 4.31, 4.25, 1.94, 0.81, 1.06, 0.56, 0.62, 1.69, 2.69, 2.81, 5.19, 5.81, 5.81, 6.25, 6.0, 6.69, 6.75, 4.88, 5.0, 2.19, 4.88, 4.44, 4.62, 0.94, 1.12, 0.62, 0.75, 1.75, 5.38, 6.06, 6.19, 6.5, 6.06, 5.81, 5.69, 4.06, 5.19, 5.31, 4.94, 5.06, 4.88, 1.06, 1.19, 0.69, 1.19, 5.44, 6.31, 6.5, 7.12, 7.25, 8.94, 5.25, 5.38, 5.19, 5.56, 1.19, 1.25, 0.75, 1.38, 6.44, 6.94, 7.5, 7.19, 7.31, 7.31, 9.0, 9.06, 5.31, 5.44, 5.44, 5.25, 5.75, 0.25, 0.31, 1.31, 0.25, 1.31, 0.81, 1.56, 0.25, 8.0, 7.62, 7.25, 7.38, 7.44, 9.38, 9.19, 9.19, 3.12, 5.56, 6.88, 5.88, 0.44, 1.44, 1.38, 0.88, 1.75, 0.44, 8.06, 8.19, 7.75, 7.31, 2.5, 7.5, 7.62, 9.62, 9.69, 9.31, 5.62, 7.06, 7.56, 0.62, 1.62, 1.44, 0.94, 1.94, 0.56, 8.31, 8.38, 7.88, 10.75, 7.75, 9.81, 9.94, 9.75, 9.38, 10.44, 7.19, 7.81, 1.75, 1.0, 2.12, 0.75, 8.56, 8.56, 2.62, 11.38, 11.06, 10.0, 10.19, 10.06, 10.06, 10.56, 12.06, 8.0, 0.75, 1.62, 0.94, 2.75, 8.81, 12.12, 11.75, 13.38, 10.44, 10.38, 10.44, 11.31, 12.25, 12.94, 0.94, 1.12, 1.69, 3.31, 1.12, 2.88, 12.44, 12.56, 14.12, 13.88, 10.69, 10.81, 11.75, 13.06, 13.19, 1.25, 1.75, 3.5, 1.31, 12.94, 15.0, 14.69, 14.19, 11.19, 12.19, 13.56, 14.06, 1.12, 1.38, 1.81, 3.62, 1.5, 15.44, 15.62, 15.06, 14.75, 12.62, 14.62, 1.31, 1.5, 1.88, 3.75, 16.12, 16.06, 15.69, 15.38, 11.81, 13.81, 6.31, 0.31, 0.44, 1.5, 0.38, 1.94, 3.88, 3.81, 1.31, 0.31, 16.62, 16.81, 7.31, 16.44, 15.75, 7.5, 0.56, 1.69, 1.44, 2.0, 4.0, 4.0, 3.94, 1.5, 17.44, 16.88, 7.5, 16.69, 19.69, 0.81, 1.94, 1.56, 2.06, 4.12, 4.19, 4.19, 1.69, 0.62, 17.75, 18.81, 19.81, 0.88, 2.12, 4.25, 4.38, 4.5, 1.81, 0.88, 19.56, 22.0, 1.25, 2.19, 4.56, 6.5, 1.94, 1.12]

ILAO*:
Tiempo requerido: 1.27
Nodos expandidos: 528

RLAO*:
Tiempo requerido: 0.419
Nodos expandidos: 839

BLAO*:
Tiempo requerido: 0.445
Nodos expandidos: 783

VI:
Tiempo requerido: 0.668
Numero de iteraciones: 163098
-------------------------------------------------------
Problema 5
-------------------------------------------------------
LAO*:
Tiempo requerido: 13.043
Nodos expandidos: 480
Porcentajes del conjunto Z: [0.06, 0.12, 0.12, 0.19, 0.19, 0.25, 0.25, 0.25, 0.25, 0.31, 0.38, 0.5, 0.38, 0.31, 0.38, 0.5, 0.69, 0.69, 0.5, 0.38, 0.44, 0.62, 0.88, 0.94, 0.88, 0.44, 0.5, 0.75, 1.06, 1.19, 0.94, 0.5, 0.5, 0.56, 0.88, 1.25, 1.44, 1.25, 1.0, 1.19, 0.62, 0.56, 0.62, 1.0, 1.69, 1.56, 1.62, 1.38, 0.12, 0.12, 0.62, 0.69, 1.06, 1.69, 1.81, 1.94, 1.62, 1.38, 1.38, 0.25, 0.25, 0.69, 0.69, 0.75, 1.12, 2.06, 1.94, 2.31, 2.06, 2.19, 0.38, 1.5, 1.62, 0.38, 0.75, 1.38, 2.38, 2.5, 2.5, 2.38, 0.5, 1.81, 1.69, 0.5, 0.81, 0.81, 1.44, 1.44, 2.44, 3.0, 2.75, 2.56, 0.62, 2.44, 2.75, 1.94, 1.94, 0.62, 0.94, 0.88, 1.5, 1.56, 2.88, 3.31, 2.88, 3.38, 2.81, 2.88, 2.19, 2.06, 0.75, 1.06, 0.94, 1.56, 1.69, 3.06, 2.94, 3.38, 3.5, 0.5, 3.75, 3.88, 3.06, 3.25, 2.25, 0.88, 1.19, 1.0, 1.62, 1.81, 3.25, 3.19, 4.0, 3.62, 4.44, 0.62, 4.31, 4.19, 3.5, 2.31, 2.44, 1.0, 1.31, 1.06, 1.69, 1.94, 3.44, 4.31, 4.31, 0.75, 4.62, 5.0, 4.62, 3.5, 2.31, 2.5, 2.56, 1.12, 1.44, 1.12, 1.75, 2.06, 3.62, 3.5, 4.69, 5.38, 0.88, 5.25, 5.06, 4.69, 4.75, 4.06, 2.62, 2.75, 2.75, 0.19, 1.25, 0.19, 1.56, 1.19, 1.88, 2.25, 3.88, 3.62, 4.81, 6.25, 5.5, 6.12, 5.5, 4.56, 3.06, 3.06, 0.38, 1.69, 1.25, 1.94, 2.38, 4.06, 3.94, 3.69, 5.38, 4.88, 6.31, 6.44, 6.5, 6.19, 5.94, 4.94, 0.44, 3.12, 3.25, 0.56, 1.81, 0.81, 1.31, 2.0, 2.5, 4.25, 4.19, 4.19, 5.5, 6.88, 6.56, 7.5, 6.62, 6.25, 6.38, 5.06, 0.62, 3.19, 3.31, 3.44, 0.75, 1.94, 0.94, 2.06, 2.62, 4.44, 4.5, 5.56, 6.94, 7.19, 7.69, 7.69, 6.75, 6.31, 6.44, 6.56, 0.81, 5.19, 3.56, 3.62, 0.94, 1.06, 2.75, 2.69, 4.5, 4.81, 4.56, 7.69, 1.62, 7.25, 8.31, 7.88, 7.81, 6.81, 8.0, 6.62, 0.88, 5.19, 3.56, 3.75, 1.12, 1.19, 2.88, 4.88, 4.94, 4.94, 4.62, 1.75, 7.75, 8.12, 8.5, 8.62, 8.12, 8.0, 8.62, 8.31, 1.12, 6.69, 5.25, 6.19, 3.88, 1.31, 1.31, 5.12, 5.38, 5.12, 5.06, 8.75, 1.88, 8.25, 9.44, 8.88, 8.94, 8.38, 9.0, 8.44, 1.31, 7.0, 6.31, 6.56, 1.5, 1.44, 5.62, 5.56, 5.25, 9.12, 9.19, 1.94, 9.75, 9.12, 9.12, 8.31, 1.56, 9.12, 8.06, 6.69, 1.69, 1.56, 6.0, 5.88, 9.5, 9.81, 2.12, 9.31, 9.88, 10.25, 9.56, 9.31, 8.44, 9.19, 9.19, 8.12, 8.56, 0.25, 0.25, 1.88, 0.25, 0.25, 1.69, 6.31, 10.5, 2.25, 10.25, 11.19, 10.38, 10.69, 9.75, 9.44, 10.94, 9.31, 10.75, 8.69, 0.5, 1.94, 0.31, 1.81, 11.44, 10.44, 11.38, 11.88, 11.0, 11.06, 12.19, 11.25, 11.06, 11.5, 0.69, 0.75, 1.94, 11.56, 11.62, 12.56, 12.06, 12.62, 12.31, 13.0, 11.81, 0.94, 1.0, 2.19, 11.69, 13.69, 13.19, 12.75, 12.62, 12.31, 13.0, 13.69, 1.19, 1.0, 1.19, 13.81, 14.56, 13.94, 12.81, 12.62, 12.31, 14.25, 13.75, 1.31, 1.25, 1.38, 15.56, 14.25, 12.81, 1.81, 12.5, 14.5, 15.25, 1.62, 15.5, 15.69, 14.19, 12.75, 15.81, 2.0, 14.5, 15.31, 1.88, 1.56, 1.5, 15.69, 15.69, 14.31, 15.81, 17.88, 2.12, 15.38, 2.19, 1.81, 1.69, 15.81, 15.94, 17.5, 2.38, 18.06, 18.94, 2.19, 0.31, 0.38, 0.5, 2.06, 0.38, 0.31, 1.88, 16.25, 19.31, 19.19, 2.31, 0.62, 2.19, 0.44, 2.06, 19.62, 19.38, 19.25, 2.38, 2.38, 0.88, 0.94, 2.25, 2.25, 19.75, 22.88, 2.5, 1.0, 2.69, 2.19]

ILAO*:
Tiempo requerido: 1.188
Nodos expandidos: 509

RLAO*:
Tiempo requerido: 0.369
Nodos expandidos: 761

BLAO*:
Tiempo requerido: 0.443
Nodos expandidos: 897

VI:
Tiempo requerido: 0.643
Numero de iteraciones: 161499
-------------------------------------------------------
Problema 6
-------------------------------------------------------
LAO*:
Tiempo requerido: 13.085
Nodos expandidos: 494
Porcentajes del conjunto Z: [0.06, 0.12, 0.12, 0.19, 0.25, 0.19, 0.25, 0.38, 0.38, 0.25, 0.31, 0.5, 0.56, 0.5, 0.31, 0.38, 0.62, 0.75, 0.75, 0.38, 0.75, 1.0, 0.81, 0.44, 0.44, 0.81, 1.06, 1.12, 1.06, 0.5, 1.44, 1.25, 1.44, 1.12, 0.56, 0.56, 1.5, 1.69, 1.62, 1.38, 0.12, 0.12, 0.69, 0.62, 1.81, 2.12, 1.69, 1.44, 1.56, 0.25, 0.25, 0.81, 0.69, 1.88, 2.31, 2.25, 2.12, 0.38, 1.69, 1.75, 0.38, 0.94, 0.75, 1.94, 2.44, 2.5, 2.75, 0.5, 2.44, 1.94, 1.94, 1.06, 0.81, 2.0, 2.5, 2.62, 3.0, 3.06, 0.62, 2.69, 2.12, 2.06, 0.38, 1.19, 0.88, 0.75, 2.06, 2.62, 2.81, 3.25, 3.44, 3.44, 3.0, 2.38, 2.25, 0.5, 1.31, 0.94, 0.81, 2.12, 2.75, 3.0, 3.69, 3.81, 3.75, 3.25, 2.56, 2.38, 0.62, 1.44, 1.0, 0.88, 2.19, 2.88, 3.06, 3.75, 4.19, 4.25, 3.56, 2.81, 2.56, 0.69, 1.56, 1.06, 0.94, 3.0, 2.94, 3.12, 4.25, 4.31, 4.69, 4.31, 3.62, 3.06, 2.75, 0.75, 1.69, 1.12, 1.0, 1.0, 3.06, 3.12, 3.5, 4.38, 4.88, 4.88, 4.81, 5.06, 3.69, 3.12, 3.31, 2.94, 0.19, 0.25, 0.19, 0.81, 1.81, 1.19, 1.06, 1.12, 1.06, 3.12, 3.25, 4.81, 5.06, 5.5, 5.06, 5.62, 4.31, 3.44, 3.56, 3.12, 0.38, 0.88, 1.94, 1.25, 1.25, 3.19, 3.38, 3.31, 4.88, 5.56, 5.81, 5.75, 5.94, 5.69, 4.38, 4.69, 0.56, 3.75, 3.81, 0.44, 0.94, 2.06, 1.31, 1.31, 3.31, 3.56, 3.56, 5.44, 6.25, 6.81, 6.62, 0.75, 4.94, 5.19, 4.19, 0.5, 2.12, 2.19, 1.38, 3.38, 3.69, 3.75, 5.69, 5.5, 6.31, 7.25, 6.88, 6.69, 7.12, 0.94, 5.38, 5.56, 4.25, 2.19, 2.31, 1.5, 3.38, 3.75, 3.88, 5.88, 5.75, 5.5, 6.31, 7.31, 7.31, 7.81, 7.19, 7.56, 5.62, 4.75, 0.56, 2.44, 1.0, 1.56, 0.94, 3.88, 4.06, 6.06, 6.0, 5.81, 7.38, 7.44, 8.31, 7.69, 7.56, 5.0, 0.75, 1.12, 1.06, 3.44, 3.94, 4.25, 6.31, 6.31, 6.19, 7.81, 7.44, 7.5, 8.56, 8.44, 7.75, 7.81, 5.06, 0.94, 1.25, 1.12, 3.5, 4.0, 4.38, 6.56, 6.62, 6.56, 7.94, 8.81, 9.69, 7.94, 5.12, 1.12, 1.38, 1.19, 3.56, 4.5, 6.75, 6.94, 6.94, 6.62, 8.0, 9.38, 8.88, 9.75, 9.94, 8.0, 5.19, 0.25, 0.38, 0.25, 1.31, 1.5, 1.44, 3.62, 3.62, 6.94, 7.31, 7.56, 7.06, 8.88, 9.5, 9.5, 8.94, 9.81, 10.06, 10.06, 8.06, 5.25, 0.5, 0.31, 1.5, 1.62, 1.5, 3.69, 3.75, 7.75, 9.38, 10.44, 9.69, 9.62, 11.56, 10.19, 10.25, 10.19, 9.62, 0.75, 0.69, 1.69, 1.75, 1.5, 3.69, 3.81, 7.81, 10.12, 11.0, 10.69, 9.88, 12.31, 12.0, 10.44, 10.44, 11.81, 1.06, 0.81, 1.75, 1.62, 1.62, 3.81, 4.0, 7.88, 10.31, 11.81, 11.31, 10.94, 12.62, 12.81, 12.31, 10.69, 12.12, 0.88, 1.81, 1.69, 1.75, 1.69, 3.88, 5.31, 1.56, 12.06, 11.62, 13.75, 13.19, 13.19, 5.5, 12.69, 12.44, 1.31, 2.12, 1.75, 1.88, 1.88, 1.81, 3.94, 5.44, 12.19, 12.19, 11.75, 14.44, 13.69, 13.63, 14.5, 1.56, 2.31, 1.81, 2.0, 2.06, 1.12, 5.56, 12.31, 12.94, 11.81, 14.5, 14.94, 14.12, 15.5, 1.81, 2.5, 1.88, 2.12, 2.06, 2.12, 1.25, 6.62, 13.63, 13.56, 15.62, 15.25, 16.12, 5.19, 2.06, 2.69, 1.38, 1.94, 2.31, 2.31, 13.81, 17.19, 16.25, 15.31, 16.25, 0.31, 0.5, 2.31, 0.44, 0.31, 0.31, 2.88, 1.44, 2.0, 2.44, 2.5, 5.12, 17.5, 17.88, 16.38, 17.88, 11.62, 9.69, 0.62, 0.44, 2.56, 3.06, 1.5, 2.06, 2.56, 2.69, 5.44, 18.31, 21.0, 0.94, 0.88, 2.81, 3.25, 1.5, 1.5, 2.06, 2.62, 5.94, 21.06, 1.31, 1.06, 2.94, 1.56, 1.62, 2.75, 2.69, 6.12]

ILAO*:
Tiempo requerido: 1.23
Nodos expandidos: 516

RLAO*:
Tiempo requerido: 0.403
Nodos expandidos: 830

BLAO*:
Tiempo requerido: 0.461
Nodos expandidos: 782

VI:
Tiempo requerido: 0.652
Numero de iteraciones: 163098
-------------------------------------------------------
Problema 7
-------------------------------------------------------
LAO*:
Tiempo requerido: 12.979
Nodos expandidos: 474
Porcentajes del conjunto Z: [0.06, 0.12, 0.12, 0.19, 0.25, 0.19, 0.25, 0.38, 0.38, 0.25, 0.5, 0.56, 0.5, 0.31, 0.56, 0.75, 0.75, 0.62, 0.38, 0.62, 0.88, 1.0, 0.94, 0.75, 0.44, 0.69, 1.19, 1.38, 0.88, 0.5, 0.75, 1.44, 0.94, 1.0, 0.56, 0.81, 0.81, 1.5, 1.81, 1.12, 1.12, 0.12, 0.62, 0.81, 0.81, 1.5, 1.88, 2.0, 0.25, 1.25, 1.19, 0.19, 0.69, 0.88, 0.88, 0.88, 1.88, 1.94, 2.12, 2.19, 1.38, 0.31, 0.75, 0.31, 0.94, 1.0, 1.12, 1.94, 2.38, 2.25, 2.38, 2.38, 1.38, 0.44, 0.81, 0.81, 0.38, 1.0, 1.12, 1.31, 2.19, 2.5, 2.75, 2.56, 2.62, 1.56, 0.56, 0.94, 0.88, 0.44, 1.06, 1.25, 1.5, 2.44, 2.81, 2.94, 3.12, 2.62, 1.56, 1.69, 0.69, 1.06, 0.94, 0.5, 1.12, 1.38, 1.69, 3.06, 3.31, 3.38, 3.12, 2.62, 3.0, 1.81, 0.81, 1.0, 0.94, 1.19, 1.5, 1.88, 1.75, 3.12, 3.62, 3.44, 3.56, 3.06, 3.0, 1.81, 1.81, 0.94, 1.06, 1.06, 1.0, 1.25, 1.62, 2.06, 2.0, 3.62, 3.75, 3.69, 3.44, 3.94, 4.06, 3.12, 3.44, 1.88, 2.0, 1.06, 1.19, 1.12, 1.06, 1.31, 1.75, 2.25, 2.25, 3.94, 4.31, 3.88, 4.38, 4.0, 4.5, 4.19, 3.69, 2.12, 2.12, 0.19, 0.19, 1.19, 1.31, 1.19, 1.12, 1.12, 1.38, 2.44, 2.5, 4.25, 4.69, 4.5, 4.62, 5.0, 4.62, 3.69, 0.38, 2.12, 2.31, 2.25, 0.25, 1.31, 1.44, 1.25, 1.19, 1.25, 1.44, 2.5, 2.75, 4.56, 5.06, 4.94, 5.31, 5.31, 4.62, 3.69, 4.19, 0.44, 2.38, 2.5, 2.38, 0.44, 1.44, 1.56, 1.31, 1.25, 1.38, 0.69, 1.5, 2.88, 4.88, 5.44, 5.38, 5.81, 6.06, 5.38, 4.69, 4.69, 3.69, 4.25, 4.5, 2.62, 2.69, 2.5, 0.62, 1.56, 1.69, 1.31, 1.5, 0.81, 1.56, 1.56, 2.94, 5.12, 5.81, 5.81, 6.31, 6.62, 6.19, 6.12, 4.81, 5.56, 4.31, 4.62, 4.81, 2.88, 2.88, 2.62, 1.69, 0.94, 1.38, 1.62, 1.69, 6.12, 6.25, 6.81, 6.81, 7.0, 6.31, 5.75, 6.25, 4.75, 5.0, 5.12, 3.12, 3.06, 0.75, 1.81, 1.44, 1.75, 6.69, 7.44, 7.0, 7.06, 8.0, 7.56, 7.75, 7.0, 7.31, 5.75, 5.94, 3.94, 0.94, 1.5, 1.88, 6.69, 7.81, 7.5, 8.12, 8.06, 8.69, 8.56, 7.75, 6.12, 5.88, 3.88, 1.12, 1.12, 1.56, 2.62, 1.06, 6.75, 7.88, 7.94, 8.69, 9.19, 8.06, 8.69, 9.56, 8.56, 7.69, 8.19, 6.12, 6.5, 1.31, 1.25, 1.62, 2.81, 6.81, 8.0, 8.12, 9.19, 9.88, 9.25, 9.56, 9.62, 9.62, 9.62, 8.19, 8.25, 6.81, 0.25, 0.31, 0.25, 1.5, 1.38, 1.69, 3.0, 1.19, 8.31, 10.0, 10.81, 10.56, 9.75, 10.75, 10.19, 8.38, 9.0, 0.31, 0.31, 1.69, 1.5, 1.75, 3.12, 1.31, 8.38, 8.38, 10.0, 11.62, 11.88, 10.75, 10.94, 10.44, 9.12, 0.5, 0.56, 1.88, 1.62, 3.25, 1.44, 0.81, 8.5, 8.44, 10.06, 11.62, 12.69, 12.06, 12.06, 10.56, 11.5, 5.62, 0.81, 2.06, 3.62, 1.56, 1.0, 9.19, 11.88, 12.38, 13.5, 13.69, 14.06, 12.5, 10.81, 11.81, 0.88, 2.25, 1.19, 1.69, 13.69, 13.63, 13.88, 15.19, 14.12, 13.63, 11.88, 1.25, 2.44, 1.25, 1.81, 14.19, 15.56, 14.69, 15.94, 15.38, 1.5, 1.31, 2.44, 15.62, 14.69, 15.88, 15.88, 15.31, 1.75, 1.25, 1.38, 2.0, 7.38, 15.62, 14.69, 16.38, 15.88, 18.25, 2.0, 1.44, 1.44, 2.44, 7.5, 16.25, 16.44, 16.5, 18.31, 0.31, 0.44, 0.44, 0.31, 2.25, 1.62, 1.62, 2.62, 18.06, 16.62, 18.94, 0.44, 0.38, 0.38, 2.5, 1.81, 1.81, 3.12, 18.31, 19.06, 0.75, 2.75, 2.0, 2.75, 1.12, 9.25]

ILAO*:
Tiempo requerido: 1.021
Nodos expandidos: 497

RLAO*:
Tiempo requerido: 0.462
Nodos expandidos: 765

BLAO*:
Tiempo requerido: 0.532
Nodos expandidos: 708

VI:
Tiempo requerido: 2.478
Numero de iteraciones: 634803
-------------------------------------------------------
Problema 8
-------------------------------------------------------
LAO*:
Tiempo requerido: 12.837
Nodos expandidos: 466
Porcentajes del conjunto Z: [0.06, 0.12, 0.12, 0.19, 0.25, 0.19, 0.25, 0.38, 0.38, 0.25, 0.31, 0.56, 0.5, 0.31, 0.38, 0.38, 0.62, 0.75, 0.62, 0.38, 0.44, 0.5, 0.88, 0.88, 0.94, 0.75, 0.44, 0.5, 0.62, 1.06, 1.19, 1.12, 1.12, 0.88, 0.5, 0.56, 0.75, 1.25, 1.44, 1.38, 1.31, 1.0, 0.56, 0.12, 0.88, 1.44, 1.69, 1.5, 1.44, 1.62, 1.5, 1.12, 0.12, 0.62, 0.25, 1.62, 1.94, 1.81, 2.12, 1.75, 1.88, 0.25, 1.25, 0.69, 0.38, 2.19, 2.12, 2.5, 2.5, 0.38, 2.06, 1.94, 1.31, 1.38, 0.75, 0.5, 2.25, 2.44, 2.94, 2.88, 0.5, 2.31, 1.5, 1.5, 0.81, 0.62, 2.31, 2.56, 2.5, 3.0, 3.38, 2.94, 0.62, 2.38, 2.56, 1.69, 0.88, 0.75, 2.38, 2.69, 2.69, 3.75, 3.5, 3.5, 0.75, 3.5, 2.69, 2.81, 1.75, 0.94, 0.94, 0.88, 2.44, 2.81, 2.88, 4.0, 4.31, 0.88, 3.69, 4.12, 3.0, 2.94, 2.0, 1.06, 1.0, 1.0, 2.5, 2.94, 3.06, 4.25, 4.62, 4.56, 1.0, 4.38, 4.19, 3.06, 3.19, 3.25, 2.19, 1.19, 1.06, 1.12, 1.12, 2.56, 3.06, 3.25, 4.5, 4.94, 4.94, 5.31, 4.5, 4.94, 3.31, 3.56, 2.38, 1.31, 1.12, 0.19, 0.25, 1.25, 1.19, 2.62, 3.44, 4.75, 5.25, 5.31, 5.75, 5.5, 5.31, 5.25, 3.75, 3.62, 2.44, 2.56, 0.19, 1.44, 1.19, 0.38, 1.38, 2.69, 2.69, 3.5, 5.0, 5.56, 5.69, 6.19, 6.0, 6.38, 5.69, 5.75, 3.88, 4.12, 0.38, 2.69, 2.75, 1.56, 1.25, 0.56, 1.5, 2.75, 2.81, 3.75, 5.12, 5.88, 6.06, 6.62, 6.5, 6.94, 6.81, 6.25, 5.94, 0.56, 4.44, 4.44, 2.94, 2.94, 1.69, 1.31, 0.75, 1.62, 2.81, 2.94, 3.94, 5.44, 6.06, 7.06, 7.0, 7.44, 7.44, 6.5, 6.56, 0.75, 4.81, 4.75, 3.19, 3.12, 1.81, 0.94, 1.75, 3.06, 4.12, 5.69, 6.44, 6.12, 7.12, 7.5, 7.06, 2.38, 7.5, 8.12, 7.75, 7.19, 5.19, 5.19, 3.44, 3.31, 1.12, 1.88, 3.12, 4.31, 5.94, 6.75, 7.75, 7.62, 7.62, 2.5, 8.62, 8.25, 8.5, 7.25, 0.81, 5.5, 3.69, 1.31, 2.0, 4.44, 7.06, 6.81, 7.81, 8.31, 2.62, 7.88, 9.31, 9.44, 8.69, 8.56, 1.0, 7.31, 5.56, 5.81, 2.12, 4.56, 7.19, 7.25, 8.5, 8.62, 9.56, 10.19, 9.94, 8.81, 9.44, 7.38, 5.62, 5.94, 1.19, 2.25, 1.25, 7.62, 7.38, 2.69, 8.56, 10.38, 10.5, 10.75, 10.12, 9.75, 9.56, 7.44, 5.69, 6.06, 0.25, 0.38, 0.38, 1.38, 2.38, 1.38, 7.88, 7.44, 2.81, 8.62, 8.62, 10.44, 11.44, 11.12, 11.0, 11.12, 9.69, 9.06, 6.19, 0.25, 0.5, 1.56, 2.5, 1.44, 8.0, 10.5, 2.94, 8.75, 12.12, 11.44, 12.06, 11.19, 9.75, 11.38, 9.62, 0.5, 0.75, 1.75, 2.62, 3.06, 10.69, 8.81, 12.19, 12.5, 12.19, 11.56, 11.5, 12.0, 1.0, 1.94, 3.19, 10.75, 10.81, 8.88, 12.25, 12.62, 12.56, 12.25, 12.62, 13.38, 12.19, 0.81, 1.25, 2.12, 3.25, 10.94, 11.06, 12.81, 12.75, 12.75, 13.88, 14.5, 14.12, 2.44, 0.88, 1.5, 2.31, 15.0, 13.31, 12.88, 14.06, 13.88, 14.5, 15.25, 2.69, 1.31, 1.75, 2.5, 15.12, 13.63, 14.37, 14.25, 16.38, 15.44, 1.81, 2.69, 15.19, 15.75, 17.19, 14.81, 17.0, 17.56, 5.69, 2.19, 2.94, 1.31, 2.75, 17.31, 17.44, 17.31, 17.94, 9.12, 0.31, 0.5, 0.56, 0.5, 3.12, 1.5, 2.94, 17.38, 17.62, 20.19, 18.56, 0.31, 0.62, 1.69, 3.31, 1.62, 3.12, 17.75, 20.44, 21.31, 0.62, 0.94, 1.94, 3.5, 1.69, 3.5, 20.62, 21.62, 0.69, 1.25, 2.19, 1.75, 3.81, 10.81]

ILAO*:
Tiempo requerido: 1.25
Nodos expandidos: 478

RLAO*:
Tiempo requerido: 0.378
Nodos expandidos: 731

BLAO*:
Tiempo requerido: 0.377
Nodos expandidos: 627

VI:
Tiempo requerido: 0.644
Numero de iteraciones: 161499
-------------------------------------------------------
Problema 9
-------------------------------------------------------
LAO*:
Tiempo requerido: 13.304
Nodos expandidos: 487
Porcentajes del conjunto Z: [0.06, 0.12, 0.12, 0.19, 0.25, 0.19, 0.25, 0.38, 0.38, 0.25, 0.31, 0.5, 0.56, 0.5, 0.31, 0.38, 0.62, 0.75, 0.75, 0.62, 0.38, 0.75, 0.94, 1.0, 0.94, 0.75, 0.44, 1.12, 1.25, 1.25, 0.88, 0.5, 1.19, 1.5, 1.56, 1.31, 0.94, 0.56, 0.12, 1.25, 1.62, 1.88, 1.69, 1.0, 0.12, 0.62, 0.62, 0.25, 1.31, 1.75, 2.06, 2.06, 1.06, 1.25, 0.75, 0.69, 0.38, 1.38, 1.88, 2.25, 2.31, 2.12, 0.25, 1.12, 1.38, 1.44, 0.88, 0.75, 0.5, 1.44, 2.44, 2.56, 2.69, 0.38, 1.5, 1.62, 1.62, 1.0, 0.81, 0.62, 1.5, 2.5, 2.62, 2.75, 3.12, 0.5, 1.81, 1.88, 1.81, 1.12, 0.88, 0.75, 0.62, 1.56, 1.56, 2.56, 2.56, 2.69, 3.44, 3.31, 3.56, 2.19, 2.19, 2.06, 1.31, 1.0, 0.69, 1.62, 1.69, 2.88, 2.69, 3.06, 3.56, 4.0, 3.75, 3.94, 2.5, 2.44, 1.44, 1.06, 0.75, 1.69, 1.81, 3.06, 3.06, 3.25, 4.0, 4.12, 4.44, 4.12, 4.25, 2.75, 2.44, 0.62, 1.5, 1.56, 1.12, 0.81, 0.81, 1.75, 1.94, 3.31, 3.69, 4.25, 4.56, 4.62, 4.88, 4.5, 4.56, 2.81, 2.75, 0.75, 1.69, 1.69, 1.19, 0.19, 0.25, 0.88, 0.94, 0.88, 1.81, 2.06, 2.0, 3.38, 4.0, 4.75, 4.88, 5.12, 5.12, 5.31, 4.88, 4.69, 3.19, 0.25, 0.88, 1.88, 1.25, 0.38, 0.94, 1.06, 1.06, 2.19, 2.19, 3.75, 4.12, 5.12, 5.44, 5.5, 5.69, 5.62, 5.75, 5.06, 5.12, 3.19, 0.31, 1.0, 1.94, 1.94, 1.31, 1.31, 0.56, 1.0, 1.19, 1.25, 2.56, 4.19, 4.75, 5.5, 6.06, 6.31, 6.25, 6.19, 5.56, 5.19, 0.56, 1.12, 2.06, 1.44, 1.38, 0.75, 1.06, 1.5, 4.44, 5.06, 6.0, 6.31, 6.81, 7.0, 6.31, 6.19, 6.19, 5.56, 5.69, 5.19, 0.75, 1.25, 2.12, 2.12, 1.5, 1.56, 0.94, 1.12, 1.62, 1.56, 5.38, 6.38, 6.88, 7.56, 7.12, 6.31, 7.06, 5.75, 5.75, 5.81, 0.94, 1.38, 2.25, 2.56, 1.69, 1.19, 1.75, 1.75, 1.12, 5.44, 7.31, 6.94, 7.62, 7.75, 7.19, 6.38, 7.19, 7.31, 5.88, 6.44, 5.94, 1.5, 2.75, 2.81, 1.25, 1.88, 1.94, 1.25, 5.5, 5.5, 7.38, 7.44, 8.56, 7.88, 7.88, 8.5, 7.31, 7.56, 7.56, 6.62, 6.62, 6.44, 1.62, 3.06, 1.31, 2.0, 2.12, 5.56, 5.62, 7.88, 7.56, 9.12, 8.88, 8.06, 9.25, 9.5, 7.75, 7.88, 8.31, 6.88, 7.19, 6.75, 0.69, 1.75, 2.12, 2.31, 0.88, 5.75, 8.06, 8.12, 9.31, 9.5, 9.12, 9.5, 10.31, 8.12, 8.69, 7.5, 7.56, 0.88, 1.88, 0.25, 2.19, 3.94, 1.0, 8.25, 8.38, 9.94, 9.75, 9.81, 10.62, 10.62, 10.38, 9.0, 8.75, 7.94, 0.31, 1.06, 2.0, 0.5, 4.06, 1.12, 8.62, 10.25, 10.44, 10.12, 11.38, 11.81, 10.75, 9.06, 9.12, 8.81, 7.94, 0.44, 1.25, 2.12, 0.75, 4.12, 1.25, 10.56, 10.81, 10.88, 11.75, 12.62, 12.0, 9.12, 9.25, 9.25, 10.19, 0.75, 1.44, 2.25, 1.0, 4.19, 4.19, 1.38, 11.19, 11.31, 13.19, 13.0, 12.19, 9.44, 9.62, 9.69, 11.19, 1.0, 1.62, 1.25, 4.31, 4.25, 1.5, 11.75, 11.38, 13.44, 13.06, 14.19, 9.69, 9.81, 11.38, 1.25, 1.81, 1.31, 4.44, 4.31, 1.62, 1.5, 12.12, 11.69, 13.94, 14.06, 15.62, 15.0, 10.44, 12.06, 1.38, 4.56, 4.38, 1.75, 1.69, 12.0, 14.81, 15.69, 15.5, 14.81, 11.75, 1.69, 1.44, 1.69, 1.88, 8.25, 1.75, 15.94, 15.12, 15.69, 16.12, 15.88, 16.69, 1.88, 1.94, 2.0, 16.06, 17.5, 16.25, 16.62, 17.81, 2.06, 0.31, 2.0, 2.19, 18.5, 18.12, 16.81, 18.56, 0.38, 1.19, 2.25, 0.62, 2.38, 19.19, 18.75, 18.75, 0.56, 1.44, 2.44, 2.56, 19.88, 20.69, 0.94, 1.69, 2.62, 1.06, 4.38, 2.75]

ILAO*:
Tiempo requerido: 0.863
Nodos expandidos: 509

RLAO*:
Tiempo requerido: 0.402
Nodos expandidos: 737

BLAO*:
Tiempo requerido: 0.421
Nodos expandidos: 681

VI:
Tiempo requerido: 0.657
Numero de iteraciones: 161499
-------------------------------------------------------
Problema 10
-------------------------------------------------------
LAO*:
Tiempo requerido: 12.814
Nodos expandidos: 466
Porcentajes del conjunto Z: [0.06, 0.12, 0.12, 0.19, 0.25, 0.19, 0.25, 0.38, 0.38, 0.25, 0.31, 0.5, 0.56, 0.5, 0.31, 0.38, 0.62, 0.75, 0.75, 0.62, 0.38, 0.44, 0.75, 0.94, 1.0, 0.94, 0.75, 0.44, 0.5, 0.88, 1.25, 1.25, 1.12, 0.88, 0.5, 0.56, 1.0, 0.94, 1.31, 1.56, 1.5, 1.31, 1.0, 0.56, 0.12, 0.62, 1.12, 1.12, 1.69, 1.69, 1.88, 1.75, 1.5, 1.12, 0.62, 0.12, 0.25, 0.69, 1.25, 1.31, 1.94, 2.12, 2.06, 2.19, 2.0, 1.25, 0.25, 0.69, 0.38, 0.75, 1.38, 1.5, 2.19, 2.44, 2.56, 2.44, 2.5, 2.06, 1.31, 1.38, 0.75, 0.5, 0.81, 1.5, 1.69, 2.44, 2.75, 2.94, 3.0, 2.81, 2.62, 2.44, 0.31, 1.5, 1.5, 0.81, 0.62, 0.88, 1.62, 2.69, 3.06, 3.44, 3.0, 3.06, 0.44, 2.69, 1.69, 1.62, 0.88, 0.75, 0.94, 1.75, 1.69, 2.75, 3.38, 3.12, 3.5, 3.5, 0.56, 3.06, 3.5, 3.38, 1.88, 1.75, 0.94, 0.88, 1.0, 1.88, 3.12, 3.5, 3.5, 4.25, 3.62, 4.19, 0.69, 3.62, 3.44, 1.94, 2.06, 1.88, 1.0, 1.0, 1.06, 3.38, 3.94, 3.69, 4.69, 4.44, 4.38, 4.81, 0.81, 3.69, 3.5, 3.94, 2.19, 2.25, 2.0, 1.06, 1.12, 1.12, 1.12, 3.44, 4.19, 4.94, 4.94, 5.25, 0.94, 5.06, 4.94, 4.19, 4.06, 4.25, 2.44, 2.44, 2.12, 1.12, 0.19, 1.25, 0.25, 1.25, 3.75, 3.5, 4.25, 5.5, 5.25, 5.81, 6.0, 1.06, 5.25, 4.81, 4.44, 4.56, 2.62, 2.25, 1.19, 0.19, 0.38, 1.38, 1.31, 3.94, 4.69, 5.62, 5.88, 6.19, 6.62, 1.19, 6.25, 5.31, 4.88, 5.25, 4.81, 4.62, 2.69, 2.81, 2.38, 0.38, 1.25, 0.56, 1.5, 1.38, 4.06, 4.0, 4.75, 6.06, 6.88, 1.31, 7.06, 6.94, 6.38, 6.56, 5.38, 5.69, 4.94, 5.12, 2.94, 3.0, 2.5, 0.75, 1.62, 1.44, 4.19, 4.19, 5.38, 4.81, 6.12, 7.12, 7.81, 1.44, 7.12, 7.69, 7.12, 5.88, 5.88, 5.5, 5.44, 0.38, 3.19, 3.19, 0.94, 1.75, 4.31, 4.38, 5.62, 5.5, 6.75, 1.56, 7.25, 8.12, 7.88, 7.19, 8.5, 8.31, 7.69, 6.12, 6.5, 5.88, 5.75, 0.56, 3.44, 1.12, 1.88, 4.56, 5.88, 5.81, 7.5, 1.69, 7.94, 8.31, 8.25, 8.5, 8.62, 9.19, 8.94, 8.0, 6.81, 6.94, 6.25, 6.06, 1.31, 2.0, 6.12, 6.12, 7.88, 8.75, 1.81, 8.5, 10.0, 9.38, 9.88, 8.75, 0.75, 7.38, 6.62, 1.5, 2.12, 6.44, 8.5, 8.81, 1.88, 8.56, 8.56, 10.06, 10.81, 10.12, 8.81, 8.81, 0.94, 7.44, 7.81, 1.69, 2.25, 8.56, 8.88, 10.19, 1.94, 8.69, 10.81, 10.94, 11.69, 1.12, 8.88, 8.94, 9.81, 7.94, 0.25, 1.88, 0.38, 2.38, 8.62, 10.0, 10.31, 10.38, 2.0, 11.0, 11.75, 1.31, 8.94, 9.06, 10.0, 10.38, 0.25, 0.5, 2.06, 2.5, 10.12, 11.5, 10.56, 12.75, 2.06, 11.06, 11.81, 13.06, 1.5, 9.19, 10.19, 10.62, 0.5, 0.75, 2.25, 11.69, 11.81, 1.44, 13.0, 2.12, 11.12, 11.88, 13.19, 13.38, 1.69, 10.38, 10.88, 0.56, 1.0, 2.44, 2.69, 12.19, 14.44, 13.06, 13.06, 13.31, 13.56, 14.62, 1.88, 11.12, 0.88, 1.25, 14.75, 14.56, 13.12, 2.06, 13.12, 14.56, 13.75, 14.88, 15.44, 1.12, 1.5, 14.94, 14.69, 15.31, 2.25, 14.69, 15.12, 15.75, 1.19, 1.75, 15.12, 17.38, 16.94, 2.44, 14.75, 15.19, 16.06, 1.56, 2.0, 2.25, 19.06, 17.06, 16.69, 16.19, 1.81, 2.44, 19.12, 21.12, 2.0, 17.75, 2.06, 0.5, 0.44, 2.62, 21.19, 22.25, 2.06, 2.25, 0.31, 0.31, 0.56, 2.12, 2.81, 21.25, 22.38, 2.12, 2.56, 0.62, 0.88, 2.44]

ILAO*:
Tiempo requerido: 1.236
Nodos expandidos: 492

RLAO*:
Tiempo requerido: 0.4
Nodos expandidos: 699

BLAO*:
Tiempo requerido: 0.325
Nodos expandidos: 645

VI:
Tiempo requerido: 0.705
Numero de iteraciones: 161499
-------------------------------------------------------
Problema 11
-------------------------------------------------------
LAO*:
Tiempo requerido: 13.54
Nodos expandidos: 476
Porcentajes del conjunto Z: [0.06, 0.12, 0.12, 0.19, 0.25, 0.19, 0.25, 0.38, 0.38, 0.25, 0.31, 0.5, 0.56, 0.5, 0.31, 0.38, 0.62, 0.75, 0.75, 0.62, 0.38, 0.44, 0.75, 0.94, 1.0, 0.94, 0.75, 0.44, 0.88, 1.12, 1.25, 1.25, 1.12, 0.88, 0.5, 0.94, 1.31, 1.5, 1.56, 1.31, 1.0, 0.56, 0.12, 1.0, 1.44, 1.75, 1.88, 1.62, 1.38, 1.5, 1.12, 0.12, 0.62, 0.25, 1.06, 1.56, 1.94, 2.19, 2.0, 2.12, 1.62, 1.69, 0.25, 1.25, 0.69, 0.38, 1.12, 2.12, 2.38, 2.56, 2.44, 0.38, 1.88, 1.88, 1.38, 0.75, 0.5, 1.19, 1.19, 2.19, 2.19, 2.44, 3.0, 2.94, 2.81, 0.5, 2.12, 2.06, 1.5, 0.81, 0.62, 1.25, 1.31, 2.44, 2.31, 3.12, 0.62, 3.19, 2.38, 2.25, 1.62, 0.88, 0.75, 1.38, 1.5, 2.69, 2.69, 2.44, 3.25, 3.25, 3.5, 2.62, 2.44, 0.94, 0.88, 0.56, 1.44, 1.62, 2.88, 2.81, 3.94, 3.38, 3.31, 3.81, 2.88, 2.5, 1.0, 1.0, 0.62, 1.5, 1.75, 3.06, 2.94, 2.88, 4.38, 4.12, 3.5, 3.38, 3.88, 4.12, 3.0, 2.56, 1.06, 1.06, 1.12, 0.69, 1.56, 1.88, 3.19, 3.38, 4.62, 4.31, 3.44, 3.94, 4.25, 4.31, 3.12, 2.88, 1.19, 1.12, 1.25, 1.62, 2.0, 1.94, 3.25, 3.69, 3.44, 4.69, 4.88, 4.38, 3.5, 5.25, 4.38, 4.5, 4.5, 3.06, 0.19, 1.31, 1.19, 1.38, 1.69, 2.12, 2.12, 3.62, 3.81, 3.81, 5.38, 5.0, 1.19, 4.62, 5.38, 5.75, 4.69, 4.75, 4.56, 3.12, 0.38, 1.44, 1.25, 0.44, 1.5, 1.75, 2.25, 2.31, 3.88, 4.25, 4.0, 5.81, 5.75, 1.31, 5.06, 4.69, 6.56, 6.12, 4.88, 5.19, 0.56, 3.19, 1.5, 1.56, 1.31, 0.62, 1.62, 2.31, 2.44, 4.06, 4.5, 4.44, 6.0, 6.19, 5.88, 1.38, 5.44, 6.62, 6.56, 6.12, 6.12, 4.88, 5.25, 0.81, 3.56, 1.69, 1.69, 2.69, 4.38, 4.88, 4.88, 6.62, 1.56, 6.44, 7.56, 6.81, 7.62, 6.31, 6.75, 5.12, 5.75, 3.81, 1.88, 4.62, 5.19, 7.06, 6.69, 1.69, 6.5, 8.56, 7.75, 8.0, 5.19, 5.69, 5.94, 3.94, 1.0, 0.94, 0.62, 5.5, 5.25, 7.12, 7.19, 6.75, 1.81, 6.5, 8.62, 8.75, 8.94, 8.0, 3.38, 5.25, 6.31, 6.0, 6.19, 1.12, 1.12, 0.75, 5.62, 7.88, 7.31, 7.31, 8.06, 8.88, 9.06, 10.19, 9.19, 8.19, 5.31, 6.38, 6.69, 6.31, 1.25, 1.31, 0.88, 8.31, 8.12, 1.62, 7.5, 10.25, 9.12, 10.31, 9.19, 8.12, 5.31, 5.38, 6.44, 6.81, 7.06, 1.38, 1.5, 0.94, 8.62, 8.38, 1.75, 7.56, 10.5, 10.88, 10.75, 10.56, 9.44, 9.5, 9.19, 6.88, 7.31, 7.62, 0.25, 0.25, 1.69, 1.0, 8.94, 1.88, 8.5, 11.0, 10.88, 10.94, 9.62, 10.44, 10.75, 7.44, 7.81, 0.5, 1.31, 0.5, 1.88, 1.06, 1.19, 2.0, 9.12, 8.56, 11.06, 10.94, 11.31, 11.19, 10.62, 12.06, 11.38, 8.0, 0.75, 1.44, 0.75, 2.06, 1.31, 9.19, 12.88, 11.06, 10.94, 11.38, 11.56, 12.19, 12.25, 12.75, 12.06, 1.06, 0.81, 2.12, 1.44, 13.63, 13.0, 12.81, 11.5, 11.75, 12.69, 13.94, 13.06, 13.5, 1.12, 0.88, 2.38, 1.56, 13.81, 14.81, 13.44, 11.94, 12.94, 14.5, 14.81, 13.88, 1.19, 1.38, 2.56, 1.69, 1.56, 15.69, 15.5, 6.81, 14.06, 14.94, 15.56, 15.75, 1.62, 2.75, 1.75, 1.75, 16.5, 16.12, 14.06, 14.94, 15.88, 16.44, 8.31, 5.38, 1.88, 2.94, 1.88, 1.94, 17.06, 16.19, 17.19, 15.94, 16.81, 9.31, 3.0, 2.0, 2.0, 17.56, 20.75, 18.62, 17.31, 0.31, 0.31, 1.75, 3.19, 2.12, 21.94, 19.75, 0.56, 0.38, 0.56, 0.56, 2.0, 3.38, 2.31, 2.06, 22.0, 23.12, 0.94, 0.88, 2.25, 2.38]

ILAO*:
Tiempo requerido: 1.086
Nodos expandidos: 494

RLAO*:
Tiempo requerido: 0.41
Nodos expandidos: 792

BLAO*:
Tiempo requerido: 0.39
Nodos expandidos: 763

VI:
Tiempo requerido: 0.659
Numero de iteraciones: 163098
-------------------------------------------------------
Problema 12
-------------------------------------------------------
LAO*:
Tiempo requerido: 13.356
Nodos expandidos: 486
Porcentajes del conjunto Z: [0.06, 0.12, 0.12, 0.19, 0.25, 0.25, 0.25, 0.31, 0.31, 0.38, 0.38, 0.38, 0.38, 0.5, 0.44, 0.44, 0.5, 0.44, 0.56, 0.62, 0.5, 0.62, 0.62, 1.0, 0.75, 0.56, 0.69, 0.81, 1.25, 1.25, 0.81, 0.62, 0.62, 0.12, 0.75, 1.5, 1.56, 1.38, 0.12, 1.06, 0.75, 0.69, 0.31, 0.81, 1.56, 1.88, 1.75, 1.69, 0.25, 1.25, 0.88, 0.75, 0.44, 0.88, 0.88, 1.62, 2.0, 2.12, 1.94, 0.38, 1.44, 0.81, 0.56, 0.5, 0.94, 1.0, 1.94, 2.12, 2.31, 2.19, 2.0, 2.19, 1.5, 0.88, 0.88, 0.69, 0.56, 1.12, 2.12, 2.5, 2.5, 2.44, 2.88, 2.31, 2.31, 1.75, 1.0, 0.94, 0.81, 0.62, 1.12, 2.25, 2.69, 2.88, 2.62, 3.12, 3.19, 0.44, 2.56, 2.69, 1.94, 1.12, 1.0, 0.94, 0.69, 1.31, 2.5, 3.06, 3.38, 3.25, 3.56, 3.69, 3.56, 2.94, 2.94, 1.25, 1.06, 1.06, 0.75, 0.75, 1.38, 2.62, 3.69, 4.12, 4.06, 4.0, 4.0, 3.25, 3.06, 1.31, 1.38, 1.12, 1.19, 0.81, 0.88, 1.44, 2.75, 2.69, 3.75, 4.62, 4.69, 4.44, 4.5, 3.44, 1.5, 1.19, 0.25, 1.31, 0.88, 1.0, 0.94, 1.5, 2.88, 2.75, 3.81, 4.75, 5.25, 5.12, 5.0, 4.56, 3.5, 3.5, 0.19, 1.56, 1.62, 1.25, 0.38, 1.44, 0.94, 1.12, 1.12, 1.56, 1.56, 2.94, 3.0, 4.44, 4.88, 5.44, 5.75, 5.75, 5.12, 4.62, 3.56, 3.88, 0.38, 1.75, 1.75, 1.31, 0.56, 1.56, 1.0, 1.25, 1.31, 1.62, 1.69, 3.12, 4.75, 5.56, 5.62, 6.0, 6.44, 5.94, 5.25, 5.56, 3.62, 3.94, 4.12, 0.56, 1.94, 1.88, 1.38, 0.75, 1.69, 1.06, 1.38, 2.25, 0.75, 1.69, 1.81, 1.75, 3.19, 4.94, 5.94, 6.38, 6.25, 6.75, 6.69, 6.12, 6.25, 5.69, 4.19, 4.25, 4.38, 2.12, 2.0, 0.94, 1.12, 1.5, 2.44, 0.88, 2.0, 2.19, 2.19, 3.94, 5.31, 7.06, 7.31, 7.25, 7.25, 7.12, 7.31, 6.44, 6.31, 4.56, 4.62, 4.62, 2.31, 1.12, 1.19, 1.94, 1.0, 2.31, 5.88, 7.12, 7.81, 8.19, 7.56, 8.19, 7.5, 7.06, 4.88, 4.81, 1.06, 1.25, 2.06, 2.0, 1.12, 2.38, 5.94, 5.94, 7.19, 7.94, 8.75, 1.62, 8.25, 7.62, 8.69, 8.5, 8.19, 7.06, 4.88, 5.12, 1.19, 1.12, 2.19, 2.19, 2.12, 1.25, 2.44, 6.0, 8.19, 8.06, 8.88, 9.0, 8.81, 9.06, 9.25, 8.25, 7.06, 4.88, 5.19, 1.31, 1.31, 2.38, 2.38, 1.38, 6.56, 6.06, 8.25, 9.12, 8.12, 8.94, 10.25, 9.44, 8.38, 8.19, 5.25, 1.44, 0.31, 0.38, 1.5, 2.44, 2.62, 1.5, 6.62, 8.44, 9.19, 9.19, 9.25, 8.94, 3.06, 10.38, 10.38, 9.5, 9.62, 8.62, 0.25, 1.56, 1.69, 2.5, 2.75, 1.62, 9.25, 9.62, 9.5, 10.56, 9.5, 11.12, 10.44, 10.38, 9.69, 9.62, 8.56, 5.5, 0.5, 1.69, 0.62, 1.88, 2.56, 2.88, 1.75, 10.38, 9.88, 10.81, 10.75, 11.75, 11.44, 10.69, 10.56, 9.88, 9.94, 11.31, 1.81, 0.88, 2.06, 2.62, 3.0, 1.88, 0.81, 10.69, 11.25, 11.06, 13.12, 12.06, 11.69, 10.88, 12.44, 10.25, 12.0, 1.12, 2.12, 4.62, 1.0, 12.62, 13.81, 13.75, 12.44, 12.0, 12.81, 12.75, 12.19, 1.38, 2.31, 1.25, 1.19, 12.69, 13.88, 14.06, 12.69, 13.94, 13.12, 14.75, 1.44, 2.5, 1.38, 15.5, 13.94, 14.12, 14.37, 14.31, 15.19, 1.81, 2.69, 1.44, 1.31, 3.0, 15.69, 14.69, 14.5, 14.44, 14.31, 16.38, 8.5, 2.06, 2.88, 1.5, 1.5, 16.5, 15.12, 14.62, 16.62, 0.38, 0.5, 0.5, 2.31, 3.06, 1.56, 1.56, 1.69, 17.0, 15.31, 14.69, 16.69, 0.31, 0.44, 2.56, 3.25, 1.62, 2.88, 17.25, 15.44, 19.44, 0.69, 0.69, 2.81, 3.44, 1.69, 3.0, 1.81, 17.44, 20.25, 0.75, 1.0, 3.06, 3.81, 2.0]

ILAO*:
Tiempo requerido: 1.488
Nodos expandidos: 496

RLAO*:
Tiempo requerido: 0.471
Nodos expandidos: 787

BLAO*:
Tiempo requerido: 0.355
Nodos expandidos: 683

VI:
Tiempo requerido: 0.659
Numero de iteraciones: 163098
-------------------------------------------------------
Problema 13
-------------------------------------------------------
LAO*:
Tiempo requerido: 13.589
Nodos expandidos: 499
Porcentajes del conjunto Z: [0.06, 0.12, 0.12, 0.19, 0.19, 0.25, 0.25, 0.25, 0.25, 0.31, 0.38, 0.5, 0.38, 0.31, 0.5, 0.69, 0.69, 0.5, 0.38, 0.56, 0.88, 0.88, 0.62, 0.44, 1.0, 0.94, 0.94, 1.06, 0.75, 0.5, 1.06, 1.12, 1.44, 1.19, 1.25, 0.56, 1.12, 1.25, 1.69, 1.75, 1.31, 0.12, 0.12, 0.62, 1.12, 1.31, 1.81, 1.75, 1.31, 0.25, 0.25, 0.69, 0.69, 1.19, 1.44, 2.0, 1.88, 2.12, 0.38, 1.38, 0.38, 0.75, 0.81, 0.75, 1.25, 1.56, 2.12, 1.94, 2.19, 2.25, 0.5, 1.75, 0.5, 0.94, 0.94, 0.81, 0.62, 1.31, 1.69, 1.62, 2.19, 2.25, 2.81, 2.38, 2.69, 2.0, 0.62, 1.12, 1.06, 0.88, 0.69, 1.38, 1.81, 2.38, 3.19, 3.06, 2.88, 3.0, 2.25, 0.75, 1.31, 1.19, 0.94, 0.75, 1.44, 1.88, 1.88, 2.44, 3.38, 3.5, 3.62, 3.25, 3.31, 2.5, 0.88, 1.5, 1.31, 1.0, 0.81, 0.81, 1.5, 1.5, 1.94, 2.0, 3.06, 3.75, 4.06, 4.0, 3.56, 3.56, 2.69, 1.0, 1.75, 1.44, 1.06, 0.88, 0.94, 1.56, 1.62, 2.25, 2.12, 3.25, 3.12, 3.81, 4.5, 4.38, 3.88, 1.12, 1.94, 1.56, 1.12, 0.94, 1.06, 1.0, 1.62, 1.75, 2.44, 2.5, 3.44, 3.38, 4.62, 4.56, 5.0, 4.81, 3.94, 0.19, 0.25, 1.19, 0.19, 2.0, 2.12, 1.69, 1.19, 1.0, 1.19, 1.19, 1.69, 1.88, 2.62, 2.75, 3.88, 3.62, 4.94, 4.69, 4.62, 5.12, 5.5, 4.94, 4.0, 0.38, 0.38, 1.25, 2.25, 2.31, 1.81, 1.25, 1.06, 1.31, 1.38, 1.75, 2.0, 2.81, 3.0, 4.19, 4.12, 5.06, 5.88, 5.25, 5.69, 5.69, 5.06, 4.06, 0.56, 0.56, 1.31, 2.31, 2.5, 2.5, 1.94, 1.31, 1.12, 1.44, 1.56, 2.06, 3.25, 3.5, 4.75, 4.75, 4.44, 5.38, 6.56, 6.81, 5.94, 6.0, 5.94, 5.25, 5.12, 0.75, 0.75, 1.38, 2.62, 2.75, 2.69, 2.06, 1.19, 1.81, 0.94, 2.12, 3.31, 5.06, 5.12, 4.88, 6.25, 6.69, 7.31, 7.5, 6.25, 6.38, 5.5, 0.94, 1.44, 2.94, 2.88, 1.94, 1.88, 1.06, 2.25, 3.62, 3.44, 5.19, 5.38, 6.81, 7.69, 7.5, 8.06, 7.88, 6.31, 6.44, 6.81, 5.88, 1.5, 2.94, 2.06, 1.19, 3.75, 3.75, 5.25, 5.44, 7.31, 8.25, 8.56, 8.31, 8.5, 8.0, 6.38, 6.5, 6.94, 7.25, 5.94, 0.94, 1.56, 3.0, 2.12, 2.12, 1.31, 3.94, 4.0, 5.31, 5.94, 7.44, 9.25, 9.5, 8.75, 8.19, 8.06, 7.12, 7.5, 7.44, 6.56, 1.12, 2.19, 2.25, 1.44, 6.25, 6.06, 7.5, 9.25, 10.19, 9.5, 8.75, 8.88, 9.81, 8.62, 7.62, 8.0, 1.31, 1.19, 2.25, 2.38, 1.56, 6.31, 7.06, 6.12, 7.56, 10.31, 10.25, 9.0, 10.62, 10.5, 8.31, 0.25, 0.38, 0.38, 1.5, 0.25, 1.31, 2.31, 2.5, 1.69, 7.19, 7.19, 8.31, 7.62, 11.12, 10.56, 10.81, 11.38, 10.56, 8.38, 4.12, 0.5, 0.5, 1.69, 1.44, 2.38, 2.62, 7.69, 9.75, 8.62, 11.25, 11.56, 12.5, 11.69, 10.69, 8.5, 0.75, 1.88, 1.56, 10.0, 9.94, 8.69, 11.44, 11.81, 13.69, 13.5, 11.88, 10.88, 12.38, 0.81, 1.0, 1.25, 1.06, 10.25, 10.06, 8.75, 13.88, 13.63, 12.12, 12.5, 1.25, 1.31, 1.25, 10.44, 10.19, 8.81, 13.81, 13.81, 13.56, 13.81, 13.69, 1.31, 1.94, 1.38, 1.44, 10.62, 10.31, 8.88, 13.88, 13.94, 14.94, 13.94, 15.56, 8.06, 2.12, 1.44, 2.38, 10.81, 10.44, 16.0, 14.12, 15.19, 15.44, 15.81, 1.19, 2.19, 1.5, 2.56, 11.0, 17.62, 16.25, 15.38, 15.69, 17.31, 1.44, 2.44, 1.56, 2.75, 1.62, 18.25, 17.94, 17.56, 15.94, 17.62, 0.31, 0.5, 0.56, 0.5, 1.69, 2.62, 0.31, 1.62, 3.25, 1.81, 18.62, 19.31, 18.19, 17.94, 0.62, 1.94, 2.81, 3.44, 1.88, 20.06, 20.0, 20.25, 12.31, 0.69, 0.81, 2.19, 3.0, 3.5, 1.94, 17.31, 18.62, 12.19, 1.19, 1.12, 2.25, 1.5]

ILAO*:
Tiempo requerido: 1.513
Nodos expandidos: 522

RLAO*:
Tiempo requerido: 0.389
Nodos expandidos: 839

BLAO*:
Tiempo requerido: 0.531
Nodos expandidos: 841

VI:
Tiempo requerido: 3.073
Numero de iteraciones: 791505
-------------------------------------------------------
Problema 14
-------------------------------------------------------
LAO*:
Tiempo requerido: 13.757
Nodos expandidos: 485
Porcentajes del conjunto Z: [0.06, 0.12, 0.12, 0.19, 0.25, 0.19, 0.25, 0.38, 0.38, 0.25, 0.31, 0.5, 0.56, 0.5, 0.31, 0.38, 0.62, 0.75, 0.75, 0.62, 0.38, 0.44, 0.75, 1.0, 0.94, 0.75, 0.44, 0.5, 0.88, 0.81, 1.06, 1.25, 1.12, 0.88, 0.5, 1.0, 1.0, 1.44, 1.38, 1.5, 1.31, 1.0, 0.56, 0.12, 1.06, 1.19, 1.81, 1.69, 1.75, 1.5, 1.12, 0.12, 0.62, 0.25, 1.12, 1.31, 1.25, 1.88, 2.19, 2.0, 2.0, 1.69, 1.25, 0.69, 0.38, 1.19, 1.44, 1.44, 2.38, 2.31, 2.31, 2.25, 0.25, 1.88, 1.38, 0.81, 0.5, 1.25, 1.62, 2.88, 2.38, 0.38, 2.62, 2.5, 0.88, 0.62, 1.31, 1.31, 1.69, 1.69, 2.94, 3.0, 2.44, 0.5, 2.94, 2.56, 0.94, 0.94, 0.75, 1.38, 1.44, 1.94, 1.81, 3.44, 3.12, 3.12, 0.62, 2.5, 3.0, 3.06, 2.62, 1.0, 1.06, 1.0, 0.88, 1.44, 1.56, 2.12, 2.12, 3.62, 3.69, 3.31, 3.25, 0.75, 3.88, 3.19, 3.19, 3.06, 1.19, 1.19, 1.06, 1.0, 1.5, 1.69, 2.31, 2.38, 4.0, 3.94, 3.94, 4.69, 4.12, 3.38, 3.69, 3.31, 1.38, 1.31, 1.12, 1.12, 1.56, 1.81, 2.5, 2.62, 4.31, 4.38, 4.25, 4.0, 4.75, 5.0, 4.38, 4.0, 3.56, 1.56, 1.5, 1.19, 0.19, 0.25, 1.25, 1.62, 1.94, 2.69, 2.88, 4.62, 4.75, 4.75, 4.38, 5.69, 5.12, 4.44, 4.06, 4.31, 0.19, 1.62, 1.25, 0.38, 1.44, 1.69, 2.06, 2.88, 3.19, 4.94, 5.12, 5.19, 4.94, 1.19, 6.12, 6.12, 5.19, 4.5, 5.38, 4.44, 0.25, 1.69, 1.75, 1.31, 0.56, 1.56, 1.75, 2.19, 5.31, 5.5, 5.62, 5.44, 6.75, 1.31, 6.62, 6.25, 5.62, 5.5, 5.81, 4.5, 0.5, 1.75, 1.88, 1.88, 1.38, 0.75, 1.69, 2.31, 2.25, 5.38, 5.94, 6.06, 5.94, 7.31, 1.44, 7.31, 6.81, 6.75, 6.0, 5.94, 0.69, 4.56, 1.81, 2.0, 2.06, 2.0, 0.94, 1.81, 2.44, 2.31, 5.44, 6.06, 6.44, 7.88, 1.56, 7.94, 7.56, 7.38, 6.81, 6.06, 6.19, 6.06, 0.88, 5.25, 2.12, 2.25, 2.25, 1.12, 1.94, 2.56, 6.0, 6.19, 6.12, 6.5, 8.44, 1.69, 8.56, 8.12, 7.44, 8.38, 1.06, 6.25, 6.31, 6.75, 5.56, 3.06, 2.44, 2.5, 1.31, 2.06, 6.31, 6.81, 6.31, 7.19, 1.81, 8.56, 9.19, 8.62, 8.31, 8.44, 9.25, 8.81, 1.25, 6.62, 7.25, 7.31, 6.06, 2.75, 1.5, 7.19, 7.0, 1.94, 7.44, 9.31, 9.38, 9.31, 9.69, 8.56, 10.19, 9.62, 9.12, 1.31, 7.5, 7.75, 7.75, 6.44, 1.69, 7.44, 8.19, 2.06, 9.62, 10.19, 9.56, 10.44, 10.0, 10.38, 10.62, 10.0, 10.0, 1.38, 8.0, 8.19, 8.12, 1.25, 0.25, 0.38, 1.88, 0.38, 8.69, 10.44, 10.56, 10.44, 10.75, 10.81, 11.88, 10.88, 11.06, 10.94, 10.56, 1.44, 1.44, 8.5, 8.62, 0.25, 1.38, 0.5, 2.12, 11.0, 1.75, 11.44, 10.88, 11.69, 12.75, 12.56, 11.38, 12.06, 1.31, 11.56, 11.19, 1.5, 9.0, 0.38, 1.5, 0.75, 2.31, 1.88, 12.06, 11.81, 11.75, 13.12, 12.44, 2.56, 11.75, 0.69, 1.75, 1.62, 1.0, 2.5, 12.5, 12.5, 11.81, 13.12, 14.25, 2.75, 12.0, 0.94, 5.38, 1.25, 2.56, 12.62, 11.88, 11.88, 14.56, 14.5, 12.25, 1.19, 1.5, 2.0, 12.69, 14.12, 12.0, 11.94, 2.0, 14.62, 14.69, 14.56, 12.31, 1.44, 1.75, 2.19, 14.25, 14.31, 16.94, 2.19, 14.81, 16.75, 1.69, 2.0, 2.25, 14.5, 14.56, 2.38, 17.0, 17.0, 14.88, 17.06, 1.81, 2.25, 2.44, 19.75, 2.56, 17.12, 17.38, 17.19, 2.0, 0.31, 0.5, 2.5, 0.56, 2.62, 19.81, 19.94, 2.62, 17.56, 19.75, 2.19, 0.31, 0.62, 2.81, 2.81, 2.88, 20.06, 20.44, 20.0, 2.38, 0.5, 0.94, 3.06, 3.0, 3.06, 20.62, 22.94, 0.88, 1.25, 3.31]

ILAO*:
Tiempo requerido: 1.196
Nodos expandidos: 507

RLAO*:
Tiempo requerido: 0.385
Nodos expandidos: 788

BLAO*:
Tiempo requerido: 0.401
Nodos expandidos: 735

VI:
Tiempo requerido: 0.653
Numero de iteraciones: 161499
-------------------------------------------------------
Problema 15
-------------------------------------------------------
LAO*:
Tiempo requerido: 12.523
Nodos expandidos: 478
Porcentajes del conjunto Z: [0.06, 0.12, 0.12, 0.19, 0.25, 0.19, 0.25, 0.38, 0.38, 0.25, 0.31, 0.5, 0.56, 0.5, 0.31, 0.38, 0.62, 0.75, 0.62, 0.38, 0.44, 0.75, 0.94, 0.81, 0.69, 0.75, 0.44, 0.5, 0.88, 1.12, 1.06, 1.19, 0.94, 0.88, 0.5, 1.0, 1.31, 1.31, 1.12, 1.0, 0.56, 1.06, 1.5, 1.56, 1.38, 1.19, 1.31, 1.12, 0.12, 0.62, 0.12, 1.12, 1.62, 1.69, 1.44, 1.44, 1.5, 1.25, 0.25, 0.25, 0.69, 1.19, 1.75, 1.69, 1.75, 1.81, 1.5, 0.38, 1.5, 1.69, 1.69, 1.38, 0.38, 0.75, 1.25, 1.88, 1.88, 2.19, 2.0, 0.5, 1.81, 1.94, 1.88, 1.5, 0.5, 0.81, 1.31, 2.0, 2.06, 2.44, 2.06, 0.62, 1.88, 2.12, 2.19, 2.06, 1.62, 0.62, 0.88, 1.44, 2.19, 2.31, 2.75, 2.56, 2.19, 2.19, 1.94, 2.25, 2.44, 2.44, 1.75, 0.75, 0.94, 1.5, 2.31, 2.5, 3.0, 2.88, 3.0, 2.31, 0.56, 2.38, 2.62, 2.75, 2.56, 1.81, 1.88, 0.88, 1.0, 1.56, 2.44, 2.69, 3.19, 3.38, 3.19, 0.69, 2.38, 2.44, 2.81, 2.94, 2.0, 2.0, 1.0, 1.12, 1.62, 2.56, 2.88, 3.25, 3.75, 3.31, 0.75, 4.56, 2.94, 3.06, 3.25, 2.25, 2.19, 1.19, 1.69, 2.69, 2.94, 3.31, 3.88, 3.81, 3.38, 5.56, 0.81, 3.0, 3.0, 3.38, 3.5, 2.44, 2.31, 0.25, 0.75, 1.25, 0.19, 1.75, 2.81, 2.75, 4.0, 4.0, 4.25, 5.69, 5.62, 1.25, 0.88, 1.62, 3.06, 3.12, 3.06, 3.44, 3.69, 2.62, 0.88, 1.31, 1.81, 2.94, 2.94, 2.81, 4.06, 4.06, 4.12, 6.69, 1.38, 5.88, 6.38, 0.94, 0.44, 3.25, 3.25, 4.31, 3.75, 2.69, 2.69, 0.44, 1.38, 1.81, 3.0, 3.06, 3.0, 4.44, 4.12, 4.94, 4.12, 6.69, 6.81, 1.44, 6.56, 6.56, 0.94, 0.69, 3.44, 4.38, 3.81, 4.25, 2.81, 2.94, 0.62, 0.94, 3.19, 3.31, 3.31, 4.81, 4.69, 5.19, 5.12, 1.62, 7.12, 7.0, 7.69, 6.94, 6.88, 1.06, 3.5, 4.44, 4.88, 4.38, 4.44, 3.12, 0.81, 1.06, 3.5, 3.56, 5.12, 5.06, 5.75, 5.38, 8.12, 1.75, 7.44, 7.88, 8.06, 7.25, 7.0, 1.12, 4.94, 5.0, 5.5, 4.62, 4.81, 1.0, 1.19, 3.81, 5.44, 5.44, 6.19, 6.0, 8.44, 8.5, 1.88, 8.31, 8.44, 8.5, 1.56, 0.62, 5.69, 5.69, 5.81, 5.06, 1.25, 6.12, 6.19, 7.0, 6.88, 9.5, 8.94, 8.38, 8.75, 8.5, 1.62, 0.81, 6.44, 6.06, 6.31, 6.56, 7.44, 7.38, 10.06, 9.56, 2.06, 9.0, 10.38, 8.88, 8.56, 1.69, 0.94, 6.5, 6.88, 6.62, 1.25, 7.88, 7.88, 10.62, 10.19, 2.94, 10.12, 10.5, 10.44, 9.12, 9.19, 8.81, 1.12, 6.56, 7.0, 7.44, 3.12, 0.31, 0.38, 0.81, 1.38, 0.25, 8.38, 11.19, 10.81, 3.06, 10.81, 11.75, 10.69, 11.19, 9.38, 9.38, 12.06, 1.31, 7.19, 7.69, 1.0, 1.5, 0.31, 11.75, 11.44, 3.19, 11.5, 12.5, 11.94, 11.44, 11.44, 9.56, 12.62, 12.69, 1.5, 0.69, 7.94, 0.5, 1.06, 12.0, 3.25, 13.19, 12.69, 12.69, 11.69, 11.62, 12.81, 13.25, 13.44, 1.0, 0.75, 1.31, 12.12, 13.31, 13.56, 13.63, 12.06, 15.06, 13.44, 14.0, 1.44, 1.0, 1.5, 14.69, 13.69, 13.69, 12.12, 15.5, 15.88, 14.37, 1.62, 1.25, 1.69, 15.12, 13.75, 13.75, 15.62, 16.38, 16.88, 1.75, 0.69, 0.69, 1.5, 1.75, 15.25, 14.81, 13.81, 15.69, 17.44, 1.88, 0.94, 1.81, 16.38, 14.94, 18.12, 15.75, 17.5, 2.0, 1.12, 2.12, 16.56, 19.31, 18.25, 17.75, 11.88, 2.06, 1.38, 0.38, 0.5, 0.5, 0.88, 2.31, 0.88, 0.31, 21.06, 19.56, 20.38, 2.12, 1.62, 0.44, 1.12, 2.5, 0.44, 21.31, 3.25, 21.75, 2.19, 1.88, 0.88, 0.56, 0.88, 1.25]

ILAO*:
Tiempo requerido: 1.12
Nodos expandidos: 496

RLAO*:
Tiempo requerido: 0.386
Nodos expandidos: 839

BLAO*:
Tiempo requerido: 0.422
Nodos expandidos: 833

VI:
Tiempo requerido: 0.649
Numero de iteraciones: 163098
-------------------------------------------------------
Problema 16
-------------------------------------------------------
LAO*:
Tiempo requerido: 12.115
Nodos expandidos: 461
Porcentajes del conjunto Z: [0.06, 0.12, 0.12, 0.19, 0.25, 0.19, 0.25, 0.38, 0.25, 0.31, 0.5, 0.44, 0.31, 0.38, 0.62, 0.62, 0.5, 0.38, 0.38, 0.44, 0.75, 0.81, 0.75, 0.81, 0.5, 0.44, 0.5, 0.88, 1.0, 1.0, 1.12, 1.0, 0.62, 0.5, 0.56, 1.0, 1.19, 1.25, 1.38, 1.19, 0.75, 0.56, 0.12, 0.62, 1.12, 1.5, 1.31, 1.44, 1.62, 1.38, 0.88, 0.62, 0.12, 0.25, 0.69, 1.25, 1.19, 1.56, 1.62, 2.06, 1.75, 1.88, 1.56, 0.25, 1.0, 0.69, 0.38, 0.75, 1.38, 1.38, 1.94, 1.75, 2.44, 2.44, 2.06, 2.12, 1.75, 0.38, 1.12, 0.75, 1.56, 2.19, 2.19, 2.62, 2.88, 2.81, 2.38, 2.38, 0.5, 1.94, 0.81, 1.62, 2.44, 2.5, 2.94, 2.94, 3.12, 3.0, 0.62, 2.5, 1.81, 0.38, 0.88, 0.88, 1.69, 2.56, 3.5, 3.69, 3.62, 3.75, 3.56, 0.75, 2.75, 2.06, 1.0, 0.94, 1.75, 2.69, 2.62, 3.56, 4.12, 4.19, 4.06, 4.12, 0.88, 3.62, 3.06, 2.06, 0.5, 1.12, 1.0, 1.81, 2.81, 2.81, 4.69, 4.69, 1.0, 4.5, 4.25, 4.0, 3.12, 2.06, 0.62, 1.19, 1.25, 1.06, 1.88, 2.94, 3.0, 2.88, 4.75, 5.25, 5.19, 1.12, 4.69, 4.69, 4.12, 3.19, 2.56, 0.75, 1.38, 1.38, 1.12, 0.25, 1.94, 3.06, 3.12, 2.94, 5.38, 5.81, 1.25, 5.44, 5.19, 4.88, 4.25, 2.75, 0.88, 1.56, 1.5, 1.19, 0.19, 0.31, 2.0, 3.19, 3.12, 3.19, 3.25, 3.0, 1.38, 5.44, 6.0, 6.19, 6.0, 5.44, 5.06, 4.25, 2.75, 2.94, 1.0, 1.75, 1.62, 1.25, 0.5, 1.5, 3.31, 3.31, 3.56, 3.38, 3.38, 6.31, 6.12, 6.44, 6.38, 5.75, 5.19, 5.12, 3.0, 3.12, 0.44, 1.12, 1.94, 1.75, 1.56, 3.38, 3.81, 3.81, 3.56, 6.75, 7.06, 6.62, 6.5, 6.44, 6.75, 5.94, 6.06, 5.44, 0.62, 3.25, 3.31, 1.25, 2.12, 1.62, 3.44, 3.44, 3.88, 4.12, 4.06, 6.81, 7.38, 7.44, 6.56, 7.38, 6.69, 6.81, 6.69, 6.38, 5.56, 0.81, 3.31, 3.31, 0.44, 1.38, 1.69, 1.69, 3.56, 4.19, 4.25, 4.44, 7.38, 7.69, 8.0, 7.62, 1.75, 7.69, 7.94, 6.75, 5.88, 1.0, 3.56, 0.5, 1.5, 1.75, 1.81, 1.81, 4.5, 4.75, 4.75, 7.94, 8.44, 8.5, 8.38, 8.88, 8.31, 8.0, 6.75, 7.12, 1.19, 6.19, 0.75, 1.62, 1.81, 1.94, 5.0, 5.19, 9.12, 9.38, 9.0, 9.88, 9.75, 8.62, 8.25, 1.38, 6.94, 7.38, 7.69, 1.75, 1.88, 2.06, 2.0, 5.5, 5.25, 9.19, 9.94, 10.62, 9.94, 8.75, 8.31, 1.56, 6.94, 7.44, 7.81, 0.81, 1.88, 0.31, 0.38, 1.94, 2.19, 2.19, 5.56, 9.88, 10.0, 9.94, 10.62, 10.81, 3.06, 8.88, 10.25, 1.75, 7.5, 7.94, 1.0, 2.0, 0.25, 0.38, 2.0, 2.38, 10.94, 11.5, 10.88, 11.12, 11.06, 1.94, 8.94, 10.88, 10.88, 8.06, 1.19, 2.12, 0.31, 0.62, 2.06, 2.12, 12.0, 10.94, 11.25, 11.25, 11.38, 12.0, 0.69, 1.38, 0.69, 2.12, 2.25, 12.06, 12.69, 13.06, 13.12, 13.0, 11.38, 11.38, 12.0, 0.94, 1.56, 1.0, 6.5, 2.38, 13.88, 14.31, 14.44, 14.37, 16.88, 11.44, 12.81, 1.75, 1.12, 2.62, 13.94, 14.44, 14.62, 14.62, 17.12, 12.94, 1.06, 1.94, 1.38, 2.88, 14.56, 14.81, 14.88, 17.12, 12.94, 1.31, 2.12, 1.44, 3.19, 15.0, 14.94, 17.06, 18.81, 8.31, 1.56, 7.0, 2.31, 3.62, 15.06, 15.0, 17.56, 18.81, 10.38, 2.5, 0.38, 0.5, 0.5, 4.19, 15.5, 18.0, 19.75, 1.81, 1.06, 2.69, 0.31, 0.44, 0.69, 18.56, 19.88, 13.81, 2.06, 1.31, 2.88, 0.75, 2.31]

ILAO*:
Tiempo requerido: 1.236
Nodos expandidos: 483

RLAO*:
Tiempo requerido: 0.421
Nodos expandidos: 666

BLAO*:
Tiempo requerido: 0.524
Nodos expandidos: 586

VI:
Tiempo requerido: 0.652
Numero de iteraciones: 163098
-------------------------------------------------------
Problema 17
-------------------------------------------------------
LAO*:
Tiempo requerido: 11.577
Nodos expandidos: 453
Porcentajes del conjunto Z: [0.06, 0.12, 0.12, 0.19, 0.25, 0.19, 0.25, 0.38, 0.25, 0.31, 0.44, 0.31, 0.31, 0.38, 0.38, 0.5, 0.69, 0.44, 0.38, 0.44, 0.5, 0.75, 0.81, 0.88, 0.56, 0.44, 0.5, 0.62, 0.94, 1.12, 1.06, 0.69, 0.5, 0.56, 0.75, 1.12, 1.38, 1.44, 1.12, 0.75, 0.81, 0.56, 0.12, 0.62, 1.31, 1.62, 1.75, 1.56, 1.5, 0.94, 0.62, 0.12, 0.25, 0.69, 0.69, 1.88, 2.06, 1.94, 2.0, 1.56, 0.25, 1.0, 1.06, 0.69, 0.38, 0.75, 0.81, 0.75, 1.94, 2.31, 2.44, 2.12, 0.38, 1.19, 1.19, 0.75, 0.81, 0.94, 0.94, 2.25, 2.0, 2.38, 2.88, 2.62, 2.19, 1.25, 1.38, 0.81, 0.88, 1.06, 1.12, 2.5, 2.38, 2.75, 2.94, 3.06, 2.69, 0.38, 1.44, 1.38, 0.38, 0.88, 0.88, 0.94, 1.19, 1.31, 2.75, 3.19, 3.38, 3.19, 3.19, 2.69, 0.5, 1.44, 1.5, 1.56, 0.5, 0.94, 1.0, 1.31, 1.5, 3.0, 2.81, 3.25, 3.81, 3.69, 3.38, 3.25, 0.62, 3.56, 1.56, 1.56, 0.62, 1.0, 1.0, 1.06, 1.44, 1.69, 3.25, 3.12, 3.94, 4.12, 4.44, 0.75, 3.75, 4.44, 4.0, 1.81, 2.0, 1.12, 1.06, 1.12, 1.56, 3.5, 3.44, 4.31, 4.81, 4.62, 4.5, 0.88, 3.81, 4.75, 4.69, 4.0, 1.81, 2.06, 2.12, 0.62, 1.25, 1.12, 0.19, 0.25, 1.19, 1.69, 1.62, 3.56, 3.81, 4.69, 5.25, 5.44, 1.0, 4.81, 5.06, 4.75, 4.44, 2.12, 2.25, 2.25, 0.75, 1.38, 1.19, 0.19, 0.38, 1.81, 1.81, 5.12, 5.69, 5.94, 5.5, 1.12, 4.81, 5.19, 5.19, 5.25, 4.81, 0.38, 2.38, 2.44, 2.38, 0.88, 1.5, 1.25, 0.56, 1.88, 2.0, 1.88, 5.19, 6.19, 6.44, 5.56, 1.25, 4.88, 5.31, 5.44, 5.75, 5.12, 0.56, 2.62, 2.62, 2.5, 1.0, 1.62, 2.12, 2.12, 1.94, 5.25, 6.31, 7.0, 6.5, 5.62, 7.19, 5.44, 5.62, 6.0, 5.75, 5.12, 5.44, 2.88, 2.81, 2.62, 1.12, 2.31, 2.25, 5.88, 6.38, 7.12, 7.06, 6.69, 0.94, 7.25, 7.75, 5.75, 6.19, 6.06, 6.56, 5.44, 0.44, 3.06, 2.94, 0.44, 1.25, 2.5, 6.25, 7.06, 7.25, 7.25, 7.31, 8.38, 7.88, 6.38, 6.31, 6.88, 6.94, 5.38, 0.62, 3.25, 0.62, 1.38, 6.56, 7.75, 8.0, 1.06, 7.44, 7.56, 9.06, 7.88, 6.38, 6.56, 7.12, 7.31, 6.94, 0.81, 5.31, 3.19, 0.81, 1.5, 8.81, 8.31, 1.19, 7.88, 9.44, 9.12, 7.94, 9.06, 6.69, 7.5, 7.69, 7.44, 7.0, 6.31, 0.88, 1.62, 9.19, 8.81, 1.31, 9.81, 9.56, 10.0, 9.19, 9.44, 0.94, 7.69, 8.12, 7.62, 8.06, 1.12, 1.75, 0.25, 0.38, 0.38, 9.75, 1.44, 10.88, 10.06, 10.56, 11.5, 9.81, 10.94, 1.12, 8.62, 8.12, 9.25, 1.31, 0.25, 0.5, 9.81, 11.81, 1.5, 11.06, 11.0, 12.06, 10.94, 1.31, 8.62, 9.12, 9.25, 0.5, 1.5, 1.31, 0.75, 11.81, 12.0, 11.94, 5.44, 11.0, 1.5, 10.44, 0.75, 1.69, 0.81, 12.69, 12.56, 5.94, 12.62, 12.62, 11.5, 11.5, 1.56, 10.94, 0.81, 1.06, 12.75, 12.38, 12.44, 14.25, 1.81, 10.62, 1.12, 1.31, 1.31, 12.81, 12.44, 12.56, 14.37, 14.25, 1.88, 10.62, 1.38, 1.5, 1.56, 15.5, 2.12, 14.5, 14.44, 14.25, 10.62, 1.62, 1.69, 1.69, 15.88, 2.31, 15.06, 15.19, 15.06, 17.69, 1.69, 1.94, 17.81, 2.5, 14.81, 17.44, 2.06, 1.81, 0.31, 2.19, 0.56, 0.5, 18.12, 14.88, 17.5, 2.31, 1.88, 0.31, 0.62, 2.44, 18.25, 1.56, 17.94, 2.56, 0.62, 2.12, 0.94, 2.69]

ILAO*:
Tiempo requerido: 1.053
Nodos expandidos: 469

RLAO*:
Tiempo requerido: 0.306
Nodos expandidos: 781

BLAO*:
Tiempo requerido: 0.36
Nodos expandidos: 674

VI:
Tiempo requerido: 0.651
Numero de iteraciones: 163098
-------------------------------------------------------
Problema 18
-------------------------------------------------------
LAO*:
Tiempo requerido: 12.306
Nodos expandidos: 471
Porcentajes del conjunto Z: [0.06, 0.12, 0.12, 0.19, 0.25, 0.19, 0.38, 0.38, 0.25, 0.44, 0.56, 0.5, 0.31, 0.5, 0.69, 0.75, 0.62, 0.38, 0.56, 0.81, 0.94, 0.94, 0.75, 0.44, 0.62, 0.94, 1.12, 1.19, 1.12, 0.5, 0.69, 1.06, 1.31, 1.44, 1.44, 1.19, 0.56, 0.75, 1.19, 1.5, 1.69, 1.75, 1.56, 1.25, 0.12, 0.62, 0.62, 0.12, 0.81, 1.31, 1.69, 1.94, 2.06, 1.94, 1.69, 1.56, 0.75, 0.69, 0.88, 1.44, 1.88, 2.19, 2.38, 2.31, 2.12, 2.06, 1.75, 0.25, 0.25, 0.88, 0.75, 0.94, 1.56, 2.06, 2.44, 2.69, 2.69, 2.56, 2.56, 2.31, 1.94, 0.31, 0.38, 1.0, 0.81, 1.0, 1.69, 2.25, 2.69, 3.0, 3.06, 3.0, 3.06, 2.88, 2.12, 0.38, 0.5, 1.12, 0.88, 1.06, 1.81, 2.44, 2.94, 3.31, 3.44, 3.56, 3.44, 2.94, 0.56, 2.19, 2.31, 0.44, 0.62, 0.94, 1.12, 1.94, 2.62, 3.19, 3.81, 3.56, 3.5, 0.69, 3.38, 2.38, 2.31, 0.5, 0.75, 1.0, 1.0, 1.19, 2.06, 2.81, 3.44, 3.25, 3.88, 3.56, 3.56, 0.81, 4.0, 3.62, 2.44, 0.56, 0.88, 1.12, 1.06, 2.19, 3.0, 3.69, 3.56, 3.31, 4.81, 1.31, 3.62, 4.06, 4.38, 3.81, 2.5, 1.0, 1.19, 1.12, 2.25, 3.94, 3.88, 3.69, 3.38, 4.88, 4.88, 1.44, 3.69, 4.81, 4.5, 4.62, 3.94, 2.94, 0.25, 1.12, 1.25, 1.19, 1.19, 0.19, 2.31, 2.31, 4.0, 4.06, 3.81, 5.62, 5.0, 5.12, 1.56, 4.94, 5.31, 4.81, 4.44, 3.06, 1.25, 1.5, 1.31, 1.25, 0.25, 2.38, 4.31, 4.12, 4.25, 6.12, 5.88, 1.69, 5.31, 6.44, 5.5, 5.38, 5.38, 3.38, 0.5, 0.31, 1.38, 1.69, 1.44, 2.44, 2.44, 4.38, 4.19, 4.38, 6.25, 1.81, 6.69, 7.06, 5.62, 5.44, 5.44, 5.44, 3.44, 3.62, 0.62, 0.5, 1.5, 1.88, 2.56, 2.5, 4.44, 4.94, 4.5, 4.44, 1.94, 6.31, 7.69, 7.38, 7.25, 5.75, 6.5, 5.5, 5.94, 3.81, 0.69, 1.62, 2.62, 2.69, 4.75, 5.06, 5.31, 4.62, 4.5, 2.06, 6.38, 7.81, 8.44, 7.62, 7.44, 6.88, 6.69, 6.12, 6.0, 3.88, 0.5, 0.88, 1.75, 2.81, 5.0, 5.44, 5.5, 5.5, 2.19, 4.75, 7.56, 7.94, 8.62, 8.75, 8.62, 7.12, 7.38, 6.25, 6.62, 0.62, 1.06, 1.88, 5.19, 5.75, 5.94, 5.75, 5.69, 2.31, 7.88, 9.19, 8.81, 9.0, 8.81, 8.69, 8.94, 7.88, 7.5, 6.88, 0.75, 2.0, 6.0, 6.31, 6.25, 6.0, 8.88, 2.38, 9.56, 10.12, 9.25, 9.12, 10.31, 8.12, 8.25, 0.81, 1.06, 2.12, 6.62, 6.69, 6.56, 9.25, 10.62, 2.44, 10.62, 10.75, 10.44, 8.31, 9.06, 0.88, 0.31, 0.38, 1.25, 0.25, 7.06, 7.06, 2.38, 11.06, 2.5, 10.69, 10.69, 10.81, 10.88, 10.5, 1.62, 8.38, 9.19, 0.94, 1.44, 1.31, 0.38, 7.5, 7.12, 2.5, 11.12, 2.56, 10.75, 10.81, 12.56, 11.0, 11.0, 12.0, 2.19, 9.31, 0.69, 0.38, 0.38, 1.62, 7.62, 12.44, 2.62, 11.31, 2.62, 10.94, 11.06, 12.94, 12.94, 11.31, 12.69, 13.12, 2.38, 0.88, 0.62, 12.88, 12.44, 4.12, 12.88, 13.06, 13.0, 2.56, 12.75, 13.56, 0.94, 0.88, 1.69, 13.25, 14.37, 12.94, 4.56, 13.19, 13.44, 2.75, 13.88, 1.19, 1.12, 1.88, 15.12, 14.56, 13.06, 2.94, 13.25, 13.56, 13.5, 13.94, 1.38, 1.38, 2.06, 15.31, 14.69, 3.12, 13.69, 13.69, 16.31, 1.56, 1.44, 2.25, 15.5, 14.75, 3.25, 13.75, 13.88, 16.56, 1.69, 1.81, 2.44, 15.62, 17.81, 3.44, 14.0, 16.81, 0.38, 0.5, 2.06, 2.5, 0.31, 18.75, 18.12, 3.62, 17.0, 1.0, 0.44, 2.31, 2.75, 19.19, 21.31, 3.81, 1.06, 0.69, 0.56, 0.44, 2.56]

ILAO*:
Tiempo requerido: 0.855
Nodos expandidos: 489

RLAO*:
Tiempo requerido: 0.397
Nodos expandidos: 680

BLAO*:
Tiempo requerido: 0.365
Nodos expandidos: 741

VI:
Tiempo requerido: 0.65
Numero de iteraciones: 163098
-------------------------------------------------------
Problema 19
-------------------------------------------------------
LAO*:
Tiempo requerido: 12.709
Nodos expandidos: 469
Porcentajes del conjunto Z: [0.06, 0.12, 0.12, 0.19, 0.25, 0.19, 0.38, 0.25, 0.44, 0.5, 0.31, 0.5, 0.62, 0.62, 0.38, 0.56, 0.75, 0.81, 0.75, 0.44, 0.62, 0.88, 1.0, 1.0, 0.88, 0.5, 0.69, 1.0, 1.25, 1.19, 1.0, 0.56, 0.12, 0.75, 1.06, 1.31, 1.5, 1.38, 1.12, 0.62, 0.12, 0.25, 0.81, 1.12, 1.69, 1.62, 1.75, 1.56, 1.25, 0.69, 0.38, 0.25, 0.88, 0.88, 1.19, 1.81, 2.06, 1.94, 2.0, 1.75, 1.38, 0.75, 0.5, 0.31, 0.94, 1.5, 1.94, 2.25, 2.44, 2.25, 2.25, 1.94, 1.5, 0.81, 0.62, 0.38, 1.0, 1.0, 1.56, 2.44, 2.81, 2.56, 2.5, 2.12, 1.62, 0.88, 0.75, 0.44, 0.44, 1.12, 1.81, 1.62, 2.5, 2.5, 2.88, 3.19, 2.88, 2.75, 0.56, 2.31, 1.75, 0.94, 0.5, 0.56, 0.56, 1.19, 2.0, 1.94, 3.0, 2.62, 3.38, 3.31, 3.56, 3.19, 2.5, 1.88, 1.06, 0.56, 0.69, 0.75, 1.25, 2.12, 2.19, 3.38, 3.19, 3.5, 3.81, 3.69, 3.88, 2.5, 0.56, 1.12, 0.62, 0.81, 0.94, 2.25, 2.38, 3.69, 3.62, 4.06, 4.0, 4.25, 4.06, 3.88, 2.5, 2.5, 0.69, 1.19, 1.19, 0.19, 0.25, 0.69, 0.94, 1.12, 2.31, 2.56, 3.94, 4.0, 4.56, 4.5, 4.69, 4.12, 4.38, 2.56, 2.5, 0.81, 1.31, 1.25, 0.19, 0.38, 0.75, 1.06, 1.31, 2.38, 4.19, 4.31, 5.0, 4.62, 4.5, 5.0, 4.81, 4.69, 4.5, 2.62, 2.5, 0.94, 1.38, 1.5, 1.31, 0.25, 0.56, 0.81, 1.19, 1.5, 0.5, 2.44, 2.44, 4.25, 4.62, 5.38, 5.12, 5.75, 5.06, 5.19, 5.44, 4.62, 2.69, 1.06, 1.62, 0.75, 0.88, 1.31, 1.69, 0.62, 2.5, 2.56, 4.5, 4.75, 5.56, 6.31, 6.38, 5.38, 5.88, 4.62, 4.75, 2.69, 1.19, 1.69, 0.94, 0.94, 1.44, 1.88, 0.75, 2.56, 2.69, 4.69, 5.06, 4.81, 5.62, 6.81, 7.0, 6.75, 5.88, 4.62, 4.81, 2.69, 1.31, 1.75, 1.12, 1.0, 1.56, 2.06, 0.88, 2.62, 2.81, 4.88, 5.31, 5.19, 6.19, 6.94, 7.44, 6.81, 5.94, 6.44, 4.94, 4.88, 2.75, 3.5, 1.5, 1.19, 1.06, 1.69, 2.25, 1.0, 5.06, 5.56, 5.5, 6.62, 7.56, 7.0, 7.5, 7.56, 7.62, 6.56, 5.06, 5.12, 3.56, 1.62, 1.38, 1.12, 1.81, 2.44, 2.31, 1.12, 5.12, 5.81, 5.81, 7.0, 8.06, 7.69, 8.25, 7.69, 8.5, 8.31, 5.38, 5.94, 1.75, 1.56, 1.19, 1.94, 2.62, 2.56, 5.94, 6.12, 7.38, 8.5, 8.25, 9.0, 9.25, 8.38, 6.19, 1.88, 0.25, 1.75, 0.38, 0.38, 1.25, 2.06, 2.81, 2.81, 6.31, 7.75, 8.94, 8.75, 9.62, 9.06, 9.25, 9.31, 8.38, 6.12, 2.31, 2.0, 0.31, 0.5, 1.94, 1.31, 2.19, 3.0, 3.06, 2.88, 8.0, 9.38, 9.25, 10.19, 9.75, 9.12, 9.44, 9.56, 9.56, 8.56, 6.25, 2.12, 0.75, 2.12, 2.31, 3.19, 3.31, 3.19, 0.88, 0.62, 9.94, 10.0, 11.06, 10.69, 10.19, 11.62, 10.12, 10.19, 10.12, 11.06, 1.0, 2.31, 3.38, 3.5, 1.0, 0.81, 10.38, 11.62, 11.31, 10.88, 12.44, 11.94, 10.38, 10.38, 12.25, 1.25, 2.5, 3.44, 3.56, 1.12, 1.0, 12.06, 11.94, 11.56, 13.19, 12.25, 10.62, 12.44, 4.12, 1.5, 2.75, 6.56, 1.25, 1.19, 15.12, 14.94, 16.31, 15.31, 13.69, 13.94, 14.0, 1.62, 2.94, 1.38, 1.38, 15.5, 17.38, 16.44, 16.06, 14.06, 16.31, 1.88, 3.12, 1.5, 1.56, 18.0, 17.56, 17.25, 16.5, 16.5, 2.12, 3.31, 1.62, 18.25, 18.44, 17.75, 19.0, 0.31, 2.38, 0.5, 3.5, 2.69, 19.12, 18.94, 20.25, 10.0, 0.38, 0.62, 2.62, 3.69, 2.88, 19.69, 21.5, 12.12, 0.44, 0.94, 2.88, 0.94, 0.88]

ILAO*:
Tiempo requerido: 1.193
Nodos expandidos: 485

RLAO*:
Tiempo requerido: 0.382
Nodos expandidos: 710

BLAO*:
Tiempo requerido: 0.415
Nodos expandidos: 720

VI:
Tiempo requerido: 2.314
Numero de iteraciones: 591630
-------------------------------------------------------
Problema 20
-------------------------------------------------------
LAO*:
Tiempo requerido: 13.142
Nodos expandidos: 469
Porcentajes del conjunto Z: [0.06, 0.12, 0.12, 0.19, 0.19, 0.25, 0.25, 0.25, 0.25, 0.31, 0.38, 0.5, 0.38, 0.31, 0.38, 0.5, 0.69, 0.69, 0.5, 0.38, 0.44, 0.62, 0.88, 0.94, 0.62, 0.44, 0.5, 0.75, 1.06, 1.0, 0.69, 0.75, 0.5, 0.56, 1.25, 1.06, 1.38, 0.88, 0.88, 0.56, 0.12, 0.62, 0.62, 1.31, 1.31, 1.12, 1.5, 0.12, 1.06, 1.0, 0.62, 0.25, 0.75, 1.56, 1.44, 1.81, 1.62, 0.25, 1.12, 1.25, 0.69, 0.81, 1.75, 1.75, 2.06, 2.38, 1.69, 0.38, 1.19, 1.38, 1.31, 0.75, 0.75, 0.88, 1.88, 2.62, 2.44, 0.5, 2.19, 1.44, 1.44, 1.5, 0.31, 0.88, 0.81, 0.94, 1.94, 2.62, 2.75, 3.0, 0.62, 2.5, 1.56, 1.62, 0.44, 1.0, 0.88, 1.0, 1.0, 2.0, 2.0, 2.62, 2.81, 3.38, 3.38, 0.75, 2.69, 1.56, 1.62, 1.75, 0.56, 1.12, 0.94, 1.06, 2.25, 3.38, 2.94, 3.5, 3.81, 3.62, 2.75, 2.06, 1.81, 1.88, 0.69, 1.25, 1.0, 1.12, 1.12, 2.31, 3.44, 3.75, 0.56, 3.62, 4.0, 4.12, 3.75, 3.31, 2.31, 2.0, 2.0, 0.81, 1.38, 1.06, 1.25, 2.38, 3.88, 3.88, 4.5, 0.69, 4.19, 4.38, 4.31, 4.38, 3.62, 2.19, 2.12, 0.94, 1.5, 1.12, 0.19, 0.25, 0.81, 1.31, 1.31, 2.44, 4.0, 4.38, 4.69, 5.12, 4.69, 4.69, 5.0, 4.75, 0.19, 2.19, 2.38, 2.25, 1.06, 1.62, 1.19, 0.38, 0.88, 1.38, 1.44, 4.12, 4.56, 5.25, 5.38, 5.69, 5.06, 5.38, 5.44, 4.75, 0.38, 2.19, 2.44, 2.38, 1.19, 1.75, 1.25, 0.44, 0.94, 1.56, 1.5, 4.19, 4.75, 5.5, 6.0, 6.0, 6.12, 5.75, 5.88, 5.5, 5.38, 0.56, 2.5, 2.44, 2.38, 2.5, 1.31, 1.31, 0.62, 1.0, 1.0, 1.62, 1.69, 4.81, 4.88, 5.75, 6.31, 6.69, 6.5, 6.88, 6.0, 6.19, 5.75, 0.75, 2.56, 2.88, 2.56, 2.5, 1.44, 1.38, 1.06, 1.12, 1.69, 1.81, 5.56, 5.94, 6.62, 7.06, 7.25, 7.31, 6.06, 6.75, 6.62, 5.88, 3.06, 3.12, 2.69, 1.56, 1.12, 1.25, 1.88, 6.62, 6.81, 7.62, 8.06, 2.06, 7.44, 6.12, 6.81, 7.25, 6.81, 6.44, 0.81, 3.38, 3.12, 2.69, 0.62, 1.69, 1.38, 2.19, 2.19, 7.12, 8.12, 7.25, 9.12, 8.75, 8.69, 7.44, 7.94, 8.06, 8.0, 7.38, 0.88, 4.0, 4.06, 0.81, 2.31, 7.56, 8.19, 8.19, 7.25, 9.12, 9.25, 9.69, 9.62, 1.12, 8.06, 8.25, 8.75, 8.44, 7.5, 4.44, 1.0, 7.75, 8.69, 8.31, 8.25, 9.81, 9.31, 10.25, 10.69, 10.31, 1.31, 8.44, 8.94, 9.19, 8.56, 7.94, 1.19, 1.19, 0.38, 0.38, 1.5, 8.94, 8.94, 8.5, 10.88, 10.06, 10.38, 11.31, 11.44, 9.19, 9.44, 9.38, 9.06, 0.25, 1.38, 1.31, 0.44, 1.62, 9.25, 9.19, 11.12, 11.19, 11.19, 11.5, 12.12, 11.44, 9.25, 9.88, 9.88, 10.12, 0.5, 1.56, 0.56, 1.75, 9.56, 11.81, 12.38, 12.38, 12.38, 12.19, 12.81, 9.94, 10.25, 10.44, 0.75, 1.75, 1.38, 0.81, 1.88, 12.25, 11.88, 13.63, 13.31, 12.5, 13.63, 13.56, 11.0, 1.0, 1.94, 0.88, 2.0, 2.0, 12.38, 11.94, 13.63, 13.5, 14.0, 14.44, 13.56, 11.0, 1.06, 2.12, 1.25, 2.38, 12.5, 14.81, 13.5, 15.06, 14.88, 14.5, 14.88, 1.44, 2.31, 1.5, 2.44, 15.44, 14.88, 13.56, 16.06, 15.06, 15.94, 1.56, 2.38, 1.75, 15.56, 16.31, 13.63, 16.12, 16.31, 16.56, 1.88, 2.44, 17.06, 16.44, 16.31, 16.38, 17.81, 2.12, 2.75, 0.56, 0.5, 2.38, 17.25, 19.12, 16.62, 17.94, 0.31, 1.44, 2.94, 0.5, 2.56, 20.0, 19.56, 18.31, 1.69, 3.0, 0.69, 2.75, 20.5, 21.19, 0.81, 1.94, 3.25]

ILAO*:
Tiempo requerido: 1.237
Nodos expandidos: 493

RLAO*:
Tiempo requerido: 0.446
Nodos expandidos: 763

BLAO*:
Tiempo requerido: 0.427
Nodos expandidos: 676

VI:
Tiempo requerido: 0.651
Numero de iteraciones: 163098
-------------------------------------------------------
