Problema 1
-------------------------------------------------------
LAO*:
Tiempo requerido: 3.342
Nodos expandidos: 249
Porcentajes del conjunto Z: [0.11, 0.22, 0.22, 0.33, 0.44, 0.33, 0.44, 0.67, 0.67, 0.44, 0.89, 1.0, 0.89, 0.56, 1.0, 1.33, 1.33, 1.22, 0.67, 1.11, 1.56, 1.44, 0.78, 1.22, 1.78, 1.67, 1.56, 1.67, 0.89, 1.33, 2.0, 2.0, 1.78, 1.67, 1.89, 1.89, 1.0, 0.22, 1.44, 2.22, 2.33, 2.22, 2.11, 2.22, 2.11, 1.11, 0.22, 0.44, 1.56, 2.44, 2.67, 2.67, 2.33, 2.22, 2.56, 2.33, 0.44, 1.22, 0.67, 1.67, 2.67, 3.0, 3.11, 2.89, 4.0, 0.67, 2.33, 2.67, 2.56, 1.33, 0.89, 1.78, 2.89, 3.33, 3.56, 3.44, 4.67, 4.22, 0.89, 3.22, 2.67, 2.78, 1.44, 1.11, 1.89, 3.11, 3.67, 4.0, 4.0, 5.33, 5.0, 5.22, 1.0, 3.33, 2.78, 3.0, 3.0, 1.56, 1.33, 2.0, 3.33, 4.0, 4.44, 4.56, 6.0, 5.78, 6.11, 5.44, 1.11, 4.11, 3.22, 3.33, 3.22, 1.67, 1.56, 2.11, 4.33, 5.44, 6.56, 6.44, 6.33, 1.22, 1.22, 4.67, 3.67, 3.67, 3.44, 1.78, 2.33, 5.56, 5.56, 6.67, 6.67, 6.56, 7.44, 1.44, 7.0, 1.33, 5.22, 4.11, 4.0, 2.0, 2.44, 5.67, 8.22, 6.78, 8.22, 1.67, 7.56, 8.11, 7.56, 1.89, 1.44, 5.89, 4.56, 0.33, 2.22, 0.44, 2.56, 6.0, 8.78, 8.78, 8.78, 9.67, 2.89, 9.11, 8.44, 6.44, 0.33, 0.67, 2.44, 2.67, 6.11, 9.0, 10.67, 3.11, 10.11, 9.78, 9.22, 9.89, 9.11, 0.67, 1.0, 2.67, 7.22, 9.22, 9.11, 12.11, 3.33, 10.33, 11.56, 10.11, 10.67, 1.0, 1.33, 10.44, 3.56, 9.44, 9.22, 12.22, 12.44, 12.56, 11.0, 1.33, 10.78, 3.89, 9.67, 13.11, 12.67, 12.56, 12.56, 13.44, 1.56, 1.67, 1.67, 11.11, 4.11, 13.67, 13.67, 12.89, 13.56, 1.78, 1.89, 2.0, 15.22, 4.33, 14.89, 14.0, 13.89, 2.0, 2.33, 15.33, 14.11, 14.0, 2.67, 15.44, 15.56, 18.44, 1.56, 0.44, 0.67, 2.67, 15.78, 20.0, 1.67, 0.44, 0.89, 2.89, 2.89]

ILAO*:
Tiempo requerido: 0.408
Nodos expandidos: 262

RLAO*:
Tiempo requerido: 0.128
Nodos expandidos: 398

BLAO*:
Tiempo requerido: 0.196
Nodos expandidos: 363

VI:
Tiempo requerido: 0.353
Numero de iteraciones: 71021
-------------------------------------------------------
Problema 2
-------------------------------------------------------
LAO*:
Tiempo requerido: 3.146
Nodos expandidos: 242
Porcentajes del conjunto Z: [0.11, 0.22, 0.22, 0.44, 0.33, 0.56, 0.67, 0.44, 0.67, 0.89, 0.89, 0.56, 0.78, 1.11, 1.22, 1.11, 0.67, 0.89, 1.33, 1.56, 1.56, 1.33, 0.78, 1.0, 1.56, 1.89, 2.0, 1.89, 1.56, 0.89, 1.11, 1.78, 2.44, 2.44, 2.22, 1.78, 1.0, 0.22, 2.0, 1.89, 2.56, 3.0, 2.89, 2.56, 2.0, 1.11, 0.22, 0.44, 2.11, 2.22, 3.22, 3.22, 3.56, 3.33, 2.89, 0.44, 1.22, 0.67, 2.22, 2.44, 3.67, 4.0, 3.89, 4.11, 3.78, 3.0, 1.33, 1.33, 0.89, 2.33, 2.67, 4.0, 4.56, 4.56, 4.0, 3.44, 1.56, 1.44, 2.44, 2.89, 4.33, 5.0, 4.67, 4.67, 4.67, 4.11, 4.56, 0.78, 3.78, 1.78, 1.56, 2.56, 3.11, 4.67, 5.33, 6.11, 4.78, 5.44, 1.0, 4.67, 4.89, 0.78, 2.0, 1.67, 2.67, 3.33, 5.0, 5.78, 5.44, 6.11, 6.33, 1.22, 6.11, 5.11, 4.89, 1.0, 2.22, 2.78, 5.56, 6.22, 6.0, 6.44, 6.33, 1.44, 6.11, 6.67, 5.22, 1.22, 2.33, 5.67, 6.89, 6.11, 6.67, 8.11, 1.67, 6.78, 6.89, 1.44, 2.44, 0.33, 0.44, 5.78, 7.11, 7.0, 6.22, 6.22, 6.78, 8.44, 8.89, 1.78, 7.11, 6.89, 1.67, 2.56, 0.33, 0.67, 7.33, 7.33, 7.56, 8.67, 8.56, 9.33, 9.33, 1.89, 7.22, 7.89, 0.67, 1.89, 7.67, 8.0, 7.67, 8.78, 10.56, 2.33, 9.56, 9.89, 2.0, 8.33, 0.78, 2.11, 1.0, 8.44, 10.44, 10.78, 11.67, 2.56, 10.33, 10.0, 2.11, 8.33, 0.89, 2.33, 1.11, 8.56, 10.56, 12.56, 2.78, 12.0, 12.56, 11.44, 2.22, 0.89, 1.0, 2.56, 1.44, 11.67, 12.78, 13.89, 3.22, 13.0, 12.67, 11.44, 2.78, 2.0, 2.78, 1.78, 15.11, 15.44, 16.22, 14.0, 15.44, 2.89, 2.33, 2.11, 16.78, 16.67, 16.56, 16.33, 2.67, 2.44, 18.11, 17.11, 18.78, 3.0, 0.44, 2.78, 0.67, 18.67, 19.44, 0.44, 0.89, 3.11]

ILAO*:
Tiempo requerido: 0.295
Nodos expandidos: 247

RLAO*:
Tiempo requerido: 0.147
Nodos expandidos: 397

BLAO*:
Tiempo requerido: 0.161
Nodos expandidos: 385

VI:
Tiempo requerido: 1.687
Numero de iteraciones: 418035
-------------------------------------------------------
Problema 3
-------------------------------------------------------
LAO*:
Tiempo requerido: 3.928
Nodos expandidos: 258
Porcentajes del conjunto Z: [0.11, 0.22, 0.22, 0.44, 0.33, 0.56, 0.67, 0.44, 0.67, 0.89, 0.89, 0.56, 1.11, 1.22, 1.11, 0.67, 1.22, 1.56, 1.56, 1.33, 0.78, 1.33, 1.78, 2.0, 1.89, 1.56, 0.89, 1.44, 2.0, 2.33, 2.44, 2.22, 1.78, 1.0, 0.22, 1.56, 2.22, 2.67, 2.89, 2.89, 2.0, 1.11, 0.22, 0.44, 1.67, 2.44, 3.0, 3.33, 3.44, 3.0, 2.11, 2.22, 0.44, 1.22, 0.67, 1.78, 2.67, 3.33, 3.78, 4.0, 3.78, 3.67, 2.44, 2.44, 0.56, 1.33, 0.89, 1.89, 2.89, 3.67, 4.22, 4.56, 4.11, 2.78, 2.67, 0.67, 1.44, 1.11, 3.11, 4.0, 4.67, 4.33, 4.67, 5.11, 4.56, 0.78, 3.11, 2.89, 0.78, 1.56, 1.33, 3.22, 4.33, 5.11, 4.89, 4.44, 4.78, 5.67, 5.0, 0.89, 3.44, 3.11, 0.89, 1.67, 1.56, 3.33, 5.56, 5.44, 5.11, 6.44, 6.22, 5.44, 1.0, 3.78, 3.33, 1.0, 3.44, 5.67, 6.0, 5.78, 7.22, 6.56, 1.44, 6.33, 6.78, 5.89, 1.11, 4.11, 1.11, 3.56, 6.11, 6.44, 7.89, 7.33, 6.56, 1.67, 6.33, 7.22, 6.22, 1.22, 1.22, 1.11, 0.33, 0.44, 3.67, 6.33, 6.22, 6.56, 8.67, 8.22, 7.56, 8.44, 1.89, 6.33, 7.67, 1.67, 1.33, 1.33, 0.33, 6.89, 7.67, 9.22, 9.44, 8.89, 8.89, 6.33, 7.67, 1.78, 1.44, 0.67, 1.56, 0.78, 7.0, 8.11, 10.11, 9.78, 9.89, 9.0, 2.22, 8.89, 9.0, 8.11, 1.89, 1.56, 0.89, 1.78, 8.33, 10.67, 10.78, 10.33, 10.11, 2.44, 11.11, 9.22, 10.89, 2.0, 1.67, 1.11, 2.0, 1.22, 11.0, 11.44, 11.44, 10.67, 12.33, 2.56, 11.56, 11.11, 2.11, 1.78, 1.33, 2.22, 1.56, 11.78, 12.56, 11.78, 12.89, 12.78, 2.67, 13.33, 6.67, 3.78, 1.56, 2.44, 1.89, 13.44, 14.89, 3.78, 14.22, 15.78, 2.78, 3.89, 1.78, 2.0, 13.56, 15.67, 3.89, 16.67, 5.78, 2.0, 2.33, 13.56, 15.67, 18.11, 7.56, 9.11, 2.22, 0.44, 0.67, 2.67, 0.67, 8.0, 20.0, 20.44, 3.22, 0.44, 0.56, 3.0]

ILAO*:
Tiempo requerido: 0.454
Nodos expandidos: 272

RLAO*:
Tiempo requerido: 0.157
Nodos expandidos: 429

BLAO*:
Tiempo requerido: 0.177
Nodos expandidos: 398

VI:
Tiempo requerido: 0.288
Numero de iteraciones: 70122
-------------------------------------------------------
Problema 4
-------------------------------------------------------
LAO*:
Tiempo requerido: 3.865
Nodos expandidos: 261
Porcentajes del conjunto Z: [0.11, 0.22, 0.22, 0.33, 0.33, 0.44, 0.44, 0.44, 0.56, 0.56, 0.56, 0.67, 0.56, 0.67, 0.78, 0.89, 0.89, 0.67, 0.78, 1.0, 0.89, 1.0, 1.22, 1.11, 0.78, 0.89, 1.22, 1.22, 1.89, 1.44, 1.56, 0.89, 1.0, 1.44, 1.56, 2.44, 1.89, 1.0, 1.0, 1.67, 1.89, 1.67, 2.56, 3.0, 0.22, 2.0, 1.11, 1.22, 1.11, 0.22, 1.78, 2.22, 2.11, 3.33, 3.11, 3.11, 0.44, 0.44, 2.56, 1.44, 1.44, 1.22, 1.89, 2.44, 2.56, 3.89, 4.11, 3.56, 0.67, 0.56, 3.0, 1.78, 1.67, 1.33, 2.0, 2.67, 4.56, 3.78, 3.11, 3.44, 2.11, 1.89, 1.44, 2.11, 2.89, 2.78, 4.67, 4.67, 3.89, 5.0, 0.67, 3.67, 3.89, 0.67, 2.44, 2.11, 1.56, 2.22, 3.11, 3.11, 5.33, 4.78, 0.89, 4.0, 5.22, 4.22, 4.33, 0.89, 2.89, 1.78, 2.33, 3.33, 3.44, 5.78, 5.44, 6.44, 1.11, 5.56, 5.44, 4.44, 4.89, 3.0, 1.89, 2.44, 3.56, 3.78, 6.22, 6.0, 5.56, 6.56, 1.33, 5.78, 6.78, 5.22, 5.0, 3.11, 3.44, 3.78, 4.11, 6.67, 6.56, 6.22, 6.67, 1.56, 5.89, 5.44, 5.67, 3.67, 1.22, 4.44, 7.11, 7.11, 6.89, 6.33, 6.78, 8.56, 1.67, 6.0, 0.33, 5.56, 6.22, 6.33, 0.33, 7.44, 7.56, 7.44, 7.0, 8.56, 8.67, 8.67, 1.78, 6.0, 0.67, 0.67, 5.67, 6.44, 7.0, 1.44, 8.11, 8.56, 7.78, 9.44, 10.67, 2.0, 9.0, 8.89, 1.89, 1.0, 0.89, 7.33, 1.67, 9.0, 10.33, 11.67, 11.11, 2.22, 9.33, 9.0, 2.0, 1.11, 1.0, 7.44, 9.11, 11.67, 12.67, 12.22, 2.44, 11.56, 9.56, 9.11, 2.11, 1.56, 1.22, 7.44, 1.78, 11.78, 14.0, 13.22, 2.67, 12.67, 11.78, 4.89, 13.67, 2.22, 1.89, 2.0, 14.67, 15.11, 2.89, 14.22, 13.44, 12.22, 13.89, 2.33, 2.22, 4.44, 16.22, 16.56, 14.0, 17.22, 2.56, 17.11, 16.67, 14.11, 18.89, 2.89, 1.33, 17.33, 19.11, 3.11, 0.44, 1.44, 0.44, 0.44, 17.33, 16.78, 3.44, 8.67, 0.89, 0.78, 1.89]

ILAO*:
Tiempo requerido: 0.428
Nodos expandidos: 274

RLAO*:
Tiempo requerido: 0.181
Nodos expandidos: 516

BLAO*:
Tiempo requerido: 0.189
Nodos expandidos: 457

VI:
Tiempo requerido: 0.282
Numero de iteraciones: 70122
-------------------------------------------------------
Problema 5
-------------------------------------------------------
LAO*:
Tiempo requerido: 3.532
Nodos expandidos: 267
Porcentajes del conjunto Z: [0.11, 0.22, 0.22, 0.33, 0.44, 0.33, 0.44, 0.67, 0.67, 0.44, 0.56, 0.89, 1.0, 0.89, 0.56, 0.67, 1.11, 1.33, 1.33, 1.11, 0.67, 0.78, 1.33, 1.67, 1.78, 1.67, 1.33, 0.78, 0.89, 1.56, 2.0, 2.22, 2.22, 2.0, 1.56, 0.89, 1.0, 1.78, 2.33, 2.67, 2.78, 2.67, 2.33, 1.78, 1.0, 1.11, 2.0, 2.67, 3.33, 3.33, 3.11, 2.0, 0.22, 1.11, 0.22, 2.22, 3.0, 2.78, 3.44, 4.0, 3.89, 3.22, 2.11, 0.44, 0.44, 1.22, 2.33, 3.33, 3.22, 4.33, 4.22, 4.67, 4.11, 3.89, 0.67, 2.22, 0.67, 1.33, 1.33, 2.44, 3.56, 3.67, 4.89, 5.33, 5.0, 5.0, 4.89, 4.11, 2.67, 1.56, 1.44, 2.56, 3.78, 4.0, 6.22, 5.44, 5.89, 5.22, 0.67, 4.67, 3.0, 0.67, 1.78, 1.56, 2.67, 4.0, 4.33, 4.11, 6.33, 6.78, 6.44, 6.33, 0.89, 5.89, 5.11, 3.44, 0.89, 2.0, 1.67, 2.78, 4.67, 4.56, 4.22, 6.44, 7.0, 7.89, 1.11, 7.0, 7.11, 3.78, 2.22, 2.89, 2.89, 4.78, 5.0, 4.78, 8.0, 7.22, 8.22, 8.56, 1.33, 7.89, 7.22, 3.89, 4.11, 1.0, 3.11, 5.22, 5.22, 5.33, 8.67, 1.56, 8.56, 9.0, 9.56, 8.11, 7.33, 4.0, 4.33, 1.22, 5.56, 5.78, 5.67, 9.33, 8.78, 1.78, 9.44, 10.0, 9.78, 8.22, 8.67, 4.44, 0.33, 0.44, 1.44, 0.33, 6.22, 9.78, 9.56, 8.89, 9.56, 10.56, 10.44, 10.11, 9.78, 9.33, 0.67, 0.67, 1.67, 6.33, 9.89, 10.11, 9.78, 12.11, 11.22, 11.0, 11.89, 10.67, 1.0, 1.0, 11.11, 10.33, 10.44, 12.22, 2.56, 11.33, 11.78, 12.78, 12.78, 1.11, 1.56, 11.67, 10.78, 2.78, 12.33, 14.22, 13.67, 13.78, 0.78, 1.56, 1.78, 12.22, 3.0, 10.89, 12.44, 14.44, 13.78, 14.78, 1.11, 1.89, 2.0, 12.44, 3.22, 14.67, 14.56, 4.33, 14.0, 15.11, 1.44, 2.0, 12.67, 3.44, 14.89, 15.0, 17.44, 15.33, 2.44, 18.67, 18.56, 18.67, 19.67, 1.67, 8.78, 2.78, 21.56, 20.22, 2.0, 0.44, 3.11, 0.67, 0.67, 0.44, 21.67, 23.22, 2.11, 0.89, 3.44]

ILAO*:
Tiempo requerido: 0.325
Nodos expandidos: 279

RLAO*:
Tiempo requerido: 0.147
Nodos expandidos: 396

BLAO*:
Tiempo requerido: 0.173
Nodos expandidos: 457

VI:
Tiempo requerido: 0.293
Numero de iteraciones: 71021
-------------------------------------------------------
Problema 6
-------------------------------------------------------
LAO*:
Tiempo requerido: 3.971
Nodos expandidos: 248
Porcentajes del conjunto Z: [0.11, 0.22, 0.33, 0.33, 0.44, 0.56, 0.44, 0.56, 0.78, 0.78, 0.56, 0.67, 1.0, 1.11, 1.0, 0.67, 0.78, 1.22, 1.44, 1.44, 1.22, 0.78, 0.89, 1.44, 1.78, 1.89, 1.78, 1.44, 0.89, 1.67, 2.11, 2.33, 2.33, 2.11, 1.67, 1.0, 0.22, 1.78, 2.44, 2.89, 2.78, 2.44, 1.89, 1.11, 0.22, 0.44, 1.89, 2.67, 2.56, 3.0, 3.44, 3.22, 2.78, 2.11, 1.22, 0.33, 0.67, 2.0, 2.89, 3.67, 4.0, 3.67, 3.11, 2.33, 1.33, 0.44, 2.11, 2.11, 3.0, 3.78, 4.33, 4.56, 4.11, 3.44, 0.56, 2.56, 1.44, 0.56, 2.22, 2.33, 2.22, 3.11, 5.0, 4.56, 4.89, 5.0, 4.44, 0.78, 3.67, 2.67, 0.67, 1.56, 0.67, 2.33, 2.56, 3.67, 5.22, 5.44, 5.44, 1.0, 4.78, 3.89, 2.78, 0.89, 1.67, 0.78, 2.44, 2.44, 2.67, 4.11, 3.78, 1.22, 5.56, 6.33, 6.22, 5.44, 4.44, 3.22, 0.89, 2.56, 3.11, 4.33, 4.33, 3.89, 1.44, 5.56, 5.56, 6.33, 6.89, 5.78, 4.67, 1.0, 1.0, 2.67, 3.22, 4.89, 4.67, 4.56, 7.67, 1.56, 5.67, 7.0, 7.0, 5.78, 6.11, 1.22, 1.11, 0.33, 0.44, 3.67, 5.11, 5.33, 5.0, 8.44, 8.0, 2.67, 7.22, 7.78, 7.0, 5.78, 6.22, 1.44, 0.33, 5.67, 5.67, 5.78, 9.0, 8.89, 9.56, 2.0, 2.89, 8.11, 7.89, 8.11, 6.33, 1.67, 0.56, 0.78, 6.44, 6.33, 10.22, 9.89, 11.22, 3.0, 8.89, 9.67, 9.33, 0.78, 0.89, 7.11, 10.78, 10.89, 10.0, 2.33, 11.33, 11.67, 3.11, 10.33, 10.56, 1.22, 11.67, 11.56, 2.56, 13.11, 11.89, 13.11, 3.22, 11.22, 1.67, 0.78, 1.56, 12.56, 11.67, 5.0, 13.33, 13.89, 13.44, 14.11, 1.89, 1.67, 13.11, 15.44, 14.11, 15.67, 14.78, 1.0, 2.0, 16.56, 3.11, 16.22, 15.89, 16.89, 8.0, 1.22, 2.33, 17.78, 18.44, 17.56, 1.44, 0.44, 0.67, 2.67, 19.89, 20.0, 1.56, 0.44, 0.56, 3.0]

ILAO*:
Tiempo requerido: 0.307
Nodos expandidos: 257

RLAO*:
Tiempo requerido: 0.187
Nodos expandidos: 449

BLAO*:
Tiempo requerido: 0.144
Nodos expandidos: 385

VI:
Tiempo requerido: 2.047
Numero de iteraciones: 422530
-------------------------------------------------------
Problema 7
-------------------------------------------------------
LAO*:
Tiempo requerido: 4.236
Nodos expandidos: 282
Porcentajes del conjunto Z: [0.11, 0.22, 0.22, 0.44, 0.33, 0.56, 0.67, 0.44, 0.67, 0.89, 0.89, 0.56, 0.78, 1.11, 1.22, 1.11, 0.67, 0.89, 1.33, 1.56, 1.56, 1.44, 0.78, 1.56, 1.89, 1.67, 0.89, 1.67, 2.22, 2.0, 1.78, 1.89, 1.11, 1.78, 2.44, 2.44, 2.11, 1.89, 0.22, 0.22, 1.22, 0.44, 1.89, 2.67, 2.78, 2.67, 3.22, 2.0, 0.44, 1.33, 1.33, 0.56, 2.0, 2.89, 3.11, 3.11, 3.89, 3.44, 0.67, 1.44, 1.56, 1.44, 0.67, 2.11, 3.11, 3.56, 4.44, 4.22, 3.56, 0.89, 1.56, 1.78, 1.78, 1.56, 0.78, 0.78, 3.44, 3.33, 3.78, 5.0, 4.56, 4.56, 1.11, 2.0, 2.11, 2.0, 1.67, 1.0, 3.56, 3.67, 4.44, 3.89, 5.11, 5.56, 5.11, 2.44, 2.44, 2.22, 1.78, 1.11, 1.78, 3.89, 4.89, 4.67, 5.89, 5.22, 5.67, 6.22, 2.89, 2.78, 2.44, 1.89, 2.0, 4.0, 5.22, 6.78, 6.11, 6.22, 6.11, 1.11, 3.33, 3.11, 2.67, 2.11, 4.11, 5.44, 6.89, 7.11, 6.22, 6.22, 6.33, 6.11, 1.33, 3.44, 3.44, 2.22, 2.22, 4.33, 5.78, 5.67, 7.11, 7.44, 7.44, 8.33, 6.56, 6.56, 7.67, 3.33, 0.33, 0.33, 1.44, 3.56, 3.56, 2.44, 0.67, 4.44, 6.11, 6.11, 8.44, 7.78, 7.89, 8.89, 7.0, 8.0, 0.67, 1.56, 4.44, 2.56, 2.56, 0.89, 6.33, 6.44, 8.89, 9.11, 8.22, 8.0, 9.0, 9.33, 7.11, 8.11, 9.0, 1.0, 2.0, 2.67, 4.0, 1.22, 6.78, 9.33, 9.67, 9.67, 8.44, 10.67, 9.56, 9.56, 9.11, 9.22, 1.33, 2.22, 2.78, 4.22, 1.44, 9.78, 10.33, 10.0, 11.56, 11.67, 10.22, 12.0, 10.67, 1.67, 2.89, 4.44, 1.67, 9.89, 10.44, 10.78, 13.22, 12.11, 12.44, 13.33, 1.89, 1.89, 3.0, 4.67, 4.56, 11.56, 11.0, 14.11, 13.33, 12.22, 14.44, 13.89, 2.11, 2.0, 3.11, 4.89, 12.22, 14.22, 14.11, 14.44, 14.44, 15.78, 1.22, 2.11, 3.22, 5.0, 15.44, 14.44, 16.89, 16.0, 1.56, 2.22, 2.22, 3.33, 5.11, 15.89, 14.56, 17.0, 18.67, 0.44, 0.44, 0.44, 0.44, 1.89, 2.33, 2.44, 7.78, 17.44, 19.56, 19.11, 0.89, 2.22, 2.44, 4.11, 1.0, 21.67, 21.56, 1.33, 2.56, 2.56, 4.44, 1.44]

ILAO*:
Tiempo requerido: 0.915
Nodos expandidos: 295

RLAO*:
Tiempo requerido: 0.284
Nodos expandidos: 496

BLAO*:
Tiempo requerido: 0.276
Nodos expandidos: 518

VI:
Tiempo requerido: 0.408
Numero de iteraciones: 71021
-------------------------------------------------------
Problema 8
-------------------------------------------------------
LAO*:
Tiempo requerido: 4.492
Nodos expandidos: 268
Porcentajes del conjunto Z: [0.11, 0.22, 0.22, 0.33, 0.44, 0.33, 0.44, 0.67, 0.44, 0.56, 0.89, 0.78, 0.56, 0.56, 0.67, 1.11, 1.11, 1.22, 0.78, 0.67, 0.78, 1.33, 1.44, 1.67, 1.56, 1.0, 0.78, 0.89, 1.56, 1.78, 2.11, 1.89, 1.22, 0.89, 1.0, 1.78, 2.11, 2.56, 2.22, 2.0, 2.22, 1.44, 1.0, 0.22, 1.11, 2.44, 3.0, 2.78, 3.11, 2.44, 2.56, 0.22, 1.67, 1.11, 0.44, 1.22, 1.22, 3.44, 3.78, 3.67, 2.89, 2.89, 0.44, 1.89, 1.22, 0.67, 1.33, 1.44, 1.33, 3.56, 3.56, 3.89, 4.44, 4.22, 0.67, 3.33, 3.22, 2.11, 1.33, 0.89, 1.44, 1.78, 3.78, 5.0, 4.67, 5.11, 4.78, 0.89, 3.78, 3.56, 2.33, 1.44, 1.11, 1.56, 2.0, 3.89, 5.33, 5.89, 5.78, 5.33, 4.22, 3.89, 2.56, 1.56, 1.33, 1.67, 2.22, 2.11, 5.56, 6.33, 6.0, 5.89, 5.89, 4.67, 4.22, 2.78, 1.78, 1.56, 2.44, 2.22, 5.67, 6.56, 7.56, 0.89, 6.0, 6.0, 6.44, 5.11, 1.89, 1.78, 2.56, 2.33, 2.33, 1.11, 5.78, 5.78, 6.67, 8.22, 7.78, 7.33, 6.67, 7.0, 5.22, 2.0, 2.0, 3.0, 2.56, 6.0, 7.22, 8.44, 8.67, 8.11, 7.33, 5.33, 2.11, 0.33, 2.22, 3.33, 1.22, 6.11, 7.56, 8.78, 8.22, 8.89, 7.44, 5.44, 6.11, 0.33, 0.67, 2.44, 3.44, 1.44, 6.22, 7.78, 8.89, 11.11, 9.11, 9.11, 7.89, 6.33, 0.67, 1.0, 2.67, 8.89, 1.67, 8.0, 7.89, 9.0, 11.33, 12.11, 9.44, 9.67, 8.89, 1.0, 1.33, 2.89, 10.78, 1.89, 8.22, 8.0, 11.56, 12.44, 12.56, 10.11, 10.78, 1.33, 1.67, 3.22, 11.11, 2.11, 8.44, 11.67, 12.78, 13.33, 11.33, 1.44, 2.0, 3.44, 2.33, 11.44, 8.56, 11.78, 13.0, 12.89, 13.44, 14.67, 1.56, 2.33, 3.67, 11.44, 2.33, 13.89, 13.22, 13.22, 14.33, 14.89, 2.11, 2.67, 11.89, 7.44, 2.44, 15.56, 13.56, 14.78, 15.89, 3.0, 18.89, 2.56, 16.0, 15.22, 16.44, 0.44, 0.44, 3.33, 19.44, 2.89, 17.78, 17.0, 0.44, 0.44, 0.89, 3.67, 21.33, 3.33, 19.67, 0.89, 1.33, 4.0]

ILAO*:
Tiempo requerido: 0.419
Nodos expandidos: 283

RLAO*:
Tiempo requerido: 0.16
Nodos expandidos: 439

BLAO*:
Tiempo requerido: 0.147
Nodos expandidos: 426

VI:
Tiempo requerido: 2.294
Numero de iteraciones: 444106
-------------------------------------------------------
Problema 9
-------------------------------------------------------
LAO*:
Tiempo requerido: 3.694
Nodos expandidos: 254
Porcentajes del conjunto Z: [0.11, 0.22, 0.22, 0.44, 0.33, 0.56, 0.67, 0.56, 0.67, 0.67, 0.78, 0.78, 0.78, 0.78, 0.89, 1.0, 0.89, 0.89, 1.0, 0.89, 1.0, 1.22, 1.22, 1.67, 1.22, 1.22, 1.0, 1.11, 1.44, 2.11, 2.11, 1.56, 1.44, 1.11, 0.22, 1.22, 1.67, 1.56, 2.22, 2.67, 2.56, 1.89, 1.67, 1.22, 0.22, 0.44, 1.33, 1.89, 1.89, 2.89, 2.89, 3.22, 3.0, 0.44, 2.22, 1.89, 1.33, 0.78, 1.44, 2.11, 2.22, 3.33, 3.67, 3.56, 3.78, 3.56, 0.56, 2.56, 2.11, 1.44, 1.0, 1.56, 2.33, 3.78, 4.22, 4.44, 4.0, 0.67, 2.33, 1.56, 1.67, 2.56, 2.44, 3.89, 4.78, 5.11, 4.56, 4.11, 4.11, 0.78, 0.78, 2.44, 2.56, 1.67, 1.78, 2.78, 2.78, 4.56, 4.89, 5.67, 5.22, 4.56, 1.0, 4.11, 4.22, 4.67, 0.89, 2.67, 2.67, 0.89, 1.78, 1.89, 3.0, 3.11, 4.89, 5.56, 5.78, 5.78, 5.22, 6.11, 1.22, 1.0, 4.44, 5.0, 5.11, 1.0, 2.89, 2.78, 1.11, 3.22, 3.44, 5.56, 6.33, 6.89, 6.44, 6.33, 7.22, 2.22, 5.22, 5.44, 5.44, 3.11, 1.33, 3.78, 6.0, 6.89, 7.44, 6.89, 8.11, 7.22, 2.44, 5.22, 5.78, 5.89, 5.78, 1.56, 0.33, 0.44, 6.44, 7.44, 7.56, 8.0, 8.67, 8.22, 2.67, 8.56, 5.89, 6.33, 6.33, 1.78, 0.33, 0.67, 8.0, 7.56, 7.67, 8.22, 9.89, 9.0, 9.67, 9.33, 6.56, 6.89, 0.67, 2.0, 1.11, 8.22, 9.56, 8.44, 10.22, 10.33, 1.56, 10.44, 10.56, 10.11, 7.22, 0.89, 2.22, 1.44, 10.33, 10.44, 1.78, 10.78, 11.89, 11.44, 11.44, 10.89, 1.11, 2.44, 1.56, 11.33, 10.56, 2.0, 10.89, 12.44, 13.0, 12.44, 12.33, 2.67, 1.89, 11.56, 13.33, 2.22, 12.67, 13.67, 14.22, 13.44, 1.0, 2.89, 2.22, 15.0, 2.44, 16.0, 16.44, 1.22, 2.56, 17.22, 16.11, 16.56, 1.33, 2.89, 17.44, 16.22, 16.67, 1.44, 0.44, 3.22, 0.67, 17.67, 20.33, 2.89, 1.56, 0.44, 0.89, 3.56]

ILAO*:
Tiempo requerido: 0.504
Nodos expandidos: 263

RLAO*:
Tiempo requerido: 0.232
Nodos expandidos: 452

BLAO*:
Tiempo requerido: 0.188
Nodos expandidos: 490

VI:
Tiempo requerido: 0.289
Numero de iteraciones: 71021
-------------------------------------------------------
Problema 10
-------------------------------------------------------
LAO*:
Tiempo requerido: 4.125
Nodos expandidos: 286
Porcentajes del conjunto Z: [0.11, 0.22, 0.22, 0.33, 0.33, 0.44, 0.44, 0.44, 0.44, 0.56, 0.67, 0.89, 0.67, 0.56, 0.67, 0.89, 1.22, 1.22, 0.89, 0.67, 0.78, 1.11, 1.67, 1.56, 1.11, 0.78, 0.89, 1.33, 1.22, 1.78, 2.11, 1.89, 1.33, 0.89, 1.0, 1.56, 1.56, 2.44, 2.33, 2.56, 2.22, 1.56, 1.0, 1.11, 1.78, 1.89, 2.89, 3.11, 2.89, 3.0, 2.56, 0.22, 0.22, 1.78, 1.11, 1.22, 2.0, 2.22, 3.22, 3.56, 3.67, 3.33, 3.33, 2.78, 0.44, 0.44, 2.0, 1.22, 1.33, 2.22, 3.67, 4.11, 4.33, 3.89, 3.78, 0.67, 3.11, 0.67, 1.33, 1.44, 2.44, 2.33, 3.78, 4.67, 5.0, 4.44, 0.89, 4.0, 4.44, 4.22, 3.22, 0.89, 1.44, 1.44, 1.56, 2.67, 2.67, 4.44, 4.89, 5.67, 5.22, 5.78, 1.11, 4.67, 5.0, 4.44, 3.67, 1.11, 1.67, 1.56, 2.89, 3.0, 4.89, 5.67, 6.0, 6.0, 6.67, 6.56, 1.33, 5.33, 5.33, 5.0, 4.0, 1.33, 1.89, 1.67, 3.0, 3.33, 5.33, 6.22, 6.89, 7.56, 7.56, 1.56, 7.33, 5.78, 6.0, 5.44, 4.33, 1.56, 2.11, 1.78, 3.11, 3.56, 5.78, 6.78, 7.56, 7.0, 7.67, 8.56, 1.78, 8.44, 7.89, 6.56, 6.56, 5.89, 4.78, 1.78, 2.33, 3.78, 7.44, 8.33, 9.22, 2.0, 8.89, 9.67, 9.22, 7.33, 5.22, 3.89, 7.56, 9.0, 8.44, 9.33, 10.44, 2.22, 10.0, 10.44, 7.44, 7.44, 5.33, 0.33, 0.44, 0.33, 1.22, 8.22, 9.22, 9.22, 10.89, 2.44, 10.67, 11.67, 10.56, 7.44, 7.44, 5.33, 0.67, 1.44, 9.89, 9.44, 11.67, 12.22, 2.67, 11.89, 11.67, 10.56, 7.44, 9.11, 1.0, 0.78, 1.67, 10.33, 12.11, 13.22, 2.89, 13.67, 12.11, 12.78, 1.33, 9.22, 1.11, 1.89, 3.11, 13.11, 13.78, 14.78, 14.0, 13.33, 12.89, 1.67, 9.33, 1.44, 2.11, 3.22, 15.0, 15.56, 15.33, 15.44, 13.67, 13.11, 2.0, 9.67, 3.33, 16.67, 16.0, 16.67, 15.78, 13.78, 13.11, 2.33, 9.67, 1.67, 1.89, 5.0, 17.44, 19.0, 14.0, 17.11, 2.67, 2.0, 19.11, 19.33, 18.11, 3.0, 2.11, 19.33, 19.67, 23.67, 3.33, 0.44, 0.67, 0.44, 19.44, 19.89, 22.0, 3.67, 9.33, 0.89, 0.56, 20.0, 24.22, 4.0, 1.33, 1.22, 1.78, 4.33]

ILAO*:
Tiempo requerido: 0.459
Nodos expandidos: 301

RLAO*:
Tiempo requerido: 0.147
Nodos expandidos: 433

BLAO*:
Tiempo requerido: 0.2
Nodos expandidos: 364

VI:
Tiempo requerido: 0.293
Numero de iteraciones: 71021
-------------------------------------------------------
Problema 11
-------------------------------------------------------
LAO*:
Tiempo requerido: 3.95
Nodos expandidos: 291
Porcentajes del conjunto Z: [0.11, 0.22, 0.22, 0.33, 0.44, 0.33, 0.44, 0.67, 0.67, 0.44, 0.56, 0.89, 1.0, 0.89, 0.56, 0.67, 1.11, 1.33, 1.33, 1.11, 0.67, 0.78, 1.33, 1.67, 1.78, 1.67, 1.44, 0.78, 1.56, 2.0, 2.22, 1.67, 0.89, 1.67, 2.67, 2.33, 1.78, 1.89, 1.0, 1.78, 1.78, 2.78, 2.89, 2.44, 1.89, 2.11, 2.11, 0.22, 1.11, 1.89, 3.33, 3.11, 3.56, 0.44, 2.33, 2.56, 2.33, 0.33, 1.22, 2.0, 2.0, 3.44, 3.22, 4.33, 0.67, 2.89, 2.56, 0.56, 1.33, 2.22, 3.89, 3.56, 3.33, 4.56, 4.44, 0.89, 3.0, 3.22, 2.78, 0.78, 1.44, 2.33, 4.22, 4.11, 4.33, 4.78, 4.56, 1.11, 3.11, 3.44, 3.56, 3.0, 1.0, 1.56, 2.44, 4.44, 4.56, 5.0, 5.89, 1.33, 4.67, 6.0, 3.67, 3.89, 3.89, 3.22, 1.22, 1.67, 1.56, 2.56, 4.67, 4.89, 5.56, 6.67, 4.78, 6.22, 6.67, 4.22, 4.33, 4.22, 3.44, 1.44, 1.78, 1.67, 2.67, 4.89, 5.22, 6.0, 7.33, 6.78, 4.89, 6.44, 7.0, 7.33, 4.78, 4.78, 4.56, 3.67, 1.67, 1.78, 5.11, 6.44, 7.89, 7.56, 7.44, 6.78, 7.33, 7.78, 8.0, 5.33, 5.22, 4.89, 1.89, 1.89, 1.89, 5.22, 5.22, 6.56, 8.44, 8.22, 7.78, 8.22, 8.56, 8.67, 3.56, 5.89, 5.67, 0.33, 0.33, 2.11, 2.0, 2.11, 5.44, 7.33, 8.78, 9.0, 8.44, 8.0, 8.89, 9.22, 9.44, 9.44, 0.67, 6.44, 0.44, 2.33, 2.11, 3.56, 7.67, 9.56, 9.33, 9.22, 8.56, 8.11, 9.11, 9.89, 10.22, 10.22, 10.11, 1.0, 0.78, 2.56, 2.22, 3.78, 10.0, 10.22, 9.67, 12.33, 9.33, 11.11, 11.0, 1.11, 2.78, 2.33, 4.0, 10.78, 10.67, 9.78, 12.44, 13.67, 9.44, 11.22, 12.0, 6.11, 1.44, 3.0, 2.44, 4.22, 4.11, 11.33, 10.89, 14.0, 14.0, 14.0, 1.44, 9.67, 11.44, 12.33, 1.78, 3.22, 4.44, 4.44, 1.78, 11.67, 15.22, 15.56, 14.33, 14.22, 12.78, 12.56, 2.11, 3.44, 4.56, 5.44, 2.0, 16.11, 16.89, 16.0, 14.67, 17.44, 14.0, 2.44, 5.67, 2.22, 19.22, 18.78, 17.11, 18.33, 19.11, 2.78, 2.44, 19.89, 19.33, 20.56, 19.78, 0.44, 0.56, 0.44, 2.67, 20.56, 22.89, 22.11, 0.89, 0.56, 2.44, 2.89, 24.22, 24.56, 1.33, 1.0, 3.11]

ILAO*:
Tiempo requerido: 0.434
Nodos expandidos: 305

RLAO*:
Tiempo requerido: 0.175
Nodos expandidos: 527

BLAO*:
Tiempo requerido: 0.153
Nodos expandidos: 417

VI:
Tiempo requerido: 0.291
Numero de iteraciones: 71021
-------------------------------------------------------
Problema 12
-------------------------------------------------------
LAO*:
Tiempo requerido: 4.068
Nodos expandidos: 270
Porcentajes del conjunto Z: [0.11, 0.22, 0.22, 0.33, 0.44, 0.33, 0.44, 0.67, 0.67, 0.44, 0.56, 0.89, 1.0, 0.89, 0.56, 0.67, 1.11, 1.33, 1.33, 1.11, 0.67, 0.78, 1.33, 1.78, 1.67, 1.33, 0.78, 0.89, 1.56, 1.44, 1.89, 2.22, 2.0, 1.56, 0.89, 1.0, 1.78, 1.78, 2.56, 2.44, 2.67, 2.33, 1.78, 1.0, 0.22, 1.11, 2.0, 2.11, 3.0, 3.22, 3.0, 3.11, 2.67, 2.0, 0.22, 1.11, 0.44, 1.22, 2.22, 2.44, 3.44, 3.78, 3.89, 3.56, 3.0, 0.44, 2.22, 1.22, 0.67, 1.33, 2.44, 2.78, 3.89, 4.33, 4.56, 4.56, 3.67, 0.67, 3.11, 3.33, 2.44, 1.33, 0.89, 1.44, 3.11, 4.33, 4.89, 5.22, 5.33, 4.78, 0.89, 4.67, 3.56, 3.67, 2.67, 1.44, 1.11, 1.67, 1.67, 3.33, 5.56, 6.0, 6.22, 5.78, 5.89, 5.22, 4.0, 4.0, 2.89, 1.56, 1.78, 1.89, 3.78, 3.44, 6.67, 7.0, 6.67, 6.89, 0.89, 6.67, 5.78, 4.44, 3.11, 1.67, 2.22, 4.22, 4.11, 3.67, 6.89, 7.78, 7.56, 8.0, 7.67, 7.22, 4.44, 3.11, 3.22, 0.89, 1.78, 4.56, 4.56, 4.33, 7.67, 8.0, 1.22, 8.78, 8.33, 7.22, 4.44, 5.0, 3.33, 3.33, 1.11, 5.0, 4.89, 8.44, 8.89, 8.11, 1.44, 8.78, 9.56, 8.44, 5.11, 5.33, 3.56, 1.33, 0.33, 0.44, 5.44, 9.11, 9.89, 9.22, 1.67, 8.33, 9.22, 10.11, 8.89, 5.56, 6.11, 0.33, 0.67, 9.78, 10.67, 10.22, 1.89, 11.33, 10.22, 10.11, 8.89, 10.44, 5.56, 6.11, 0.67, 1.33, 11.33, 11.0, 10.22, 2.0, 11.33, 12.56, 10.56, 10.78, 10.78, 10.78, 1.11, 7.0, 1.0, 12.11, 11.44, 2.44, 13.78, 13.0, 13.11, 11.44, 12.78, 11.22, 12.11, 1.67, 1.33, 12.44, 2.67, 14.89, 15.33, 13.44, 13.89, 13.22, 13.11, 12.44, 1.89, 2.89, 16.0, 16.56, 15.89, 14.33, 15.78, 13.78, 14.44, 2.11, 17.67, 17.11, 16.78, 16.22, 16.33, 15.0, 1.0, 2.33, 18.56, 18.33, 19.22, 17.33, 18.33, 1.44, 19.44, 21.78, 19.78, 18.78, 1.78, 1.44, 0.44, 0.67, 22.78, 21.67, 0.44, 1.56, 0.89, 23.11, 25.0, 2.0, 1.11, 1.0]

ILAO*:
Tiempo requerido: 0.374
Nodos expandidos: 277

RLAO*:
Tiempo requerido: 0.151
Nodos expandidos: 401

BLAO*:
Tiempo requerido: 0.142
Nodos expandidos: 360

VI:
Tiempo requerido: 0.288
Numero de iteraciones: 71021
-------------------------------------------------------
Problema 13
-------------------------------------------------------
LAO*:
Tiempo requerido: 3.244
Nodos expandidos: 246
Porcentajes del conjunto Z: [0.11, 0.22, 0.22, 0.33, 0.44, 0.33, 0.44, 0.67, 0.67, 0.44, 0.56, 0.89, 1.0, 0.89, 0.56, 0.67, 1.11, 1.33, 1.33, 1.11, 0.67, 0.78, 1.33, 1.67, 1.78, 1.67, 1.33, 0.78, 0.89, 1.56, 2.0, 2.22, 2.0, 0.89, 1.0, 1.78, 2.33, 2.67, 2.33, 2.11, 2.11, 1.0, 1.0, 1.11, 2.0, 2.67, 3.11, 3.22, 2.56, 1.22, 1.11, 0.22, 1.22, 2.11, 2.89, 3.44, 3.11, 3.22, 3.22, 2.56, 2.78, 0.33, 1.44, 1.22, 1.33, 2.33, 3.11, 3.78, 3.56, 4.22, 3.33, 3.89, 2.89, 3.0, 0.44, 0.56, 1.67, 1.33, 2.56, 3.44, 4.11, 4.0, 4.78, 4.44, 4.11, 4.33, 3.22, 3.22, 0.78, 1.89, 1.44, 2.67, 3.78, 4.56, 4.56, 5.33, 5.11, 5.33, 4.67, 4.78, 0.67, 3.56, 3.44, 1.0, 2.11, 1.56, 2.89, 5.33, 6.44, 6.33, 6.67, 6.56, 0.89, 5.78, 5.78, 4.44, 4.22, 2.33, 1.67, 3.0, 3.0, 5.44, 5.44, 6.56, 7.11, 7.44, 7.44, 7.22, 1.11, 6.33, 6.22, 4.78, 4.44, 0.89, 2.56, 3.22, 5.89, 5.67, 7.67, 7.33, 8.22, 8.33, 8.22, 7.89, 6.67, 5.11, 4.67, 1.11, 6.22, 6.22, 8.0, 8.56, 8.56, 9.33, 9.22, 1.11, 9.0, 7.89, 6.67, 7.22, 5.44, 1.33, 6.67, 8.67, 9.0, 10.33, 1.33, 9.11, 7.67, 1.56, 0.33, 0.33, 9.11, 9.67, 1.56, 10.33, 10.33, 9.0, 7.56, 0.44, 1.78, 0.44, 10.22, 9.67, 1.78, 10.33, 10.44, 11.44, 9.0, 7.44, 0.89, 0.78, 2.0, 10.33, 9.67, 10.33, 10.56, 11.67, 11.56, 9.0, 7.33, 1.0, 1.11, 2.22, 10.44, 13.22, 10.67, 11.89, 11.89, 11.67, 11.33, 1.44, 1.44, 2.44, 14.67, 14.22, 3.0, 12.78, 12.67, 14.56, 1.78, 2.67, 15.78, 3.22, 15.89, 13.44, 13.78, 16.22, 2.11, 17.89, 13.78, 16.67, 2.22, 1.22, 17.89, 18.44, 16.89, 2.67, 1.56, 18.56, 21.67, 2.78, 1.89, 0.44, 0.56, 0.44]

ILAO*:
Tiempo requerido: 0.327
Nodos expandidos: 264

RLAO*:
Tiempo requerido: 0.121
Nodos expandidos: 416

BLAO*:
Tiempo requerido: 0.17
Nodos expandidos: 377

VI:
Tiempo requerido: 0.285
Numero de iteraciones: 71021
-------------------------------------------------------
Problema 14
-------------------------------------------------------
LAO*:
Tiempo requerido: 3.272
Nodos expandidos: 260
Porcentajes del conjunto Z: [0.11, 0.22, 0.22, 0.33, 0.44, 0.33, 0.44, 0.67, 0.67, 0.44, 0.56, 1.0, 0.89, 0.56, 0.67, 1.11, 1.11, 0.67, 0.78, 1.56, 1.22, 1.33, 0.78, 0.89, 1.78, 1.78, 1.33, 1.44, 0.89, 1.0, 2.0, 2.11, 2.0, 2.22, 1.56, 1.0, 1.0, 1.11, 2.22, 2.44, 3.0, 2.44, 2.0, 1.22, 1.11, 0.22, 2.44, 2.56, 3.11, 3.33, 3.0, 2.33, 0.44, 0.33, 1.44, 1.22, 2.56, 2.56, 2.67, 3.56, 4.0, 3.44, 0.67, 2.67, 0.56, 1.67, 1.44, 2.78, 2.89, 3.44, 2.89, 4.44, 4.67, 4.0, 1.56, 2.89, 3.11, 3.78, 3.67, 3.0, 4.56, 5.11, 5.22, 0.78, 4.11, 0.67, 1.67, 1.67, 3.0, 3.33, 4.11, 4.11, 3.89, 5.78, 5.33, 5.78, 5.44, 0.89, 4.22, 0.89, 1.78, 1.89, 1.78, 3.11, 3.56, 4.44, 4.56, 6.67, 6.56, 6.0, 6.0, 5.56, 1.0, 4.89, 1.11, 2.11, 2.11, 3.22, 3.78, 4.78, 5.0, 4.67, 6.78, 7.67, 7.44, 1.11, 6.44, 6.44, 1.11, 5.33, 1.33, 2.44, 3.33, 4.0, 5.11, 5.44, 5.22, 8.0, 8.0, 8.78, 1.33, 6.67, 6.67, 1.22, 5.89, 4.22, 5.44, 5.89, 8.67, 9.22, 9.11, 8.89, 1.56, 8.0, 1.33, 6.0, 1.22, 0.33, 0.33, 5.67, 6.22, 5.89, 8.67, 9.89, 10.33, 9.22, 8.89, 1.56, 7.78, 7.78, 1.33, 5.78, 0.78, 0.44, 1.56, 6.78, 6.56, 9.89, 10.22, 11.33, 10.78, 11.11, 1.78, 8.33, 9.33, 1.56, 0.78, 7.11, 10.56, 11.44, 11.67, 11.78, 10.89, 2.89, 11.22, 11.44, 1.89, 9.67, 1.67, 11.22, 12.78, 12.22, 12.0, 3.11, 13.33, 11.67, 12.89, 2.0, 1.78, 0.89, 0.78, 1.78, 12.89, 3.33, 12.56, 13.89, 13.22, 3.22, 1.11, 5.0, 1.11, 2.0, 13.0, 13.0, 3.56, 12.67, 12.67, 14.11, 15.67, 3.33, 1.33, 13.11, 15.44, 5.89, 15.89, 15.78, 1.56, 1.44, 6.11, 17.56, 17.33, 16.89, 18.67, 2.11, 1.56, 17.78, 21.0, 18.89, 2.44, 2.0, 0.44, 0.56, 0.44, 21.22, 22.78, 2.67, 1.0, 0.56, 0.89, 2.44]

ILAO*:
Tiempo requerido: 0.26
Nodos expandidos: 275

RLAO*:
Tiempo requerido: 0.161
Nodos expandidos: 469

BLAO*:
Tiempo requerido: 0.157
Nodos expandidos: 450

VI:
Tiempo requerido: 0.291
Numero de iteraciones: 71021
-------------------------------------------------------
Problema 15
-------------------------------------------------------
LAO*:
Tiempo requerido: 3.34
Nodos expandidos: 265
Porcentajes del conjunto Z: [0.11, 0.22, 0.22, 0.33, 0.44, 0.33, 0.44, 0.67, 0.44, 0.56, 0.56, 0.78, 0.89, 0.56, 0.67, 0.78, 1.22, 1.11, 0.67, 0.78, 1.0, 1.56, 1.33, 1.22, 1.33, 0.78, 1.22, 1.89, 1.78, 1.56, 1.56, 0.89, 1.33, 2.44, 1.67, 1.89, 1.78, 1.0, 1.44, 2.67, 2.56, 1.78, 2.11, 2.22, 2.0, 0.22, 1.11, 0.22, 1.56, 2.89, 2.89, 2.67, 1.89, 2.33, 2.56, 2.56, 2.22, 0.44, 0.44, 1.22, 3.22, 3.11, 0.67, 2.56, 2.89, 3.0, 2.89, 2.44, 1.33, 3.33, 3.56, 3.22, 0.89, 2.67, 3.22, 3.44, 3.44, 3.22, 2.67, 1.44, 3.44, 3.78, 3.78, 5.33, 1.11, 3.44, 3.89, 4.0, 3.89, 3.56, 2.89, 0.67, 1.56, 3.56, 4.0, 4.11, 6.0, 6.22, 1.33, 4.22, 4.56, 4.33, 3.89, 3.11, 0.89, 1.67, 3.67, 4.22, 4.44, 6.44, 7.0, 7.11, 1.56, 4.33, 4.67, 5.11, 4.78, 4.22, 3.33, 1.11, 3.78, 4.44, 4.78, 6.89, 8.0, 7.33, 1.67, 5.67, 5.33, 5.67, 4.56, 1.33, 3.89, 4.67, 5.11, 7.33, 7.0, 8.11, 8.33, 8.78, 1.78, 6.44, 5.78, 4.67, 1.56, 4.89, 5.44, 7.78, 7.56, 9.22, 8.56, 9.89, 1.56, 9.67, 1.89, 6.56, 5.89, 6.67, 0.33, 0.44, 1.78, 0.33, 1.78, 5.78, 8.22, 8.11, 9.89, 9.78, 10.22, 10.89, 9.89, 2.78, 2.0, 7.56, 6.89, 0.67, 0.67, 2.0, 1.89, 6.0, 8.89, 10.67, 10.67, 11.67, 11.44, 11.33, 11.0, 2.11, 1.0, 8.67, 0.78, 2.22, 2.0, 9.0, 10.78, 11.44, 12.56, 12.89, 11.89, 12.22, 2.22, 1.33, 0.89, 2.44, 3.56, 3.56, 9.11, 12.0, 11.67, 13.44, 13.44, 3.56, 12.0, 12.33, 1.67, 2.67, 3.78, 12.22, 13.0, 13.78, 13.56, 13.56, 13.67, 14.44, 2.0, 1.0, 2.89, 3.89, 13.33, 15.22, 14.0, 15.56, 13.89, 16.22, 2.33, 1.33, 4.0, 15.67, 15.56, 16.11, 16.0, 16.56, 2.56, 1.67, 4.11, 16.11, 18.33, 16.67, 18.78, 2.78, 2.0, 4.22, 19.0, 19.56, 3.0, 0.44, 0.67, 0.67, 2.33, 0.44, 19.11, 22.0, 3.22, 0.89, 2.67]

ILAO*:
Tiempo requerido: 0.298
Nodos expandidos: 284

RLAO*:
Tiempo requerido: 0.167
Nodos expandidos: 479

BLAO*:
Tiempo requerido: 0.2
Nodos expandidos: 432

VI:
Tiempo requerido: 0.287
Numero de iteraciones: 71021
-------------------------------------------------------
Problema 16
-------------------------------------------------------
LAO*:
Tiempo requerido: 3.879
Nodos expandidos: 286
Porcentajes del conjunto Z: [0.11, 0.22, 0.22, 0.33, 0.44, 0.33, 0.44, 0.67, 0.44, 0.56, 0.56, 0.78, 0.89, 0.56, 0.67, 0.78, 1.22, 1.11, 1.11, 0.67, 0.78, 1.0, 1.56, 1.67, 1.44, 1.33, 0.78, 1.22, 2.11, 2.11, 1.78, 1.56, 0.89, 1.33, 2.22, 2.56, 2.11, 1.78, 1.0, 1.44, 1.44, 2.33, 2.33, 2.67, 3.0, 2.0, 0.22, 1.11, 1.56, 1.67, 3.11, 2.56, 3.44, 3.22, 3.11, 2.11, 0.33, 1.22, 1.67, 1.89, 3.44, 3.44, 3.78, 4.11, 3.44, 3.78, 0.44, 2.22, 0.56, 1.33, 1.33, 2.11, 3.78, 3.89, 4.78, 4.56, 4.44, 0.67, 4.22, 4.0, 0.78, 1.56, 1.44, 2.22, 4.11, 4.33, 5.67, 5.0, 5.33, 4.56, 1.0, 1.78, 1.56, 2.33, 4.33, 4.78, 4.44, 5.78, 6.22, 6.0, 5.78, 4.67, 1.22, 1.89, 2.0, 1.67, 0.89, 2.44, 4.56, 5.0, 6.44, 7.33, 6.56, 6.0, 4.78, 1.44, 2.0, 2.22, 1.78, 1.0, 2.56, 4.78, 4.67, 5.11, 5.11, 6.56, 7.67, 8.0, 6.89, 6.22, 5.89, 1.67, 2.44, 2.33, 1.89, 1.11, 2.67, 5.0, 5.0, 5.78, 5.33, 8.33, 7.89, 8.44, 8.44, 7.22, 7.44, 6.44, 1.89, 2.67, 2.78, 1.22, 1.22, 5.44, 6.33, 6.22, 8.78, 9.89, 8.78, 9.0, 8.89, 8.44, 8.0, 6.67, 0.33, 2.11, 3.22, 1.44, 5.56, 6.78, 9.67, 10.33, 10.89, 9.44, 9.56, 10.22, 9.22, 8.44, 7.33, 0.44, 2.33, 1.56, 2.44, 5.67, 6.89, 10.33, 11.33, 11.44, 11.67, 10.11, 11.0, 11.11, 9.78, 9.22, 0.56, 0.78, 2.56, 1.67, 2.67, 7.56, 10.56, 12.11, 12.56, 12.33, 12.44, 12.0, 11.78, 10.67, 0.89, 1.11, 2.78, 1.78, 2.89, 11.33, 12.44, 13.44, 13.22, 12.56, 12.11, 12.78, 12.78, 1.0, 1.44, 3.0, 1.89, 3.0, 13.33, 13.89, 13.56, 13.33, 13.44, 15.22, 13.0, 13.78, 1.11, 1.78, 3.22, 2.0, 2.0, 3.11, 1.67, 14.89, 14.11, 13.67, 16.22, 14.11, 5.78, 2.11, 3.44, 2.22, 4.44, 1.89, 15.22, 15.22, 13.89, 16.56, 17.78, 2.44, 4.89, 2.22, 18.67, 14.11, 16.78, 18.11, 2.78, 2.44, 18.78, 18.89, 18.11, 18.22, 0.44, 0.44, 3.11, 19.11, 23.0, 19.78, 0.56, 0.56, 0.56, 3.44, 1.67, 23.33, 24.78, 1.0, 3.78, 2.22]

ILAO*:
Tiempo requerido: 0.305
Nodos expandidos: 304

RLAO*:
Tiempo requerido: 0.218
Nodos expandidos: 554

BLAO*:
Tiempo requerido: 0.229
Nodos expandidos: 525

VI:
Tiempo requerido: 0.283
Numero de iteraciones: 71021
-------------------------------------------------------
Problema 17
-------------------------------------------------------
LAO*:
Tiempo requerido: 3.165
Nodos expandidos: 260
Porcentajes del conjunto Z: [0.11, 0.22, 0.22, 0.33, 0.44, 0.33, 0.67, 0.44, 0.78, 0.89, 0.56, 0.89, 1.11, 1.11, 0.67, 1.0, 1.33, 1.44, 1.33, 0.78, 1.11, 1.56, 1.78, 1.56, 0.89, 1.78, 1.67, 1.89, 2.11, 1.0, 1.89, 2.0, 2.56, 2.33, 2.22, 0.22, 1.11, 1.11, 1.89, 2.11, 2.89, 3.0, 2.44, 2.56, 0.33, 1.33, 1.22, 0.44, 1.89, 2.22, 3.22, 3.44, 3.22, 2.89, 2.78, 0.56, 1.56, 1.33, 0.56, 1.89, 3.89, 3.78, 3.78, 3.33, 3.0, 0.78, 1.78, 1.44, 0.67, 2.0, 4.33, 3.67, 3.22, 1.0, 2.0, 1.56, 0.78, 2.11, 2.11, 4.33, 4.33, 0.78, 3.67, 3.44, 1.22, 2.22, 1.67, 0.89, 0.89, 2.22, 2.33, 2.22, 4.33, 4.33, 1.0, 3.67, 3.67, 3.44, 1.44, 2.44, 1.78, 1.0, 1.11, 1.89, 2.33, 2.56, 5.11, 4.44, 6.11, 3.78, 4.44, 3.44, 1.67, 2.56, 2.67, 1.11, 1.33, 2.22, 2.44, 2.44, 2.67, 5.56, 5.22, 4.56, 6.22, 6.33, 4.67, 4.56, 1.89, 2.89, 1.22, 1.56, 2.56, 2.56, 2.67, 3.11, 5.78, 5.78, 5.78, 6.33, 6.56, 7.33, 4.56, 0.33, 0.33, 2.11, 3.0, 1.33, 1.78, 2.67, 3.44, 6.33, 6.11, 6.56, 7.56, 6.78, 7.67, 7.33, 4.56, 5.56, 0.44, 0.44, 2.33, 1.44, 2.0, 1.89, 2.78, 0.89, 3.56, 6.78, 8.44, 8.22, 8.0, 7.78, 5.67, 0.78, 2.56, 1.56, 2.22, 4.44, 1.11, 7.0, 9.22, 9.44, 8.22, 7.78, 5.67, 1.11, 2.78, 1.67, 2.44, 2.33, 4.56, 1.33, 7.11, 10.56, 9.89, 8.44, 9.56, 1.44, 3.0, 2.67, 2.67, 5.22, 1.56, 7.11, 10.56, 11.0, 2.22, 10.22, 1.78, 3.22, 2.78, 3.0, 5.67, 5.33, 1.78, 7.11, 10.33, 10.89, 10.78, 5.22, 4.44, 10.33, 2.11, 3.44, 3.22, 6.33, 5.89, 2.0, 7.67, 11.78, 12.44, 12.44, 14.56, 2.44, 7.22, 2.22, 13.67, 12.56, 12.67, 14.89, 2.78, 7.44, 2.22, 18.11, 14.67, 16.78, 0.44, 0.56, 0.44, 3.11, 3.22, 17.33, 0.56, 0.67, 0.67, 3.56, 3.67, 1.22]

ILAO*:
Tiempo requerido: 0.319
Nodos expandidos: 275

RLAO*:
Tiempo requerido: 0.131
Nodos expandidos: 449

BLAO*:
Tiempo requerido: 0.153
Nodos expandidos: 386

VI:
Tiempo requerido: 0.287
Numero de iteraciones: 71021
-------------------------------------------------------
Problema 18
-------------------------------------------------------
LAO*:
Tiempo requerido: 3.442
Nodos expandidos: 252
Porcentajes del conjunto Z: [0.11, 0.22, 0.22, 0.33, 0.44, 0.33, 0.44, 0.67, 0.67, 0.44, 0.56, 0.89, 0.89, 0.56, 0.67, 1.11, 1.0, 1.0, 1.11, 0.67, 0.78, 1.33, 1.33, 1.33, 1.33, 0.78, 0.89, 1.56, 1.44, 1.44, 1.67, 1.56, 0.89, 1.78, 1.67, 2.56, 1.89, 2.0, 1.78, 1.0, 0.22, 1.89, 2.0, 1.78, 2.67, 3.11, 2.33, 2.33, 2.0, 1.11, 0.22, 2.0, 2.22, 2.22, 3.44, 3.33, 3.67, 2.78, 2.67, 1.22, 2.11, 2.44, 2.56, 3.89, 4.11, 3.89, 4.11, 0.44, 3.11, 2.67, 0.44, 1.33, 1.33, 2.67, 2.89, 4.22, 4.67, 4.78, 4.44, 4.56, 0.67, 3.22, 3.0, 0.67, 1.56, 1.44, 2.78, 3.22, 4.56, 5.11, 5.44, 5.44, 5.0, 0.89, 3.67, 3.22, 0.89, 1.78, 1.56, 2.89, 3.44, 5.56, 6.0, 6.22, 6.11, 5.0, 3.67, 4.0, 3.44, 1.11, 2.0, 1.67, 3.0, 3.67, 3.56, 5.67, 6.56, 6.89, 7.0, 6.22, 0.89, 5.89, 4.11, 4.33, 3.67, 1.33, 2.22, 3.11, 3.89, 6.78, 7.56, 7.78, 7.22, 1.11, 7.22, 6.44, 4.67, 3.89, 1.56, 3.22, 4.0, 4.0, 7.89, 8.56, 8.11, 8.33, 1.22, 7.89, 6.44, 4.67, 5.0, 1.78, 0.33, 0.44, 4.44, 4.22, 4.11, 8.0, 9.0, 9.11, 9.33, 9.11, 1.33, 8.0, 7.44, 5.11, 2.0, 0.33, 0.44, 4.78, 4.44, 9.33, 9.22, 9.67, 10.33, 2.11, 10.22, 9.33, 1.44, 9.11, 8.0, 2.22, 0.44, 0.78, 5.11, 9.78, 10.67, 2.89, 10.0, 11.0, 11.33, 10.56, 10.56, 9.78, 2.44, 1.11, 10.56, 11.22, 11.56, 3.0, 11.44, 12.11, 11.89, 11.89, 11.33, 0.78, 2.67, 1.44, 12.11, 12.22, 3.11, 12.67, 12.78, 13.22, 12.78, 1.11, 2.89, 13.22, 12.33, 3.22, 12.78, 13.44, 14.33, 14.22, 1.22, 3.11, 13.67, 3.11, 15.78, 3.33, 16.33, 1.67, 1.44, 16.89, 4.56, 15.78, 16.33, 2.0, 1.78, 17.22, 15.78, 16.33, 2.22, 2.11, 0.44, 0.67, 0.67, 17.33, 19.67, 2.44, 0.44, 0.67]

ILAO*:
Tiempo requerido: 0.277
Nodos expandidos: 264

RLAO*:
Tiempo requerido: 0.152
Nodos expandidos: 448

BLAO*:
Tiempo requerido: 0.173
Nodos expandidos: 394

VI:
Tiempo requerido: 1.711
Numero de iteraciones: 432419
-------------------------------------------------------
Problema 19
-------------------------------------------------------
LAO*:
Tiempo requerido: 3.976
Nodos expandidos: 281
Porcentajes del conjunto Z: [0.11, 0.22, 0.22, 0.33, 0.44, 0.33, 0.44, 0.67, 0.44, 0.56, 0.56, 0.78, 0.89, 0.56, 0.67, 0.78, 1.22, 1.11, 1.11, 0.67, 0.78, 1.0, 1.56, 1.67, 1.33, 0.78, 0.89, 1.22, 1.89, 2.11, 1.78, 1.44, 1.56, 0.89, 1.0, 1.44, 2.22, 2.56, 2.33, 2.44, 1.78, 1.78, 1.0, 1.11, 1.67, 2.56, 3.0, 2.89, 3.11, 2.11, 2.0, 0.22, 1.11, 1.22, 1.89, 2.89, 3.44, 3.78, 3.22, 0.44, 2.22, 2.44, 2.22, 0.33, 1.22, 1.33, 2.11, 3.22, 3.0, 4.44, 4.0, 4.11, 0.67, 2.67, 2.44, 0.56, 1.33, 1.44, 2.33, 3.56, 3.44, 4.56, 4.78, 5.11, 4.67, 0.89, 2.78, 2.56, 2.67, 0.78, 1.44, 2.56, 3.89, 3.89, 3.56, 4.67, 5.78, 1.11, 4.89, 3.44, 2.89, 1.56, 4.22, 4.11, 6.11, 4.78, 1.33, 5.89, 6.11, 5.67, 3.56, 3.11, 0.78, 1.67, 4.33, 4.22, 6.78, 6.33, 1.56, 4.89, 6.0, 6.33, 7.0, 5.89, 3.67, 3.22, 3.44, 1.78, 5.11, 7.0, 6.56, 1.78, 7.22, 6.56, 7.33, 7.33, 6.11, 3.67, 1.0, 8.0, 7.11, 6.67, 9.0, 7.89, 7.67, 7.78, 7.67, 6.22, 3.78, 1.22, 8.11, 8.22, 7.78, 1.22, 9.22, 9.78, 9.11, 8.22, 7.89, 6.33, 3.89, 0.33, 1.44, 8.22, 9.0, 10.44, 10.11, 11.11, 9.78, 8.33, 8.0, 8.11, 7.89, 0.67, 0.44, 1.67, 8.33, 11.78, 1.44, 11.44, 11.56, 11.89, 10.0, 9.11, 8.33, 9.78, 1.0, 0.78, 1.89, 1.67, 8.44, 11.89, 12.89, 13.0, 12.44, 12.22, 10.89, 9.56, 10.11, 1.11, 2.11, 1.78, 8.56, 12.0, 13.11, 14.56, 14.0, 12.89, 13.22, 11.44, 11.44, 1.22, 1.22, 2.33, 1.89, 12.67, 13.33, 14.89, 15.67, 14.56, 14.0, 13.89, 13.44, 1.56, 1.67, 2.56, 2.0, 2.0, 14.11, 15.22, 16.11, 15.78, 16.0, 1.89, 1.78, 2.78, 2.22, 2.11, 16.11, 16.56, 16.22, 15.89, 16.11, 2.22, 2.22, 2.44, 2.22, 17.56, 16.33, 16.0, 18.89, 2.33, 2.56, 2.67, 2.67, 17.67, 16.44, 18.44, 19.11, 2.78, 7.89, 0.44, 0.44, 2.89, 2.78, 18.11, 18.67, 21.78, 2.89, 0.89, 0.56, 0.56, 3.22, 9.78, 21.33, 22.11, 3.33, 1.33, 1.0, 3.56, 3.67]

ILAO*:
Tiempo requerido: 0.305
Nodos expandidos: 290

RLAO*:
Tiempo requerido: 0.143
Nodos expandidos: 471

BLAO*:
Tiempo requerido: 0.207
Nodos expandidos: 477

VI:
Tiempo requerido: 0.287
Numero de iteraciones: 71021
-------------------------------------------------------
Problema 20
-------------------------------------------------------
LAO*:
Tiempo requerido: 3.339
Nodos expandidos: 257
Porcentajes del conjunto Z: [0.11, 0.22, 0.22, 0.33, 0.44, 0.33, 0.44, 0.67, 0.67, 0.44, 0.56, 0.89, 1.0, 0.89, 0.56, 0.67, 1.11, 1.33, 1.33, 1.11, 0.67, 0.78, 1.67, 1.78, 1.67, 1.33, 0.78, 0.89, 0.89, 1.78, 2.22, 2.22, 1.56, 0.89, 1.0, 1.11, 2.44, 2.78, 2.33, 1.67, 1.78, 1.0, 0.22, 1.33, 1.22, 2.56, 3.11, 3.0, 3.0, 2.0, 2.0, 1.11, 0.22, 0.44, 1.44, 1.56, 3.33, 3.33, 3.78, 3.44, 2.33, 2.22, 1.22, 0.67, 1.56, 1.78, 3.78, 4.22, 3.44, 3.89, 4.33, 3.89, 0.44, 2.67, 1.33, 0.89, 1.67, 2.0, 4.78, 4.67, 4.67, 4.56, 4.89, 4.33, 0.67, 2.78, 1.44, 1.44, 1.11, 2.22, 2.11, 6.0, 5.44, 5.44, 0.89, 4.56, 1.67, 1.56, 1.33, 2.33, 2.44, 2.22, 6.11, 7.0, 1.11, 5.56, 5.56, 5.78, 4.67, 1.78, 1.89, 1.67, 1.56, 2.67, 2.67, 2.33, 7.22, 1.33, 6.0, 6.0, 5.44, 2.11, 2.11, 2.78, 3.0, 2.89, 7.33, 7.33, 1.56, 6.33, 6.89, 5.89, 2.44, 2.89, 3.22, 3.33, 3.0, 1.78, 7.44, 7.56, 7.44, 6.33, 7.22, 7.33, 6.22, 1.11, 0.33, 0.44, 3.44, 3.67, 3.56, 3.11, 1.89, 7.56, 7.78, 7.78, 7.33, 7.78, 7.78, 1.33, 0.33, 4.0, 4.0, 9.56, 2.0, 8.0, 8.11, 7.89, 7.33, 8.0, 8.33, 1.56, 0.44, 0.78, 4.44, 4.11, 9.67, 10.11, 1.67, 2.11, 8.44, 8.33, 10.89, 8.11, 8.67, 0.89, 1.78, 1.11, 4.67, 10.89, 10.33, 10.67, 1.89, 2.22, 8.78, 11.33, 11.78, 8.89, 1.22, 2.0, 1.44, 11.56, 11.67, 11.0, 11.11, 2.0, 2.33, 11.89, 12.33, 12.67, 1.56, 2.22, 1.78, 12.44, 12.44, 11.56, 14.33, 2.11, 2.44, 13.0, 13.33, 1.89, 2.44, 2.11, 13.22, 13.0, 15.33, 16.11, 3.67, 3.56, 2.44, 14.89, 2.22, 2.22, 14.22, 17.22, 17.0, 17.67, 3.89, 2.56, 2.56, 18.33, 5.22, 19.0, 18.67, 2.89, 0.44, 0.67, 2.89, 0.67, 20.78, 20.44, 9.89, 3.11, 0.44, 0.56, 3.22]

ILAO*:
Tiempo requerido: 0.388
Nodos expandidos: 270

RLAO*:
Tiempo requerido: 0.15
Nodos expandidos: 457

BLAO*:
Tiempo requerido: 0.117
Nodos expandidos: 410

VI:
Tiempo requerido: 0.285
Numero de iteraciones: 71021
-------------------------------------------------------
