Problema 1
-------------------------------------------------------
LAO*:
Tiempo requerido: 33.698
Nodos expandidos: 757
Porcentajes del conjunto Z: [0.04, 0.08, 0.08, 0.12, 0.16, 0.12, 0.16, 0.24, 0.24, 0.16, 0.2, 0.32, 0.36, 0.32, 0.2, 0.24, 0.4, 0.48, 0.4, 0.24, 0.48, 0.6, 0.52, 0.44, 0.48, 0.28, 0.52, 0.68, 0.76, 0.56, 0.56, 0.32, 0.56, 0.56, 0.96, 0.68, 0.64, 0.36, 0.08, 0.6, 0.64, 0.6, 1.0, 1.0, 0.72, 0.8, 0.72, 0.08, 0.4, 0.16, 0.64, 0.72, 0.72, 1.24, 1.08, 1.32, 0.16, 0.92, 0.8, 0.44, 0.68, 0.8, 0.84, 1.4, 1.36, 1.44, 1.36, 0.24, 0.96, 1.04, 0.88, 0.48, 0.72, 0.88, 1.52, 1.52, 1.72, 1.48, 1.64, 0.32, 1.08, 1.12, 0.92, 0.2, 0.52, 0.76, 0.96, 0.92, 1.52, 1.68, 1.92, 1.8, 0.4, 1.8, 1.84, 1.2, 0.96, 0.28, 0.56, 0.48, 0.8, 1.04, 1.04, 1.76, 1.76, 2.12, 2.04, 1.84, 1.2, 1.28, 1.0, 0.36, 0.6, 0.52, 0.84, 1.12, 1.16, 1.92, 2.04, 2.2, 2.04, 1.84, 2.12, 1.32, 1.36, 1.04, 0.44, 0.64, 0.88, 1.2, 1.28, 2.08, 2.24, 2.52, 2.28, 2.08, 2.08, 1.84, 2.16, 2.28, 1.48, 1.52, 1.08, 0.52, 0.68, 0.92, 1.28, 1.4, 2.24, 2.44, 2.56, 0.6, 2.16, 2.72, 2.24, 1.6, 1.12, 0.6, 0.72, 0.12, 0.16, 0.96, 1.36, 1.52, 2.4, 2.64, 2.48, 0.68, 2.68, 2.8, 3.16, 1.6, 1.68, 0.12, 0.68, 0.76, 0.24, 1.0, 1.44, 2.56, 2.84, 2.72, 2.52, 0.76, 3.36, 3.28, 3.16, 0.24, 1.6, 1.72, 1.68, 0.76, 0.8, 0.8, 0.28, 1.04, 1.52, 1.48, 2.68, 3.12, 2.88, 2.64, 0.84, 3.68, 4.2, 3.68, 3.52, 0.36, 1.96, 2.12, 2.12, 0.88, 0.84, 0.4, 1.08, 1.6, 1.6, 2.92, 3.2, 2.92, 2.96, 2.68, 0.92, 3.72, 4.28, 4.32, 3.76, 3.56, 0.48, 2.2, 2.24, 2.16, 0.92, 0.96, 0.88, 0.52, 1.12, 1.68, 1.72, 3.08, 3.24, 2.96, 3.04, 3.04, 1.0, 4.6, 4.36, 4.44, 4.44, 3.84, 0.6, 2.24, 2.36, 2.32, 2.44, 1.04, 1.04, 0.92, 0.64, 0.72, 1.16, 1.76, 1.84, 3.12, 3.28, 3.52, 1.08, 3.12, 3.16, 5.0, 5.28, 4.56, 4.6, 4.56, 3.88, 2.24, 2.4, 2.44, 2.6, 2.56, 0.64, 1.16, 1.12, 0.96, 0.76, 0.8, 1.2, 1.84, 2.0, 1.88, 3.16, 3.76, 3.6, 3.72, 1.16, 3.28, 5.16, 5.52, 4.76, 4.76, 4.64, 4.84, 2.44, 2.56, 2.76, 2.76, 2.68, 0.72, 1.28, 1.2, 1.0, 0.88, 0.84, 1.24, 2.08, 3.48, 3.84, 4.12, 1.24, 3.84, 3.92, 5.28, 5.16, 5.52, 5.72, 4.92, 4.84, 5.56, 2.96, 2.92, 2.92, 2.8, 0.8, 1.4, 1.04, 0.88, 1.28, 2.12, 3.72, 4.24, 4.4, 1.32, 4.08, 6.04, 5.44, 6.24, 5.88, 6.04, 5.16, 5.92, 5.68, 2.92, 2.92, 3.08, 2.92, 0.88, 1.44, 1.08, 0.16, 0.24, 0.24, 0.96, 0.96, 1.32, 2.16, 3.72, 3.68, 4.2, 4.48, 4.6, 1.4, 5.96, 5.88, 6.2, 6.28, 5.88, 5.92, 5.72, 5.44, 2.64, 2.64, 2.84, 2.96, 2.68, 0.2, 0.72, 0.96, 1.6, 1.0, 1.16, 2.4, 3.8, 3.8, 4.8, 4.52, 4.76, 6.56, 6.08, 6.88, 6.48, 6.52, 2.56, 5.88, 5.92, 6.04, 5.76, 6.2, 0.36, 2.6, 1.56, 2.6, 2.84, 3.0, 3.0, 2.8, 0.84, 1.04, 0.32, 1.04, 1.28, 4.08, 3.92, 4.96, 5.2, 1.08, 4.84, 6.76, 6.72, 7.12, 7.24, 6.56, 2.64, 5.56, 5.68, 0.52, 1.64, 3.12, 2.88, 3.08, 3.12, 3.2, 0.88, 1.12, 0.48, 1.08, 1.4, 4.24, 5.56, 1.16, 6.88, 6.96, 7.8, 7.52, 7.24, 6.52, 6.52, 4.44, 5.68, 5.68, 5.68, 6.16, 4.0, 0.68, 3.44, 3.16, 3.24, 3.36, 0.92, 1.2, 0.64, 1.12, 1.52, 4.28, 1.24, 5.84, 7.92, 7.4, 8.36, 8.52, 7.84, 8.0, 6.92, 6.88, 6.4, 6.44, 7.32, 6.92, 7.2, 0.84, 3.76, 3.36, 3.52, 0.96, 1.28, 0.8, 1.16, 1.64, 1.0, 4.4, 1.32, 5.96, 8.28, 8.52, 8.92, 9.2, 8.96, 8.44, 7.32, 6.84, 7.76, 8.24, 7.64, 7.88, 4.0, 1.36, 0.96, 1.2, 1.76, 1.12, 6.64, 1.4, 8.36, 8.64, 9.8, 9.48, 9.0, 8.48, 8.56, 7.36, 7.88, 8.68, 8.04, 7.92, 4.0, 0.76, 1.44, 1.12, 1.24, 1.88, 1.2, 1.48, 9.08, 8.76, 9.96, 10.4, 9.04, 9.72, 8.64, 7.4, 7.92, 7.92, 8.72, 9.12, 8.12, 8.52, 0.88, 1.52, 1.16, 1.28, 2.0, 1.28, 9.52, 10.12, 10.6, 10.44, 9.08, 9.8, 9.92, 8.68, 7.44, 10.28, 8.12, 9.24, 9.44, 9.48, 9.08, 1.0, 0.2, 0.32, 1.4, 1.32, 2.12, 1.36, 1.36, 10.96, 10.8, 10.68, 10.72, 9.88, 10.04, 10.0, 8.84, 9.32, 9.52, 10.16, 6.6, 0.24, 1.12, 0.24, 1.56, 1.36, 2.2, 1.56, 12.12, 11.36, 11.44, 12.0, 10.6, 10.6, 10.64, 9.24, 9.48, 9.48, 9.68, 10.44, 0.44, 1.24, 0.48, 1.64, 2.28, 1.68, 12.28, 11.72, 12.28, 12.28, 10.72, 10.8, 10.68, 9.24, 9.04, 9.08, 9.76, 10.04, 0.64, 2.12, 0.68, 1.72, 2.32, 2.4, 1.8, 12.68, 13.04, 12.8, 11.16, 11.08, 10.92, 9.68, 10.4, 11.16, 0.84, 1.24, 0.88, 1.8, 2.36, 3.4, 1.92, 13.4, 12.8, 11.16, 11.28, 11.16, 10.92, 9.24, 9.72, 10.52, 11.32, 1.04, 1.36, 1.08, 1.84, 2.4, 2.64, 2.04, 1.24, 7.16, 14.12, 14.16, 13.52, 11.44, 11.52, 15.36, 10.56, 11.44, 1.48, 1.28, 2.08, 2.44, 3.72, 2.16, 1.4, 14.24, 14.72, 13.76, 11.64, 11.56, 15.4, 16.24, 11.52, 1.6, 1.48, 3.92, 1.52, 15.32, 15.48, 14.2, 11.72, 16.04, 16.32, 17.2, 1.72, 1.56, 2.16, 1.68, 15.64, 15.76, 14.32, 17.24, 17.64, 1.04, 0.4, 1.84, 0.36, 2.28, 1.8, 15.96, 15.92, 14.36, 17.24, 18.32, 0.28, 0.28, 1.2, 0.28, 2.04, 2.36, 2.0, 16.16, 16.0, 20.04, 18.36, 1.36, 0.56, 2.16, 2.48, 2.16, 16.28, 23.08, 0.68, 1.4, 2.28, 3.04, 2.32, 23.36, 0.92, 0.92, 2.4, 2.48]

ILAO*:
Tiempo requerido: 2.758
Nodos expandidos: 791

RLAO*:
Tiempo requerido: 0.828
Nodos expandidos: 1270

BLAO*:
Tiempo requerido: 0.798
Nodos expandidos: 1096

VI:
Tiempo requerido: 4.383
Numero de iteraciones: 1079568
-------------------------------------------------------
Problema 2
-------------------------------------------------------
LAO*:
Tiempo requerido: 34.305
Nodos expandidos: 756
Porcentajes del conjunto Z: [0.04, 0.08, 0.08, 0.12, 0.16, 0.12, 0.16, 0.24, 0.16, 0.2, 0.2, 0.32, 0.2, 0.24, 0.28, 0.24, 0.36, 0.4, 0.24, 0.28, 0.36, 0.36, 0.48, 0.48, 0.28, 0.32, 0.44, 0.4, 0.52, 0.6, 0.56, 0.32, 0.36, 0.52, 0.48, 0.44, 0.88, 0.68, 0.72, 0.64, 0.36, 0.4, 0.6, 0.6, 0.68, 0.96, 1.08, 0.84, 0.84, 0.72, 0.08, 0.4, 0.08, 0.44, 0.68, 0.72, 0.84, 1.2, 1.28, 1.0, 0.96, 0.8, 0.16, 0.16, 0.44, 0.48, 0.76, 0.84, 1.0, 0.88, 1.44, 1.48, 0.24, 1.16, 1.08, 0.88, 0.24, 0.48, 0.52, 0.84, 0.96, 1.16, 1.08, 1.48, 1.68, 1.68, 0.32, 1.32, 0.96, 0.32, 0.52, 0.92, 1.08, 1.32, 1.28, 1.12, 1.52, 1.76, 1.92, 0.4, 1.36, 1.0, 1.04, 0.4, 0.56, 0.96, 1.2, 1.48, 1.48, 1.36, 2.24, 1.84, 2.04, 1.96, 1.4, 1.6, 1.12, 0.48, 0.6, 1.0, 1.64, 1.68, 1.6, 2.6, 0.32, 2.16, 2.12, 2.24, 1.68, 1.16, 1.2, 0.56, 0.64, 1.04, 1.04, 1.68, 1.88, 1.84, 2.64, 2.96, 2.44, 2.56, 1.72, 1.2, 1.28, 1.28, 0.64, 0.68, 1.08, 1.12, 1.84, 1.96, 2.08, 1.88, 3.04, 3.0, 0.4, 2.48, 2.84, 1.36, 1.4, 1.36, 0.72, 0.72, 1.12, 1.2, 1.96, 2.16, 2.2, 2.16, 1.92, 0.48, 3.08, 3.12, 3.48, 2.88, 1.4, 1.52, 1.52, 1.44, 0.12, 0.8, 0.16, 0.76, 0.12, 1.16, 1.28, 2.08, 2.44, 2.32, 3.92, 0.56, 3.2, 3.64, 3.52, 2.92, 2.92, 1.44, 1.6, 1.68, 1.52, 0.24, 0.24, 0.88, 0.8, 1.2, 1.36, 2.2, 2.12, 2.48, 2.36, 3.96, 4.08, 0.64, 3.76, 4.04, 3.0, 3.44, 0.36, 1.68, 1.8, 1.72, 1.56, 1.6, 0.36, 0.96, 0.84, 1.24, 1.44, 2.32, 2.28, 2.8, 2.56, 2.4, 4.48, 0.72, 4.16, 3.8, 4.08, 4.16, 3.56, 0.48, 1.92, 1.88, 1.96, 1.68, 1.68, 0.48, 1.04, 0.88, 1.28, 1.52, 2.44, 2.44, 2.8, 4.72, 0.76, 4.2, 3.84, 4.44, 4.24, 4.76, 3.6, 0.6, 2.04, 2.16, 2.12, 1.8, 1.76, 0.6, 0.92, 1.32, 1.6, 2.56, 2.48, 2.84, 2.84, 4.76, 4.8, 0.8, 4.88, 4.52, 4.64, 4.88, 4.84, 3.64, 0.64, 2.08, 2.36, 2.36, 2.28, 1.92, 1.84, 0.72, 0.64, 0.96, 1.36, 1.68, 2.68, 2.6, 2.52, 2.52, 2.88, 2.92, 5.28, 1.04, 4.88, 5.52, 0.84, 5.6, 4.76, 5.32, 5.0, 4.92, 0.8, 4.32, 2.44, 2.6, 2.56, 2.44, 2.04, 1.92, 0.84, 0.72, 1.0, 1.4, 1.76, 2.76, 2.84, 2.6, 3.6, 1.12, 3.0, 5.4, 5.44, 5.64, 6.28, 0.88, 5.88, 5.48, 5.48, 5.12, 0.84, 4.72, 2.72, 2.84, 2.76, 2.6, 2.16, 2.0, 0.96, 0.8, 1.44, 1.84, 2.8, 3.04, 2.96, 3.76, 1.2, 5.6, 6.24, 6.44, 6.6, 0.92, 6.64, 5.68, 5.64, 5.16, 1.0, 4.76, 5.04, 3.08, 2.96, 2.76, 2.28, 0.88, 1.92, 1.88, 2.84, 3.12, 3.2, 3.0, 3.8, 3.8, 1.28, 5.64, 7.08, 7.4, 0.96, 6.88, 1.12, 5.88, 5.72, 6.32, 5.12, 5.08, 3.32, 3.16, 2.92, 0.24, 0.84, 0.24, 0.96, 0.16, 2.0, 3.24, 3.2, 3.32, 3.28, 4.32, 6.56, 1.8, 5.68, 7.12, 7.44, 7.68, 7.12, 1.24, 6.92, 6.72, 5.2, 2.96, 3.4, 3.6, 3.36, 0.32, 1.04, 3.64, 3.44, 3.44, 4.64, 4.36, 1.88, 6.6, 6.64, 7.4, 7.16, 7.52, 7.8, 8.0, 7.2, 1.36, 7.0, 7.4, 6.88, 5.28, 0.48, 3.44, 3.68, 3.84, 0.4, 1.0, 1.12, 3.68, 3.92, 3.6, 4.84, 7.24, 1.96, 6.72, 8.4, 7.48, 8.44, 7.88, 8.12, 8.08, 1.48, 7.48, 7.56, 6.96, 6.12, 0.64, 3.76, 3.96, 1.12, 1.2, 4.0, 4.12, 5.04, 4.88, 2.04, 7.28, 7.4, 8.52, 8.52, 8.8, 8.84, 8.24, 8.24, 8.12, 1.56, 7.52, 7.68, 7.68, 7.84, 6.48, 0.8, 4.08, 0.64, 1.16, 1.28, 4.24, 5.6, 2.12, 5.12, 7.88, 7.48, 9.24, 9.88, 9.24, 9.24, 8.4, 8.32, 10.0, 1.64, 7.76, 7.84, 8.6, 8.24, 6.84, 0.88, 0.8, 1.32, 1.36, 5.76, 5.72, 2.2, 8.16, 9.36, 9.28, 2.56, 9.96, 10.4, 9.68, 9.44, 8.52, 10.24, 10.28, 8.84, 9.04, 8.64, 0.96, 1.44, 1.44, 5.96, 8.84, 2.28, 8.24, 9.44, 10.88, 10.48, 10.88, 9.92, 9.6, 10.56, 0.92, 8.88, 9.32, 9.48, 0.88, 1.12, 1.56, 2.36, 9.08, 8.92, 10.4, 9.48, 10.92, 11.44, 11.0, 11.16, 10.12, 11.68, 1.0, 9.4, 9.8, 1.08, 1.16, 9.2, 11.12, 11.16, 11.52, 12.0, 11.32, 11.4, 12.24, 11.72, 1.08, 1.24, 9.44, 9.92, 1.4, 0.28, 0.36, 0.32, 1.0, 0.2, 11.44, 11.48, 11.2, 12.12, 12.36, 11.6, 13.56, 12.32, 11.76, 1.12, 1.4, 9.48, 10.0, 0.4, 1.44, 1.12, 13.28, 11.24, 12.52, 12.68, 13.8, 13.68, 12.4, 11.8, 1.16, 1.56, 9.52, 10.08, 0.6, 0.44, 1.68, 1.24, 13.32, 13.36, 11.28, 12.56, 12.88, 14.92, 13.96, 13.84, 12.48, 13.84, 1.2, 1.72, 10.16, 0.8, 0.48, 13.44, 13.44, 2.08, 12.96, 12.96, 15.16, 13.96, 14.56, 14.52, 1.24, 1.84, 1.0, 0.8, 1.2, 1.32, 13.56, 15.16, 2.2, 13.4, 15.28, 15.2, 14.0, 16.08, 15.28, 1.28, 1.96, 1.12, 1.0, 1.4, 1.44, 15.32, 15.64, 2.32, 15.36, 15.24, 14.04, 16.16, 16.84, 1.32, 2.0, 1.16, 1.2, 1.56, 1.56, 15.84, 15.68, 2.44, 15.4, 15.44, 15.76, 16.24, 16.96, 1.36, 2.16, 1.44, 1.4, 1.72, 2.96, 16.4, 18.64, 15.8, 16.28, 18.28, 17.28, 2.44, 1.68, 1.48, 1.76, 18.92, 18.8, 16.4, 18.56, 19.16, 2.6, 1.88, 1.76, 0.32, 0.44, 0.48, 2.0, 0.4, 0.24, 19.12, 19.44, 18.72, 19.48, 11.8, 2.68, 2.08, 9.52, 0.48, 1.84, 2.16, 19.8, 21.8, 19.68, 13.92, 2.76, 2.28, 0.72, 0.48, 2.12, 0.48, 2.32, 22.24, 22.84, 3.0, 2.48, 0.96, 0.56, 2.16, 2.36]

ILAO*:
Tiempo requerido: 3.326
Nodos expandidos: 784

RLAO*:
Tiempo requerido: 0.655
Nodos expandidos: 1218

BLAO*:
Tiempo requerido: 0.547
Nodos expandidos: 1023

VI:
Tiempo requerido: 1.268
Numero de iteraciones: 314874
-------------------------------------------------------
Problema 3
-------------------------------------------------------
LAO*:
Tiempo requerido: 32.129
Nodos expandidos: 717
Porcentajes del conjunto Z: [0.04, 0.08, 0.08, 0.12, 0.12, 0.16, 0.16, 0.16, 0.16, 0.24, 0.32, 0.24, 0.2, 0.28, 0.44, 0.44, 0.32, 0.24, 0.32, 0.6, 0.56, 0.4, 0.28, 0.36, 0.36, 0.64, 0.76, 0.68, 0.32, 0.4, 0.44, 0.8, 0.84, 0.92, 0.72, 0.36, 0.08, 0.44, 0.52, 0.92, 1.04, 1.0, 0.4, 0.4, 0.08, 0.16, 0.48, 0.6, 1.04, 0.96, 1.08, 1.16, 1.04, 0.16, 0.44, 0.48, 0.44, 0.24, 0.52, 0.68, 1.2, 1.16, 1.48, 1.28, 1.28, 1.32, 0.24, 0.6, 0.6, 0.52, 0.56, 0.76, 1.32, 1.32, 1.68, 1.68, 1.4, 1.56, 1.52, 0.32, 0.72, 0.68, 0.56, 0.6, 0.84, 1.44, 1.48, 1.84, 1.88, 1.8, 1.64, 0.36, 0.28, 0.84, 0.6, 0.64, 0.92, 1.56, 1.64, 2.08, 2.12, 1.96, 1.72, 1.84, 0.4, 0.88, 0.64, 0.64, 0.68, 1.0, 1.68, 1.8, 2.28, 2.12, 2.0, 0.6, 1.92, 1.92, 1.04, 0.72, 0.68, 0.72, 1.8, 1.96, 2.48, 2.36, 2.16, 2.04, 2.04, 0.68, 1.88, 1.96, 2.04, 0.4, 1.16, 0.8, 0.72, 0.76, 0.76, 1.84, 2.12, 2.64, 2.56, 2.2, 0.76, 2.08, 2.12, 2.84, 2.0, 2.16, 2.16, 0.48, 1.28, 0.88, 0.76, 0.12, 0.16, 0.8, 0.84, 2.08, 2.64, 2.84, 0.84, 2.2, 3.0, 2.32, 2.28, 0.56, 1.4, 0.96, 0.8, 0.12, 0.24, 0.84, 0.92, 2.2, 2.12, 2.68, 3.32, 3.0, 0.92, 2.24, 3.2, 3.2, 2.52, 2.68, 2.6, 0.24, 1.52, 0.84, 0.88, 1.0, 2.32, 2.28, 2.16, 2.72, 3.4, 3.52, 1.0, 3.08, 3.4, 3.24, 3.68, 2.72, 2.84, 2.72, 0.36, 1.52, 0.56, 0.88, 0.88, 0.92, 1.08, 2.44, 2.44, 2.36, 2.2, 1.08, 2.76, 3.48, 3.64, 3.64, 4.28, 3.52, 3.76, 3.92, 2.92, 3.0, 2.76, 0.48, 1.64, 0.64, 0.96, 0.92, 0.96, 2.56, 2.6, 2.56, 2.44, 2.24, 2.76, 3.52, 3.72, 3.76, 4.88, 4.44, 4.12, 4.24, 3.2, 3.16, 3.0, 0.56, 0.32, 1.84, 1.04, 0.96, 1.0, 1.0, 2.6, 2.76, 2.76, 2.68, 2.52, 3.6, 0.68, 3.6, 3.84, 3.92, 5.08, 5.08, 4.48, 4.12, 4.4, 4.48, 3.32, 3.36, 3.12, 0.64, 0.36, 2.04, 0.8, 1.24, 1.12, 1.04, 1.08, 2.76, 2.84, 2.96, 2.92, 2.8, 4.08, 4.12, 0.76, 3.6, 3.72, 4.92, 4.96, 4.8, 5.08, 2.16, 4.72, 4.96, 4.92, 3.8, 3.76, 0.68, 2.2, 1.32, 1.16, 1.16, 2.88, 3.04, 3.08, 3.16, 3.08, 4.4, 5.04, 5.08, 0.84, 4.44, 5.6, 5.68, 5.56, 6.28, 5.92, 4.96, 5.08, 5.12, 3.92, 3.68, 0.72, 0.56, 2.2, 2.28, 0.88, 1.4, 1.2, 3.0, 3.2, 3.32, 3.32, 3.4, 4.68, 5.36, 5.44, 0.92, 5.36, 5.72, 5.76, 6.6, 3.0, 0.8, 5.16, 5.36, 5.32, 3.92, 3.92, 0.8, 0.68, 2.32, 2.36, 0.96, 0.24, 0.24, 3.08, 3.36, 3.52, 5.12, 5.8, 5.92, 1.0, 5.88, 6.76, 5.8, 5.84, 6.68, 6.68, 5.16, 5.48, 5.6, 5.36, 4.2, 4.04, 0.84, 0.8, 2.44, 1.04, 0.16, 0.28, 3.48, 3.84, 3.56, 5.16, 6.2, 6.32, 1.08, 6.32, 7.4, 7.0, 6.0, 7.48, 6.92, 7.52, 1.4, 5.68, 5.96, 5.88, 5.88, 4.56, 4.36, 0.32, 1.12, 0.32, 3.88, 3.56, 5.16, 6.24, 6.72, 6.72, 7.8, 7.44, 2.2, 7.04, 6.0, 7.48, 7.56, 2.92, 7.6, 7.88, 6.0, 6.08, 6.24, 6.08, 4.72, 0.72, 1.2, 0.36, 3.92, 3.96, 5.8, 0.96, 6.28, 6.8, 7.16, 8.24, 7.92, 7.52, 2.28, 7.12, 1.2, 8.0, 3.0, 7.6, 8.28, 8.0, 8.24, 6.2, 6.48, 6.48, 6.28, 0.52, 0.84, 1.28, 4.04, 6.28, 6.96, 1.04, 6.88, 7.32, 8.72, 8.4, 7.6, 2.44, 9.2, 1.24, 8.24, 8.4, 8.76, 8.44, 8.52, 6.64, 6.8, 6.76, 0.64, 0.88, 1.36, 7.68, 9.12, 9.12, 7.8, 9.8, 9.4, 1.4, 9.04, 8.88, 9.2, 8.72, 8.96, 6.96, 7.08, 0.76, 1.04, 1.44, 7.72, 7.72, 1.08, 9.16, 9.4, 9.16, 7.84, 9.88, 10.08, 10.28, 1.52, 9.6, 9.4, 9.56, 9.24, 9.36, 7.32, 0.84, 1.08, 1.52, 7.8, 7.76, 1.12, 9.4, 9.4, 9.44, 9.88, 10.12, 10.96, 10.92, 1.64, 10.24, 9.88, 10.28, 9.88, 10.0, 0.96, 0.6, 1.24, 7.88, 7.8, 9.44, 9.52, 9.8, 11.72, 10.36, 11.24, 11.8, 1.76, 11.68, 10.68, 10.92, 10.48, 1.04, 0.76, 0.28, 0.36, 0.32, 7.96, 10.92, 9.56, 12.04, 12.04, 1.88, 11.28, 11.88, 12.32, 11.56, 11.08, 11.28, 1.16, 0.92, 1.08, 0.2, 0.32, 11.12, 11.12, 9.6, 12.08, 12.48, 2.0, 12.56, 11.56, 11.08, 11.6, 1.2, 0.4, 0.96, 1.2, 0.4, 11.48, 11.32, 5.92, 12.52, 12.72, 12.68, 2.04, 12.72, 12.72, 13.4, 11.8, 1.24, 0.44, 1.32, 0.48, 11.52, 14.0, 2.2, 12.84, 12.6, 12.52, 12.56, 12.6, 12.56, 2.44, 13.52, 14.12, 1.24, 1.28, 0.76, 0.88, 1.44, 14.64, 14.88, 2.32, 13.28, 13.0, 15.32, 13.0, 13.0, 14.16, 1.32, 1.32, 0.92, 0.96, 1.56, 15.2, 15.0, 2.36, 13.36, 15.48, 15.44, 13.08, 13.0, 14.12, 1.52, 1.36, 1.08, 1.16, 1.68, 15.4, 15.16, 15.92, 15.68, 15.6, 13.16, 15.44, 1.68, 1.4, 1.24, 1.8, 15.48, 8.16, 18.32, 1.16, 16.24, 15.8, 15.88, 1.84, 1.44, 1.0, 0.64, 0.64, 1.44, 18.56, 15.8, 18.44, 2.0, 1.48, 1.12, 0.84, 1.48, 0.32, 0.44, 0.48, 0.4, 18.48, 15.72, 18.4, 2.16, 1.52, 1.28, 1.04, 1.72, 0.24, 0.36, 0.56, 18.48, 18.44, 2.32, 1.56, 1.36, 1.12, 1.88, 0.52, 18.48, 18.44, 2.4, 1.6, 1.44, 0.48, 1.16, 2.04, 0.64]

ILAO*:
Tiempo requerido: 2.876
Nodos expandidos: 750

RLAO*:
Tiempo requerido: 0.73
Nodos expandidos: 1222

BLAO*:
Tiempo requerido: 1.033
Nodos expandidos: 1295

VI:
Tiempo requerido: 1.271
Numero de iteraciones: 314874
-------------------------------------------------------
Problema 4
-------------------------------------------------------
LAO*:
Tiempo requerido: 33.903
Nodos expandidos: 732
Porcentajes del conjunto Z: [0.04, 0.08, 0.08, 0.12, 0.16, 0.12, 0.24, 0.24, 0.16, 0.28, 0.36, 0.32, 0.2, 0.32, 0.44, 0.48, 0.4, 0.24, 0.36, 0.52, 0.6, 0.6, 0.48, 0.28, 0.4, 0.6, 0.72, 0.76, 0.72, 0.56, 0.32, 0.44, 0.68, 0.84, 0.92, 0.92, 0.84, 0.64, 0.36, 0.08, 0.48, 0.76, 0.96, 1.08, 1.12, 1.08, 0.96, 0.72, 0.4, 0.08, 0.16, 0.52, 0.84, 1.08, 1.24, 1.32, 1.24, 1.08, 0.8, 0.16, 0.44, 0.24, 0.56, 0.92, 1.24, 1.4, 1.52, 1.36, 1.4, 1.2, 0.24, 0.88, 0.48, 0.32, 0.6, 1.6, 1.72, 1.6, 1.4, 1.44, 1.56, 1.32, 0.28, 0.52, 0.4, 0.64, 0.64, 1.64, 1.96, 1.84, 1.68, 1.96, 1.64, 1.76, 1.36, 0.32, 0.56, 0.56, 0.48, 0.72, 0.68, 1.68, 2.04, 2.12, 1.96, 2.28, 0.36, 1.84, 0.36, 0.64, 0.6, 0.56, 0.76, 1.92, 2.12, 2.24, 2.28, 2.6, 2.32, 0.44, 1.88, 1.88, 0.4, 0.72, 0.64, 0.64, 0.8, 0.8, 1.96, 2.4, 2.44, 2.96, 2.36, 0.52, 1.92, 1.96, 1.92, 0.44, 0.76, 0.8, 0.68, 0.72, 0.84, 0.88, 2.48, 2.44, 2.48, 3.16, 3.0, 0.6, 2.4, 2.92, 2.04, 2.04, 2.28, 0.48, 0.88, 0.88, 0.72, 0.12, 0.8, 0.16, 0.88, 0.96, 0.92, 2.52, 2.56, 2.92, 3.24, 3.24, 3.16, 1.04, 3.0, 3.08, 2.16, 2.44, 2.44, 1.0, 0.76, 0.12, 0.24, 0.88, 1.04, 1.04, 2.84, 2.64, 3.08, 3.72, 1.12, 3.36, 3.44, 3.8, 3.24, 2.6, 2.64, 2.6, 0.24, 1.04, 0.8, 0.36, 0.96, 1.08, 1.16, 3.0, 3.2, 3.92, 3.88, 1.2, 3.6, 3.84, 3.28, 3.72, 2.84, 2.84, 2.68, 1.08, 0.84, 0.84, 0.48, 1.04, 1.12, 1.24, 1.2, 3.04, 3.6, 4.08, 4.12, 4.16, 1.28, 3.64, 3.88, 4.24, 3.8, 4.0, 3.08, 2.96, 2.76, 0.32, 1.28, 0.92, 0.88, 0.6, 1.12, 1.16, 1.32, 1.32, 3.36, 3.68, 4.52, 1.36, 4.32, 4.44, 4.24, 4.4, 4.32, 4.8, 4.28, 3.24, 3.08, 3.0, 0.4, 1.4, 1.0, 0.92, 0.72, 1.2, 1.2, 1.4, 1.44, 3.48, 4.0, 4.6, 4.76, 1.4, 0.72, 4.6, 5.08, 4.88, 4.92, 4.32, 4.48, 3.36, 3.16, 0.48, 1.52, 1.08, 0.96, 0.84, 1.28, 1.24, 1.48, 1.56, 3.72, 4.28, 5.08, 5.0, 4.88, 1.44, 4.64, 5.44, 5.6, 5.52, 4.96, 4.36, 4.56, 4.52, 3.4, 3.56, 3.32, 0.56, 1.64, 1.16, 1.0, 0.96, 1.36, 1.28, 1.56, 1.68, 3.88, 4.48, 5.32, 5.44, 5.08, 5.32, 0.84, 1.48, 5.92, 6.2, 5.52, 5.56, 2.4, 4.68, 4.68, 5.04, 3.64, 3.76, 3.48, 0.64, 1.24, 1.08, 1.44, 1.32, 1.64, 1.8, 4.68, 5.56, 5.72, 5.56, 0.92, 5.68, 5.48, 1.52, 6.08, 6.76, 6.44, 6.36, 6.0, 4.8, 5.32, 3.88, 3.96, 3.52, 0.72, 1.28, 0.16, 1.2, 0.24, 1.52, 0.24, 1.36, 1.72, 1.92, 4.72, 5.8, 6.0, 5.88, 6.2, 1.0, 5.76, 6.96, 1.56, 6.84, 6.92, 7.2, 6.72, 6.16, 4.84, 5.36, 5.6, 4.12, 4.04, 3.76, 0.76, 0.16, 0.32, 1.32, 1.6, 1.8, 2.04, 4.76, 6.28, 6.2, 6.56, 6.32, 1.04, 7.28, 7.76, 1.6, 7.04, 7.72, 7.6, 6.92, 6.24, 5.68, 5.68, 5.88, 4.24, 4.32, 0.8, 0.32, 0.48, 1.44, 1.68, 2.16, 2.16, 4.8, 4.8, 6.32, 6.52, 6.92, 6.72, 1.08, 8.12, 8.0, 1.64, 7.88, 8.16, 7.84, 1.24, 7.04, 7.12, 6.04, 6.0, 6.04, 4.56, 0.88, 0.36, 0.64, 1.76, 5.48, 6.6, 7.12, 1.16, 6.76, 1.12, 8.16, 8.4, 1.72, 8.36, 8.44, 8.0, 7.96, 7.52, 6.4, 6.2, 6.4, 0.92, 0.56, 0.8, 1.16, 1.84, 5.52, 7.0, 7.0, 1.24, 7.16, 7.2, 9.2, 1.16, 8.48, 8.44, 1.76, 1.44, 8.4, 8.68, 8.64, 8.96, 8.4, 7.92, 6.64, 6.6, 0.96, 0.68, 1.28, 1.92, 1.32, 7.04, 7.08, 8.0, 7.28, 9.68, 1.32, 8.56, 9.84, 1.8, 1.52, 8.76, 8.92, 9.64, 9.44, 8.2, 7.08, 1.0, 0.8, 0.88, 1.4, 2.0, 7.08, 8.12, 8.16, 9.8, 9.72, 1.36, 8.6, 10.0, 10.24, 1.84, 1.6, 9.96, 10.16, 9.48, 8.24, 8.68, 1.04, 0.92, 1.04, 1.52, 7.12, 8.32, 10.72, 9.88, 10.2, 1.4, 10.08, 10.44, 10.28, 1.88, 2.2, 10.0, 10.52, 10.24, 10.24, 8.76, 1.2, 1.64, 1.72, 7.16, 8.36, 10.92, 10.84, 11.72, 2.68, 10.52, 11.64, 2.28, 10.6, 10.64, 11.04, 10.8, 0.76, 0.2, 0.32, 1.36, 0.36, 1.76, 0.32, 3.56, 7.84, 9.04, 11.72, 11.52, 12.0, 12.0, 11.92, 12.28, 2.52, 10.76, 11.48, 11.64, 0.84, 0.2, 0.4, 1.52, 1.88, 9.28, 9.08, 11.76, 11.8, 13.6, 12.08, 12.04, 11.96, 12.6, 12.48, 2.64, 11.64, 12.12, 0.96, 0.4, 0.6, 1.68, 2.0, 9.36, 11.92, 11.88, 13.92, 13.72, 11.96, 12.68, 12.84, 13.4, 2.76, 12.32, 1.04, 0.48, 0.8, 1.72, 2.12, 12.0, 11.84, 13.8, 13.84, 13.6, 12.0, 12.72, 12.96, 13.8, 14.12, 2.96, 1.12, 0.72, 1.0, 2.24, 12.2, 14.04, 14.0, 14.0, 14.76, 13.04, 13.96, 14.56, 3.08, 1.2, 0.88, 1.32, 2.36, 14.68, 7.72, 14.52, 14.44, 14.28, 15.0, 15.32, 14.12, 14.8, 1.28, 1.04, 0.92, 1.48, 2.48, 14.72, 7.56, 14.52, 14.28, 16.92, 15.2, 16.2, 14.92, 2.64, 1.36, 1.2, 1.12, 1.64, 15.08, 14.64, 17.2, 17.36, 16.32, 17.08, 2.92, 1.4, 1.24, 1.32, 1.8, 15.48, 17.84, 17.92, 18.76, 17.44, 1.44, 1.48, 0.48, 1.52, 0.48, 1.96, 0.4, 18.48, 18.36, 19.12, 19.72, 2.6, 1.48, 1.6, 0.24, 0.44, 1.72, 2.12, 19.04, 19.6, 20.12, 2.76, 1.6, 1.76, 0.68, 1.92, 20.32, 20.64, 1.88, 0.52, 0.92, 2.0, 2.16]

ILAO*:
Tiempo requerido: 2.95
Nodos expandidos: 774

RLAO*:
Tiempo requerido: 0.915
Nodos expandidos: 1067

BLAO*:
Tiempo requerido: 0.758
Nodos expandidos: 1045

VI:
Tiempo requerido: 1.26
Numero de iteraciones: 312375
-------------------------------------------------------
Problema 5
-------------------------------------------------------
LAO*:
Tiempo requerido: 35.735
Nodos expandidos: 755
Porcentajes del conjunto Z: [0.04, 0.08, 0.08, 0.12, 0.16, 0.12, 0.16, 0.24, 0.24, 0.16, 0.2, 0.36, 0.32, 0.2, 0.24, 0.24, 0.4, 0.48, 0.4, 0.28, 0.28, 0.32, 0.56, 0.56, 0.32, 0.68, 0.76, 0.6, 0.36, 0.72, 0.84, 0.64, 0.4, 0.4, 0.08, 0.76, 0.76, 0.88, 0.92, 0.68, 0.08, 0.44, 0.48, 0.44, 0.16, 0.8, 0.84, 1.12, 1.0, 1.0, 1.0, 0.16, 0.56, 0.56, 0.48, 0.24, 0.84, 0.92, 1.24, 1.28, 1.36, 0.24, 1.16, 0.68, 0.64, 0.52, 1.0, 1.36, 1.44, 1.32, 1.56, 0.32, 1.32, 0.8, 0.72, 0.56, 1.04, 1.48, 1.6, 1.52, 1.36, 1.52, 1.68, 1.4, 0.28, 0.92, 0.8, 0.6, 0.28, 1.08, 1.56, 1.76, 1.72, 1.6, 1.96, 1.72, 1.84, 1.52, 0.36, 1.04, 0.88, 0.64, 0.36, 1.12, 1.64, 1.88, 1.92, 1.84, 2.2, 2.2, 1.92, 2.0, 1.64, 0.44, 1.16, 0.96, 0.68, 1.16, 1.72, 2.0, 2.08, 2.08, 2.44, 2.48, 2.44, 2.12, 2.16, 1.76, 0.52, 1.28, 1.04, 0.72, 1.2, 2.08, 2.2, 2.64, 2.72, 2.72, 2.64, 2.28, 0.68, 1.88, 0.6, 1.4, 1.12, 0.76, 0.12, 0.16, 1.24, 1.24, 2.12, 2.36, 2.24, 2.96, 3.0, 0.8, 2.96, 2.84, 2.24, 0.76, 1.96, 2.08, 0.12, 0.68, 1.6, 1.2, 0.8, 1.28, 1.32, 2.52, 2.52, 2.36, 3.16, 0.88, 3.48, 3.4, 3.04, 2.76, 2.12, 2.2, 0.24, 0.76, 1.28, 0.84, 0.28, 0.96, 1.32, 1.4, 1.36, 2.56, 2.64, 2.6, 3.6, 3.8, 3.48, 3.44, 2.96, 0.36, 2.28, 2.2, 0.84, 1.32, 1.36, 0.88, 0.32, 1.0, 1.36, 1.48, 1.48, 2.84, 2.76, 3.88, 3.64, 3.8, 3.92, 3.92, 3.68, 0.48, 2.32, 2.4, 0.92, 1.44, 0.92, 0.48, 1.04, 1.56, 1.6, 3.0, 2.92, 2.8, 4.08, 3.96, 3.68, 3.84, 4.0, 4.4, 4.2, 3.68, 0.52, 2.32, 2.56, 2.52, 1.0, 0.96, 0.96, 0.6, 1.08, 1.08, 1.6, 1.72, 3.24, 4.16, 4.2, 4.04, 4.76, 4.08, 4.48, 4.72, 4.24, 4.0, 2.6, 2.72, 2.52, 1.08, 1.0, 1.04, 1.0, 0.72, 0.4, 1.12, 1.16, 1.64, 1.8, 1.76, 3.28, 4.64, 4.32, 4.32, 5.16, 5.04, 4.6, 4.84, 4.8, 4.6, 4.32, 2.8, 2.76, 2.68, 1.16, 1.12, 1.12, 1.04, 0.84, 0.44, 1.16, 1.24, 1.68, 1.88, 1.88, 1.8, 3.32, 4.72, 4.84, 4.48, 5.48, 5.6, 5.0, 5.0, 5.2, 4.96, 4.56, 2.88, 2.96, 2.8, 1.24, 1.24, 1.2, 1.08, 0.96, 0.48, 1.2, 1.32, 1.72, 1.96, 2.0, 1.96, 3.8, 4.8, 4.96, 5.04, 4.52, 5.52, 6.08, 6.04, 5.2, 5.44, 5.6, 5.24, 4.68, 3.12, 3.12, 2.92, 1.32, 1.36, 1.28, 0.16, 0.24, 0.24, 1.08, 0.52, 0.52, 1.24, 1.4, 2.04, 2.12, 2.12, 4.0, 5.32, 5.08, 5.2, 5.12, 6.04, 6.56, 6.28, 5.68, 5.84, 5.92, 4.96, 3.32, 3.04, 0.16, 1.4, 1.48, 0.2, 1.2, 0.56, 0.6, 0.56, 1.28, 1.48, 2.08, 2.24, 2.28, 5.84, 5.92, 5.64, 5.6, 7.08, 6.48, 7.12, 7.36, 7.36, 6.76, 6.88, 6.6, 5.64, 4.0, 3.84, 0.32, 0.44, 1.32, 0.6, 0.68, 0.68, 1.32, 1.56, 2.4, 2.6, 2.72, 2.6, 6.48, 6.52, 7.52, 7.36, 7.84, 7.52, 8.04, 7.96, 7.2, 7.0, 7.12, 5.64, 0.48, 4.0, 4.0, 3.84, 0.92, 0.52, 1.44, 0.64, 0.76, 0.8, 1.64, 2.68, 2.84, 2.8, 2.64, 6.52, 6.84, 6.56, 7.56, 7.64, 8.68, 8.2, 8.64, 7.52, 7.16, 0.64, 4.04, 4.52, 1.0, 0.72, 0.68, 0.84, 0.92, 1.68, 1.68, 2.96, 2.96, 2.88, 6.96, 6.88, 6.88, 8.44, 7.68, 8.96, 9.04, 8.2, 8.64, 8.64, 5.2, 7.56, 7.64, 7.2, 0.72, 4.04, 4.6, 1.08, 0.88, 0.72, 0.92, 1.04, 1.92, 1.96, 3.12, 6.96, 7.16, 6.8, 8.52, 8.32, 8.68, 9.0, 8.72, 9.08, 8.32, 8.28, 7.12, 7.24, 7.24, 7.16, 0.76, 4.16, 1.12, 1.16, 1.04, 0.76, 1.2, 1.04, 1.96, 2.04, 2.0, 3.16, 7.0, 7.48, 7.32, 8.68, 8.76, 9.64, 9.12, 9.08, 10.0, 9.16, 8.36, 9.4, 7.28, 7.68, 7.72, 1.24, 1.24, 1.2, 0.8, 1.28, 1.24, 2.04, 2.16, 2.16, 7.36, 7.52, 7.64, 9.2, 8.92, 10.08, 2.12, 10.2, 9.28, 10.4, 9.24, 9.6, 7.28, 7.68, 8.24, 1.36, 1.32, 1.36, 0.84, 1.4, 0.52, 2.08, 2.24, 3.16, 8.16, 7.96, 9.8, 9.68, 10.4, 10.72, 10.4, 10.6, 10.4, 9.24, 9.68, 9.76, 8.0, 8.52, 1.48, 0.2, 0.32, 1.52, 0.32, 0.88, 1.48, 1.44, 0.6, 2.44, 8.44, 9.96, 10.16, 11.12, 11.0, 10.96, 11.72, 10.68, 9.24, 10.44, 8.76, 0.2, 1.6, 0.28, 1.68, 0.92, 1.56, 1.56, 0.68, 2.48, 10.48, 10.36, 11.64, 11.76, 11.28, 12.32, 11.76, 10.76, 9.28, 10.48, 11.28, 0.4, 1.64, 0.56, 1.84, 0.96, 1.64, 1.68, 0.76, 3.92, 11.24, 12.04, 12.48, 12.2, 12.68, 12.4, 11.8, 10.8, 9.32, 10.48, 11.32, 0.6, 1.8, 2.0, 1.0, 1.84, 0.84, 12.8, 12.76, 12.84, 13.64, 12.8, 12.48, 12.32, 10.84, 9.36, 11.68, 11.36, 0.8, 1.92, 0.76, 2.04, 1.92, 0.92, 13.56, 13.16, 14.32, 13.8, 12.92, 13.04, 12.4, 11.0, 11.72, 12.6, 0.92, 2.04, 0.96, 2.28, 1.96, 3.44, 1.0, 14.0, 14.68, 14.52, 13.96, 13.48, 13.12, 13.36, 12.64, 9.28, 1.0, 2.16, 1.16, 2.44, 2.0, 3.56, 1.32, 15.56, 14.92, 14.64, 13.24, 13.48, 14.4, 2.28, 1.36, 2.6, 2.04, 3.68, 0.84, 1.36, 15.84, 14.68, 14.68, 13.28, 15.88, 14.44, 2.4, 2.76, 4.04, 0.92, 1.52, 17.24, 17.92, 17.96, 18.12, 17.16, 18.2, 0.4, 0.36, 1.56, 0.36, 1.0, 1.64, 18.04, 20.96, 18.32, 0.24, 1.76, 1.76, 17.44, 20.36, 21.52, 0.48, 1.72, 0.6, 1.0, 1.92, 17.48, 20.48, 21.48, 12.0, 1.92, 0.64, 2.04, 2.04, 20.64, 21.84, 0.88, 2.08, 2.12, 2.16]

ILAO*:
Tiempo requerido: 2.767
Nodos expandidos: 782

RLAO*:
Tiempo requerido: 0.797
Nodos expandidos: 1089

BLAO*:
Tiempo requerido: 0.853
Nodos expandidos: 1155

VI:
Tiempo requerido: 1.272
Numero de iteraciones: 314874
-------------------------------------------------------
Problema 6
-------------------------------------------------------
LAO*:
Tiempo requerido: 36.473
Nodos expandidos: 756
Porcentajes del conjunto Z: [0.04, 0.08, 0.08, 0.12, 0.16, 0.12, 0.16, 0.24, 0.24, 0.16, 0.2, 0.32, 0.36, 0.32, 0.2, 0.24, 0.4, 0.48, 0.48, 0.4, 0.24, 0.28, 0.48, 0.6, 0.64, 0.6, 0.48, 0.28, 0.32, 0.56, 0.8, 0.8, 0.72, 0.56, 0.32, 0.36, 0.64, 0.6, 0.84, 0.96, 0.84, 0.64, 0.36, 0.08, 0.4, 0.72, 0.72, 1.08, 0.88, 1.0, 0.96, 0.72, 0.08, 0.4, 0.44, 0.8, 0.84, 1.16, 1.28, 1.04, 1.08, 0.16, 0.8, 0.44, 0.48, 0.88, 0.96, 0.88, 1.16, 1.56, 1.32, 1.04, 0.24, 1.08, 1.16, 0.84, 0.16, 0.48, 0.96, 1.08, 1.04, 1.44, 1.6, 1.64, 1.36, 0.32, 1.44, 1.2, 1.24, 0.88, 0.24, 0.52, 1.0, 1.2, 1.2, 1.64, 1.92, 1.72, 0.4, 1.8, 1.6, 1.32, 1.32, 0.92, 0.32, 0.56, 1.04, 1.28, 1.36, 1.84, 2.12, 1.92, 1.72, 2.2, 0.48, 2.0, 1.76, 1.44, 1.4, 0.96, 0.4, 0.6, 1.08, 1.36, 1.48, 2.04, 2.2, 2.24, 0.56, 2.24, 2.44, 2.2, 1.92, 1.48, 1.0, 0.48, 0.64, 1.12, 1.44, 1.6, 2.2, 2.08, 2.24, 2.56, 2.76, 0.64, 2.52, 2.68, 2.4, 1.92, 1.48, 1.56, 1.04, 0.56, 0.68, 1.16, 1.52, 1.72, 2.36, 2.28, 2.72, 2.64, 3.08, 0.72, 3.08, 2.8, 2.92, 2.44, 1.6, 1.64, 1.08, 0.64, 0.72, 0.12, 0.16, 1.6, 2.52, 2.48, 2.96, 3.16, 0.8, 3.2, 3.44, 3.4, 3.08, 2.44, 1.6, 1.72, 1.72, 1.12, 0.12, 0.72, 0.76, 0.16, 1.64, 1.64, 2.56, 2.68, 3.2, 3.44, 3.76, 0.88, 3.6, 3.8, 3.72, 3.08, 2.44, 2.92, 1.84, 1.8, 0.24, 1.16, 0.8, 0.8, 0.28, 0.96, 1.72, 1.76, 2.84, 2.8, 3.76, 4.12, 4.24, 4.0, 4.16, 3.76, 3.24, 2.96, 2.92, 0.36, 1.96, 1.88, 1.2, 0.88, 0.84, 0.4, 1.76, 1.84, 2.96, 3.08, 2.84, 3.8, 4.44, 4.6, 4.68, 4.4, 4.28, 4.0, 3.8, 3.0, 1.96, 1.96, 0.96, 0.88, 0.52, 1.8, 1.92, 3.08, 3.24, 3.16, 4.16, 4.96, 5.12, 4.56, 4.56, 3.88, 0.44, 3.0, 1.96, 1.96, 1.96, 1.96, 1.04, 0.92, 0.92, 0.64, 1.84, 2.0, 3.2, 3.4, 3.36, 4.52, 4.2, 5.0, 5.0, 5.16, 5.16, 4.6, 5.12, 4.68, 3.92, 0.56, 3.56, 2.0, 2.24, 2.0, 2.08, 1.12, 1.0, 0.96, 0.76, 1.88, 2.08, 3.32, 3.56, 3.56, 4.76, 4.6, 1.16, 5.48, 5.08, 5.96, 5.24, 5.64, 5.2, 5.32, 4.8, 0.68, 4.52, 2.32, 2.32, 2.16, 1.2, 1.08, 1.0, 0.88, 2.16, 3.44, 3.72, 3.76, 5.0, 4.88, 5.92, 1.24, 5.6, 6.08, 5.76, 6.28, 5.44, 5.4, 0.8, 4.52, 2.32, 2.44, 2.52, 2.16, 1.28, 1.12, 1.16, 1.04, 1.0, 1.32, 3.56, 3.88, 3.96, 5.24, 5.16, 6.24, 6.08, 6.12, 6.64, 6.44, 6.56, 5.48, 0.92, 5.4, 5.44, 5.0, 2.48, 2.68, 2.56, 2.36, 1.36, 1.24, 1.24, 0.16, 0.24, 1.12, 0.24, 1.36, 4.04, 4.16, 5.48, 5.44, 6.56, 6.44, 6.16, 6.72, 7.36, 6.8, 1.04, 5.52, 5.96, 5.2, 2.76, 2.76, 2.8, 2.48, 0.16, 1.44, 1.36, 0.24, 1.24, 1.36, 4.04, 4.32, 5.68, 5.68, 6.84, 6.76, 6.44, 6.76, 7.44, 7.72, 6.8, 1.2, 5.56, 6.04, 6.2, 2.88, 3.04, 2.96, 2.6, 0.32, 1.52, 0.4, 1.36, 1.44, 1.44, 4.12, 4.44, 5.96, 6.0, 7.2, 7.16, 6.88, 6.52, 6.84, 7.6, 7.92, 6.88, 5.6, 6.12, 6.36, 6.24, 0.48, 2.88, 3.2, 3.24, 3.12, 1.6, 1.48, 1.48, 1.52, 4.6, 6.24, 6.44, 7.84, 7.84, 7.6, 7.28, 8.8, 8.2, 8.6, 8.48, 7.44, 8.48, 6.92, 7.2, 7.16, 7.52, 0.52, 4.04, 4.24, 4.24, 0.56, 1.6, 1.52, 1.6, 6.36, 6.6, 8.16, 8.2, 8.0, 7.72, 9.28, 9.8, 8.72, 8.68, 8.64, 8.56, 9.2, 7.32, 7.32, 7.76, 7.92, 0.76, 4.32, 4.48, 0.96, 0.72, 1.72, 1.56, 1.68, 6.76, 8.36, 8.56, 8.4, 8.16, 9.76, 10.32, 10.36, 8.84, 9.8, 9.32, 9.64, 7.48, 7.96, 8.16, 8.24, 0.92, 4.6, 1.04, 0.88, 1.84, 1.6, 2.44, 8.56, 8.8, 8.8, 8.6, 10.24, 10.84, 10.92, 10.52, 1.2, 8.88, 9.84, 10.6, 9.8, 9.84, 8.16, 8.48, 8.68, 1.08, 1.04, 1.96, 1.64, 2.52, 9.04, 9.28, 10.72, 11.36, 11.48, 11.12, 10.6, 10.28, 10.68, 11.12, 10.04, 8.72, 8.52, 8.68, 1.24, 1.08, 1.2, 2.08, 2.6, 9.32, 10.76, 11.88, 12.04, 11.24, 12.04, 11.24, 11.4, 10.08, 1.4, 8.76, 8.8, 9.32, 0.2, 0.32, 0.36, 1.36, 2.2, 0.32, 2.64, 1.4, 11.72, 12.6, 12.08, 11.28, 12.72, 12.08, 11.28, 11.56, 11.48, 11.4, 1.56, 8.88, 9.64, 0.2, 0.32, 1.52, 2.32, 2.64, 11.72, 11.72, 12.6, 12.64, 12.44, 12.76, 12.76, 13.52, 11.6, 11.64, 12.8, 1.76, 9.76, 0.4, 0.52, 1.68, 2.44, 5.0, 1.44, 12.16, 14.04, 12.88, 13.24, 14.04, 12.84, 14.24, 13.84, 11.68, 12.76, 8.44, 1.8, 9.84, 0.6, 1.84, 14.16, 14.2, 13.36, 14.32, 14.52, 14.8, 14.16, 11.84, 12.92, 13.96, 1.84, 0.68, 0.6, 1.52, 14.36, 13.4, 14.36, 15.92, 15.04, 14.24, 13.28, 14.0, 1.88, 1.88, 0.96, 1.0, 0.8, 1.76, 1.8, 14.4, 13.44, 15.24, 16.0, 15.96, 15.08, 15.16, 15.68, 14.4, 1.92, 1.96, 1.16, 1.12, 1.0, 1.92, 1.92, 15.0, 15.32, 16.08, 15.24, 16.64, 16.88, 1.28, 1.96, 1.36, 1.16, 1.2, 2.08, 2.08, 16.92, 16.12, 16.12, 15.28, 16.76, 17.84, 2.84, 1.56, 1.32, 1.4, 2.24, 16.96, 18.56, 18.6, 19.48, 16.92, 18.12, 2.88, 1.76, 0.24, 0.4, 0.48, 0.48, 1.6, 2.4, 0.4, 3.16, 18.72, 19.64, 21.2, 18.28, 1.96, 0.24, 0.4, 2.56, 3.2, 18.72, 19.72, 22.52, 2.2, 0.64, 1.72, 2.72, 3.36, 19.84, 19.8, 22.6, 0.64, 0.68, 1.92, 2.76, 19.88, 22.88, 1.92, 0.76, 1.04, 1.96]

ILAO*:
Tiempo requerido: 2.494
Nodos expandidos: 787

RLAO*:
Tiempo requerido: 0.725
Nodos expandidos: 1120

BLAO*:
Tiempo requerido: 0.954
Nodos expandidos: 1251

VI:
Tiempo requerido: 1.276
Numero de iteraciones: 312375
-------------------------------------------------------
Problema 7
-------------------------------------------------------
LAO*:
Tiempo requerido: 35.812
Nodos expandidos: 752
Porcentajes del conjunto Z: [0.04, 0.08, 0.08, 0.12, 0.16, 0.12, 0.16, 0.24, 0.24, 0.16, 0.2, 0.36, 0.32, 0.2, 0.24, 0.24, 0.4, 0.48, 0.24, 0.32, 0.56, 0.52, 0.28, 0.28, 0.36, 0.36, 0.6, 0.64, 0.68, 0.36, 0.4, 0.44, 0.88, 0.76, 0.4, 0.4, 0.08, 0.44, 0.52, 1.0, 0.8, 0.08, 0.44, 0.48, 0.44, 0.16, 0.48, 0.6, 1.12, 1.04, 0.84, 0.84, 0.16, 0.48, 0.56, 0.56, 0.48, 0.52, 0.68, 1.24, 1.2, 1.32, 0.24, 0.92, 1.2, 0.64, 0.68, 0.64, 0.52, 0.56, 1.32, 1.32, 1.4, 0.32, 1.28, 1.36, 0.2, 0.8, 0.72, 0.56, 0.6, 0.6, 1.36, 1.48, 1.36, 1.44, 1.8, 0.4, 1.48, 1.52, 0.28, 0.84, 0.76, 0.8, 0.6, 0.48, 0.64, 0.68, 1.52, 1.56, 1.56, 1.84, 1.8, 2.0, 1.64, 1.52, 0.4, 1.08, 0.88, 0.88, 0.64, 0.52, 0.68, 0.76, 1.64, 1.76, 1.68, 2.08, 2.2, 2.08, 2.24, 1.72, 0.48, 1.24, 1.0, 0.96, 0.68, 0.56, 0.72, 0.84, 1.76, 1.92, 1.92, 2.24, 2.44, 2.52, 2.36, 2.36, 1.72, 0.56, 1.28, 1.4, 1.12, 1.04, 0.72, 0.6, 0.6, 0.76, 0.92, 1.88, 2.08, 2.12, 2.52, 2.64, 2.8, 2.52, 2.4, 2.16, 0.64, 1.48, 1.56, 1.24, 1.12, 0.76, 0.12, 0.16, 0.64, 0.68, 0.8, 1.0, 2.0, 2.24, 2.32, 2.76, 2.96, 3.04, 2.84, 2.52, 2.6, 2.88, 2.36, 0.12, 0.72, 1.68, 1.72, 1.36, 1.2, 0.8, 0.24, 0.76, 0.84, 1.08, 2.12, 2.4, 2.52, 2.96, 3.2, 3.36, 3.08, 2.64, 3.08, 3.08, 2.52, 0.96, 0.24, 0.8, 1.92, 1.92, 1.48, 1.28, 0.84, 0.28, 0.8, 0.88, 1.16, 2.24, 2.56, 2.72, 3.28, 3.56, 3.76, 3.56, 3.2, 2.76, 3.24, 3.44, 3.4, 0.36, 2.8, 0.88, 2.12, 2.08, 1.64, 1.36, 0.88, 0.4, 0.84, 0.92, 1.24, 2.36, 2.72, 2.92, 3.52, 3.84, 4.08, 3.92, 3.64, 3.96, 3.28, 3.56, 3.72, 3.64, 3.0, 0.96, 1.76, 1.44, 0.92, 0.96, 2.48, 2.88, 3.12, 3.76, 4.12, 4.4, 4.28, 4.04, 4.44, 4.52, 3.64, 3.88, 4.0, 3.88, 0.44, 1.04, 1.8, 1.88, 1.52, 0.96, 0.56, 1.0, 1.0, 2.52, 3.04, 3.32, 4.4, 4.72, 4.64, 4.44, 4.88, 5.04, 4.92, 4.0, 4.2, 4.28, 0.44, 1.12, 1.84, 1.96, 2.0, 1.6, 1.0, 0.64, 1.08, 2.68, 3.12, 3.52, 3.36, 4.44, 5.04, 5.0, 0.72, 4.84, 5.32, 5.52, 5.48, 5.32, 4.36, 4.52, 4.28, 0.56, 1.2, 1.88, 2.04, 2.12, 2.12, 1.72, 1.04, 1.12, 2.8, 3.32, 3.68, 3.6, 4.92, 5.12, 5.36, 0.8, 5.24, 5.76, 6.0, 6.0, 5.92, 5.72, 4.72, 4.56, 4.28, 0.68, 1.28, 1.92, 2.12, 2.24, 1.8, 1.08, 0.64, 1.16, 2.88, 3.8, 5.2, 0.88, 5.48, 5.64, 6.2, 6.48, 6.52, 6.48, 6.36, 6.12, 4.84, 4.64, 4.84, 0.8, 1.36, 2.2, 2.36, 2.28, 1.88, 0.16, 0.24, 0.24, 2.96, 3.84, 5.44, 0.96, 5.56, 5.84, 6.64, 6.96, 7.04, 6.96, 6.8, 6.28, 5.2, 5.12, 0.16, 0.92, 1.44, 2.48, 2.44, 2.32, 1.92, 0.32, 3.0, 3.96, 1.04, 5.6, 5.92, 6.88, 7.44, 7.0, 7.08, 7.56, 7.44, 7.0, 6.32, 5.2, 5.52, 5.4, 0.32, 1.04, 1.52, 2.52, 2.36, 1.96, 0.4, 3.04, 1.12, 4.0, 5.64, 6.0, 7.0, 7.72, 7.52, 8.12, 7.64, 7.68, 7.08, 7.0, 5.56, 5.84, 5.4, 0.48, 1.6, 2.56, 2.6, 2.84, 0.56, 0.88, 3.08, 1.2, 4.04, 5.68, 6.08, 7.12, 7.88, 7.84, 8.68, 8.72, 7.68, 7.72, 7.8, 7.4, 5.92, 5.6, 0.52, 1.0, 1.68, 2.68, 3.12, 0.6, 0.92, 4.64, 1.28, 5.72, 6.16, 8.04, 8.04, 9.04, 8.8, 8.48, 7.88, 7.84, 7.44, 7.8, 5.96, 5.64, 5.76, 0.76, 1.12, 1.76, 3.24, 0.88, 0.96, 1.36, 4.68, 6.24, 6.2, 8.08, 8.24, 9.28, 9.08, 8.84, 9.64, 8.68, 7.96, 9.0, 7.88, 7.88, 6.32, 5.84, 6.28, 1.24, 1.84, 1.88, 1.04, 1.0, 0.68, 1.4, 4.72, 6.32, 8.32, 9.52, 9.36, 9.84, 9.72, 9.88, 8.8, 9.16, 9.48, 8.0, 8.28, 6.56, 6.36, 1.36, 1.92, 1.96, 1.2, 1.04, 0.72, 1.44, 4.76, 6.36, 8.48, 8.36, 9.56, 9.64, 10.16, 10.0, 10.04, 10.0, 9.64, 9.6, 8.4, 8.52, 7.04, 4.84, 1.48, 2.0, 1.36, 0.88, 1.64, 8.28, 8.56, 8.56, 9.92, 9.72, 10.48, 10.2, 10.04, 10.2, 11.56, 10.88, 10.16, 10.4, 9.04, 9.56, 1.6, 0.32, 1.52, 0.36, 0.32, 0.92, 10.52, 1.0, 8.68, 10.16, 10.12, 10.6, 10.56, 11.48, 10.28, 11.72, 12.16, 11.08, 10.6, 10.68, 9.72, 0.2, 1.72, 2.44, 0.36, 1.68, 0.96, 9.68, 4.04, 1.12, 10.84, 10.92, 11.6, 12.36, 12.52, 13.08, 13.12, 12.28, 11.64, 12.12, 0.4, 2.92, 0.48, 1.72, 1.0, 4.64, 12.96, 1.32, 12.96, 12.32, 12.04, 12.8, 14.44, 13.24, 13.4, 12.84, 12.64, 0.68, 1.96, 1.32, 1.44, 13.44, 11.84, 6.12, 11.56, 12.24, 14.4, 12.8, 12.64, 12.08, 12.92, 0.56, 1.72, 0.76, 2.12, 1.4, 1.56, 13.6, 11.96, 13.28, 12.28, 14.44, 14.8, 12.88, 13.8, 12.96, 0.84, 1.84, 1.08, 2.28, 1.68, 13.64, 13.72, 13.72, 13.36, 14.6, 14.88, 14.92, 14.08, 14.68, 0.88, 1.96, 1.28, 2.44, 1.04, 1.16, 1.76, 13.8, 15.52, 15.72, 15.08, 15.04, 16.16, 14.96, 2.08, 1.48, 2.6, 1.12, 1.24, 2.04, 15.64, 15.68, 15.76, 16.24, 16.32, 17.04, 2.2, 1.68, 2.76, 1.24, 1.44, 19.0, 17.12, 17.08, 17.16, 18.2, 0.36, 2.92, 0.48, 0.4, 1.96, 1.52, 19.6, 17.2, 18.6, 18.28, 0.24, 0.4, 1.72, 2.96, 2.12, 1.6, 19.64, 19.72, 18.76, 19.76, 0.48, 0.56, 1.8, 3.0, 2.36, 1.64, 19.8, 21.4, 19.96, 0.52, 0.8, 2.08, 3.32, 2.52, 22.6, 13.92, 0.8, 0.92, 2.28, 3.48, 2.68, 1.44]

ILAO*:
Tiempo requerido: 3.919
Nodos expandidos: 778

RLAO*:
Tiempo requerido: 0.895
Nodos expandidos: 1222

BLAO*:
Tiempo requerido: 0.65
Nodos expandidos: 1117

VI:
Tiempo requerido: 1.277
Numero de iteraciones: 314874
-------------------------------------------------------
Problema 8
-------------------------------------------------------
LAO*:
Tiempo requerido: 34.858
Nodos expandidos: 774
Porcentajes del conjunto Z: [0.04, 0.08, 0.08, 0.12, 0.16, 0.12, 0.16, 0.24, 0.24, 0.16, 0.2, 0.32, 0.36, 0.32, 0.2, 0.24, 0.4, 0.48, 0.48, 0.4, 0.24, 0.28, 0.48, 0.64, 0.6, 0.48, 0.28, 0.32, 0.52, 0.68, 0.8, 0.72, 0.56, 0.32, 0.36, 0.56, 0.92, 0.88, 0.96, 0.84, 0.64, 0.36, 0.4, 0.6, 1.0, 1.16, 1.08, 1.12, 0.96, 0.72, 0.08, 0.08, 0.4, 0.44, 0.8, 1.08, 1.28, 1.28, 1.28, 1.08, 0.16, 0.8, 0.16, 0.44, 0.88, 1.32, 1.32, 1.32, 1.48, 1.44, 0.24, 1.2, 0.88, 0.24, 0.48, 0.92, 1.44, 1.36, 1.36, 1.8, 0.32, 1.56, 1.68, 1.6, 1.32, 0.96, 0.32, 0.52, 0.96, 1.52, 1.52, 1.76, 1.88, 2.08, 0.4, 1.8, 1.88, 1.76, 1.44, 1.04, 0.4, 0.56, 1.0, 1.6, 1.64, 1.96, 2.32, 0.48, 2.2, 2.36, 2.04, 2.08, 1.92, 1.56, 1.12, 0.48, 0.6, 1.04, 1.68, 1.76, 2.12, 2.56, 2.68, 0.56, 2.52, 2.64, 2.28, 2.28, 2.08, 1.68, 1.2, 0.56, 0.64, 1.08, 1.76, 2.28, 2.76, 2.96, 0.64, 2.84, 2.92, 2.52, 2.48, 2.24, 1.8, 0.64, 0.68, 0.72, 1.8, 2.32, 2.96, 3.0, 2.88, 3.16, 3.2, 2.76, 2.68, 1.84, 0.72, 0.72, 0.72, 0.76, 1.84, 2.56, 3.04, 3.0, 3.04, 3.72, 3.28, 3.48, 3.48, 3.0, 2.72, 1.88, 2.0, 0.12, 0.16, 0.8, 0.12, 0.8, 0.76, 0.8, 1.88, 2.64, 3.12, 3.52, 3.64, 3.8, 3.76, 3.08, 2.96, 2.08, 2.12, 0.24, 0.24, 0.88, 0.88, 0.8, 0.84, 0.84, 1.92, 2.72, 2.68, 3.16, 3.68, 3.56, 3.68, 4.28, 3.88, 3.36, 3.2, 2.24, 2.24, 0.36, 0.96, 0.96, 0.84, 0.88, 0.92, 1.96, 2.8, 2.8, 3.56, 3.84, 3.84, 3.68, 4.32, 4.2, 0.36, 3.64, 3.4, 2.4, 2.36, 0.48, 1.04, 0.88, 0.92, 1.0, 0.96, 2.0, 2.88, 2.92, 3.72, 4.28, 3.96, 3.72, 4.36, 4.36, 4.24, 4.52, 0.48, 3.88, 3.6, 2.56, 2.4, 1.12, 0.92, 0.92, 0.96, 1.08, 1.08, 2.04, 2.96, 3.04, 4.48, 4.52, 4.0, 3.76, 3.76, 0.6, 4.4, 4.44, 4.88, 4.6, 4.12, 3.8, 2.64, 2.56, 0.52, 1.2, 1.0, 0.96, 1.0, 1.16, 1.88, 2.08, 3.04, 3.16, 3.08, 4.6, 4.16, 5.96, 0.72, 4.52, 5.0, 5.24, 4.6, 4.12, 4.32, 3.88, 2.8, 2.64, 0.64, 1.28, 1.08, 1.0, 2.04, 2.12, 3.28, 3.24, 3.12, 4.64, 4.8, 4.2, 6.0, 6.12, 0.84, 5.12, 5.4, 5.16, 4.4, 4.48, 4.12, 2.96, 2.76, 0.76, 1.36, 1.16, 1.04, 2.08, 0.96, 2.16, 2.16, 3.32, 3.4, 3.32, 4.68, 4.88, 4.88, 6.2, 6.76, 5.44, 5.2, 5.48, 4.6, 4.76, 4.32, 3.12, 2.88, 0.88, 1.44, 1.24, 2.12, 1.04, 2.2, 2.24, 3.48, 3.48, 3.52, 3.36, 4.72, 4.96, 5.0, 4.92, 6.24, 6.88, 6.8, 6.12, 5.72, 5.0, 4.52, 3.28, 3.0, 0.16, 0.24, 0.24, 1.0, 1.52, 0.16, 2.16, 2.16, 1.12, 2.32, 3.6, 3.68, 3.64, 3.6, 1.92, 5.04, 5.12, 5.08, 7.48, 6.96, 6.96, 6.84, 6.16, 6.16, 5.76, 5.24, 4.72, 3.44, 0.32, 1.12, 1.6, 2.2, 2.24, 2.24, 1.2, 2.36, 3.72, 3.84, 3.88, 3.76, 3.64, 5.08, 5.24, 5.24, 7.68, 8.24, 7.08, 7.04, 8.04, 6.24, 6.8, 5.8, 5.24, 5.44, 4.88, 0.36, 0.4, 1.24, 1.68, 2.24, 2.32, 2.4, 1.28, 4.0, 4.2, 4.28, 4.24, 4.04, 6.24, 5.28, 5.36, 7.84, 8.44, 8.36, 3.72, 7.24, 8.32, 6.92, 6.88, 0.6, 5.28, 5.68, 0.56, 1.36, 1.76, 2.4, 1.36, 4.04, 4.36, 4.48, 4.48, 4.36, 6.56, 6.6, 5.56, 8.16, 8.76, 8.72, 8.6, 8.56, 8.4, 7.0, 7.08, 6.96, 0.76, 5.4, 5.4, 5.8, 0.6, 1.48, 1.44, 2.44, 4.68, 4.72, 4.64, 6.92, 2.28, 6.88, 9.0, 8.96, 8.88, 9.92, 3.84, 8.68, 9.28, 0.92, 7.16, 7.16, 7.88, 5.48, 5.96, 0.84, 1.6, 1.52, 2.48, 2.52, 4.72, 4.96, 7.24, 7.28, 6.92, 9.12, 9.36, 10.32, 10.08, 9.44, 1.08, 7.24, 8.08, 6.04, 1.0, 1.72, 1.04, 1.56, 2.6, 5.04, 5.08, 7.28, 7.64, 7.36, 6.96, 9.16, 9.44, 9.4, 10.36, 10.12, 9.48, 9.6, 1.24, 8.24, 8.12, 6.08, 1.16, 1.84, 1.12, 1.6, 2.64, 1.4, 8.16, 7.96, 8.0, 7.68, 10.92, 9.52, 9.52, 11.04, 4.72, 10.4, 10.16, 11.24, 10.64, 8.32, 8.88, 1.32, 1.96, 1.64, 2.16, 1.52, 8.24, 8.68, 11.68, 11.36, 9.68, 11.24, 11.16, 10.64, 11.32, 11.28, 10.68, 10.76, 9.12, 0.2, 0.32, 0.36, 1.48, 2.08, 0.2, 1.68, 3.0, 1.64, 8.76, 8.72, 11.72, 12.12, 11.52, 11.4, 11.36, 11.44, 11.84, 11.4, 12.56, 11.6, 0.4, 0.24, 1.64, 2.2, 1.72, 3.16, 1.76, 8.84, 8.76, 11.76, 12.2, 12.32, 13.28, 11.56, 11.72, 12.76, 11.96, 12.68, 12.56, 11.6, 0.48, 0.56, 1.8, 2.32, 1.76, 3.28, 1.88, 8.92, 13.04, 12.28, 12.44, 14.2, 12.92, 13.28, 12.76, 13.6, 0.76, 5.32, 0.76, 1.96, 2.44, 1.8, 3.4, 2.0, 13.24, 13.6, 12.56, 14.36, 14.24, 12.96, 14.32, 13.44, 13.88, 0.84, 2.12, 2.48, 3.48, 2.12, 13.84, 13.92, 14.52, 14.28, 13.0, 14.4, 14.48, 14.56, 0.96, 2.28, 2.52, 3.52, 2.24, 14.2, 14.56, 14.32, 14.32, 13.04, 14.48, 15.64, 1.16, 1.04, 2.44, 2.72, 3.56, 3.56, 2.32, 14.24, 14.6, 14.72, 16.28, 10.96, 14.56, 14.52, 15.68, 1.36, 2.6, 2.84, 2.4, 3.64, 1.56, 16.36, 14.84, 14.8, 16.36, 17.92, 15.96, 1.36, 2.76, 2.44, 3.68, 3.68, 1.72, 16.6, 14.92, 16.88, 18.0, 17.96, 16.0, 0.24, 0.4, 0.48, 0.4, 1.56, 2.96, 0.24, 0.24, 2.48, 3.72, 3.76, 1.88, 16.72, 17.6, 18.08, 19.48, 0.48, 0.32, 3.12, 2.52, 2.52, 3.84, 3.8, 2.04, 13.24, 18.92, 18.48, 20.0, 0.6, 0.68, 1.88, 3.28, 2.56, 2.6, 3.92, 2.2, 20.68, 20.08, 0.92, 0.92, 2.08, 3.44, 2.88, 2.36, 20.72, 22.32, 0.96, 1.04, 2.32, 3.56, 2.92, 2.52]

ILAO*:
Tiempo requerido: 3.041
Nodos expandidos: 802

RLAO*:
Tiempo requerido: 0.875
Nodos expandidos: 1282

BLAO*:
Tiempo requerido: 0.944
Nodos expandidos: 1169

VI:
Tiempo requerido: 1.289
Numero de iteraciones: 314874
-------------------------------------------------------
Problema 9
-------------------------------------------------------
LAO*:
Tiempo requerido: 31.682
Nodos expandidos: 723
Porcentajes del conjunto Z: [0.04, 0.08, 0.08, 0.12, 0.16, 0.12, 0.16, 0.24, 0.24, 0.16, 0.2, 0.32, 0.36, 0.32, 0.2, 0.24, 0.4, 0.48, 0.48, 0.4, 0.24, 0.28, 0.48, 0.6, 0.64, 0.6, 0.48, 0.28, 0.32, 0.56, 0.72, 0.8, 0.8, 0.72, 0.56, 0.32, 0.36, 0.64, 0.84, 0.96, 1.0, 0.96, 0.84, 0.64, 0.36, 0.08, 0.4, 0.72, 0.96, 1.2, 1.2, 1.12, 0.96, 0.4, 0.08, 0.44, 0.8, 1.08, 1.0, 1.24, 1.44, 1.28, 1.0, 0.16, 0.44, 0.44, 0.48, 0.88, 1.16, 1.12, 1.52, 1.48, 1.44, 1.28, 1.32, 1.12, 0.24, 0.16, 0.52, 0.48, 0.52, 0.96, 1.28, 1.68, 1.8, 1.52, 1.8, 1.48, 0.32, 1.2, 0.24, 0.6, 0.52, 0.56, 1.04, 1.32, 1.68, 2.0, 1.88, 1.96, 0.4, 1.48, 1.6, 1.28, 0.32, 0.68, 0.56, 0.6, 1.12, 1.08, 1.4, 2.12, 2.2, 2.12, 0.48, 1.64, 1.8, 1.88, 1.52, 0.76, 0.6, 0.64, 1.2, 1.2, 2.2, 2.56, 2.24, 0.56, 2.48, 1.96, 2.0, 1.6, 0.32, 0.84, 0.64, 0.68, 1.28, 1.32, 1.24, 2.24, 2.68, 2.64, 0.64, 2.48, 2.48, 1.96, 2.12, 1.68, 0.4, 0.92, 0.68, 0.72, 1.36, 1.44, 1.4, 2.64, 2.8, 2.68, 0.72, 2.52, 2.92, 1.96, 2.12, 2.24, 1.76, 0.48, 1.0, 0.72, 0.12, 0.16, 0.76, 1.44, 1.56, 2.84, 2.68, 2.84, 2.88, 2.72, 0.8, 2.52, 3.0, 2.96, 2.32, 2.28, 2.36, 0.56, 1.08, 0.76, 0.12, 0.16, 0.8, 1.52, 1.52, 1.6, 3.04, 2.92, 2.96, 2.96, 2.76, 0.88, 2.56, 3.04, 3.36, 2.52, 2.44, 2.36, 0.24, 0.64, 1.12, 1.16, 0.8, 0.28, 0.84, 1.88, 3.12, 3.16, 0.96, 3.0, 3.08, 3.04, 3.84, 3.08, 3.36, 3.6, 2.72, 2.48, 2.56, 0.36, 0.72, 1.24, 1.24, 0.84, 0.88, 0.88, 1.92, 3.28, 3.2, 1.04, 3.04, 3.16, 3.2, 4.32, 4.64, 3.36, 3.64, 3.92, 4.12, 3.0, 2.96, 0.48, 1.36, 1.32, 0.88, 0.92, 0.96, 0.92, 1.96, 1.96, 3.2, 3.24, 3.96, 1.12, 3.12, 3.2, 4.88, 4.6, 3.84, 3.84, 4.08, 4.0, 0.6, 2.88, 3.04, 2.96, 0.36, 1.44, 1.36, 0.6, 0.92, 0.96, 1.04, 1.04, 2.2, 2.04, 3.6, 3.32, 4.16, 4.2, 1.2, 3.24, 4.92, 5.0, 5.24, 4.2, 4.12, 4.4, 0.72, 3.08, 3.2, 3.08, 0.4, 1.52, 1.4, 0.68, 0.96, 1.0, 1.12, 1.16, 2.36, 2.32, 3.72, 3.76, 4.28, 4.44, 4.24, 1.28, 3.28, 5.24, 5.04, 5.64, 5.6, 0.84, 4.2, 4.08, 4.52, 4.6, 3.24, 3.36, 3.16, 0.56, 1.6, 0.76, 1.0, 1.28, 2.52, 2.52, 4.04, 3.92, 4.76, 1.36, 4.6, 4.52, 4.52, 5.28, 5.4, 5.72, 6.04, 5.64, 0.96, 4.6, 4.52, 4.76, 3.48, 3.24, 0.68, 1.6, 0.84, 1.04, 2.68, 2.72, 4.28, 4.28, 5.12, 1.44, 4.72, 4.84, 5.48, 6.12, 6.16, 6.12, 6.08, 1.08, 5.04, 4.8, 4.72, 3.44, 3.6, 3.24, 0.8, 1.72, 0.92, 0.16, 0.24, 0.24, 2.72, 2.92, 4.52, 4.56, 1.52, 5.24, 5.04, 4.84, 5.44, 6.56, 6.56, 2.64, 5.36, 4.8, 4.68, 3.4, 3.6, 3.64, 3.36, 0.92, 1.0, 0.16, 0.24, 3.0, 4.76, 4.84, 4.6, 1.6, 5.28, 5.6, 5.08, 7.0, 5.4, 6.52, 6.52, 6.52, 6.52, 2.72, 5.4, 4.84, 5.36, 3.6, 3.68, 3.8, 0.32, 1.04, 1.08, 0.4, 4.88, 5.12, 4.92, 4.64, 1.68, 5.36, 5.8, 5.84, 7.4, 7.16, 6.84, 6.68, 7.32, 6.68, 7.52, 5.4, 4.84, 5.52, 5.6, 3.72, 3.88, 0.48, 1.16, 1.16, 0.44, 5.28, 5.4, 5.0, 1.76, 5.88, 5.96, 8.08, 7.52, 8.56, 1.08, 7.44, 7.44, 7.64, 7.6, 5.64, 5.56, 5.84, 5.8, 4.0, 0.64, 1.2, 1.24, 0.68, 5.48, 5.0, 1.84, 2.2, 5.92, 8.24, 8.24, 8.96, 1.2, 7.52, 7.64, 8.44, 7.76, 7.88, 5.92, 6.08, 6.12, 0.8, 1.36, 1.32, 0.76, 5.6, 5.64, 1.92, 7.28, 5.96, 8.28, 8.52, 1.32, 7.56, 7.72, 8.68, 8.6, 8.08, 5.96, 6.24, 6.44, 0.96, 1.48, 1.4, 0.92, 2.0, 5.72, 7.92, 8.6, 8.56, 1.44, 7.6, 7.8, 8.8, 8.88, 8.96, 8.12, 1.12, 6.0, 6.32, 6.6, 1.6, 1.48, 1.08, 8.04, 8.08, 8.64, 8.68, 8.6, 1.56, 7.64, 7.88, 9.0, 9.12, 9.36, 9.12, 9.56, 6.64, 7.04, 1.72, 1.24, 8.12, 8.68, 8.76, 8.76, 11.0, 1.68, 7.96, 9.24, 9.52, 9.44, 10.48, 9.96, 1.12, 7.12, 1.84, 1.4, 0.32, 0.36, 0.32, 11.0, 1.8, 8.8, 8.84, 11.16, 7.96, 9.2, 9.6, 10.76, 10.4, 2.72, 1.16, 5.36, 1.96, 0.2, 0.28, 11.08, 11.24, 1.92, 9.0, 11.36, 11.24, 8.04, 9.8, 9.76, 10.88, 10.88, 10.52, 1.2, 0.4, 2.08, 0.48, 11.28, 11.48, 6.32, 2.04, 11.52, 11.44, 11.68, 8.08, 9.84, 9.88, 11.32, 10.92, 11.92, 1.24, 1.2, 2.2, 0.56, 14.12, 2.16, 11.64, 11.92, 11.76, 1.64, 9.96, 11.44, 11.4, 12.0, 0.68, 1.28, 2.32, 0.84, 14.16, 14.28, 2.28, 12.16, 12.04, 11.8, 1.8, 10.0, 11.52, 11.56, 12.52, 0.88, 1.48, 2.44, 0.96, 14.4, 14.88, 2.4, 12.36, 12.16, 14.2, 1.96, 11.96, 12.04, 13.08, 1.64, 1.16, 2.52, 15.0, 15.08, 12.44, 2.12, 11.88, 12.88, 1.16, 1.8, 1.52, 1.36, 15.68, 15.68, 12.92, 11.48, 2.28, 12.68, 13.92, 1.2, 1.56, 8.24, 15.52, 15.6, 12.6, 2.44, 12.16, 13.44, 1.52, 1.88, 1.76, 0.48, 0.48, 0.4, 15.64, 2.6, 16.92, 13.44, 2.8, 1.6, 2.04, 0.24, 0.32, 1.8, 15.84, 20.2, 18.44, 0.48, 2.2, 0.56, 2.12, 21.6, 2.12, 1.28, 0.52, 2.36, 0.68, 2.24]

ILAO*:
Tiempo requerido: 2.939
Nodos expandidos: 756

RLAO*:
Tiempo requerido: 0.821
Nodos expandidos: 1120

BLAO*:
Tiempo requerido: 0.821
Nodos expandidos: 1093

VI:
Tiempo requerido: 1.267
Numero de iteraciones: 314874
-------------------------------------------------------
Problema 10
-------------------------------------------------------
LAO*:
Tiempo requerido: 33.546
Nodos expandidos: 736
Porcentajes del conjunto Z: [0.04, 0.08, 0.08, 0.12, 0.16, 0.12, 0.16, 0.24, 0.24, 0.16, 0.2, 0.32, 0.36, 0.32, 0.2, 0.4, 0.48, 0.48, 0.4, 0.24, 0.44, 0.6, 0.64, 0.6, 0.48, 0.28, 0.48, 0.68, 0.8, 0.72, 0.56, 0.32, 0.52, 0.76, 0.72, 0.96, 0.84, 0.64, 0.36, 0.56, 0.84, 0.84, 1.0, 1.12, 0.96, 0.72, 0.08, 0.4, 0.08, 0.6, 0.92, 0.96, 0.88, 1.04, 1.2, 1.28, 1.08, 0.8, 0.44, 0.64, 1.0, 1.08, 1.04, 1.48, 1.28, 1.4, 1.44, 1.2, 0.16, 0.88, 0.16, 0.48, 0.68, 1.08, 1.2, 1.2, 1.76, 1.52, 1.6, 1.6, 1.32, 0.96, 0.24, 0.52, 0.72, 1.16, 1.32, 1.36, 1.24, 1.8, 2.04, 0.24, 1.76, 1.8, 1.76, 1.44, 1.04, 0.32, 0.56, 0.76, 1.24, 1.44, 1.44, 2.2, 2.12, 2.32, 2.0, 2.0, 1.92, 1.12, 0.4, 0.6, 0.8, 1.32, 1.56, 1.48, 1.48, 2.44, 2.56, 2.48, 2.6, 2.24, 2.2, 1.96, 1.16, 1.2, 0.48, 0.64, 0.84, 1.4, 1.68, 1.64, 1.8, 2.52, 2.8, 2.88, 0.52, 2.48, 2.28, 2.2, 1.32, 1.28, 0.56, 0.68, 1.48, 1.8, 1.8, 2.0, 2.88, 2.56, 0.6, 2.84, 3.12, 3.16, 2.6, 1.44, 1.36, 0.64, 0.72, 1.92, 1.96, 2.2, 3.12, 2.6, 0.68, 2.88, 3.2, 3.32, 2.64, 1.48, 1.56, 1.44, 0.12, 0.16, 0.72, 0.76, 0.12, 1.96, 2.12, 2.4, 3.36, 3.16, 2.64, 3.72, 0.76, 3.28, 3.24, 3.36, 3.4, 2.68, 1.52, 1.64, 1.68, 1.52, 0.16, 0.8, 0.8, 0.16, 2.0, 2.2, 2.6, 3.6, 3.44, 3.32, 0.84, 3.8, 4.16, 3.76, 3.48, 3.48, 3.28, 0.32, 1.72, 1.8, 1.8, 1.6, 0.32, 0.88, 0.84, 2.04, 2.28, 2.72, 3.84, 3.72, 4.52, 0.92, 4.28, 4.2, 3.8, 3.92, 3.6, 4.12, 3.52, 0.36, 1.92, 1.96, 1.92, 0.44, 0.96, 0.88, 2.08, 2.36, 4.0, 4.0, 3.76, 4.56, 5.08, 1.0, 4.84, 4.0, 4.08, 4.28, 4.4, 0.52, 2.12, 2.12, 0.56, 1.04, 0.92, 0.92, 2.12, 2.44, 2.4, 4.04, 4.2, 4.08, 1.08, 5.12, 4.88, 5.08, 4.2, 4.8, 4.6, 4.44, 0.56, 2.32, 2.16, 0.68, 1.12, 0.96, 1.0, 0.96, 2.16, 2.52, 2.52, 4.28, 4.28, 4.32, 4.12, 1.16, 5.16, 5.88, 5.16, 5.32, 4.96, 5.16, 4.68, 4.48, 0.6, 2.36, 2.4, 2.36, 0.8, 1.2, 1.08, 1.08, 1.0, 2.2, 2.6, 2.64, 4.44, 4.56, 4.44, 4.4, 4.16, 1.24, 5.2, 5.96, 5.44, 6.12, 5.36, 5.28, 4.76, 5.16, 0.56, 0.64, 2.48, 2.64, 2.52, 0.92, 1.28, 1.2, 1.16, 2.24, 2.76, 4.6, 4.76, 4.76, 4.56, 4.48, 6.24, 1.28, 6.04, 6.0, 5.48, 6.28, 6.56, 0.68, 5.52, 5.4, 5.48, 5.32, 0.68, 2.76, 2.84, 2.68, 1.36, 1.32, 2.28, 2.28, 2.8, 4.76, 4.96, 5.0, 4.92, 4.68, 6.6, 7.12, 6.12, 2.64, 6.4, 6.8, 6.8, 0.8, 5.68, 6.16, 5.68, 5.64, 0.68, 3.0, 3.04, 2.84, 0.16, 0.24, 0.76, 1.44, 0.24, 2.32, 2.36, 2.96, 5.16, 5.24, 5.2, 5.08, 6.88, 7.56, 7.28, 6.2, 6.44, 6.92, 7.04, 7.0, 0.92, 6.48, 6.4, 6.04, 5.92, 0.84, 2.72, 3.28, 3.28, 0.24, 0.88, 1.52, 0.32, 2.44, 3.08, 3.0, 5.2, 5.48, 5.48, 5.4, 7.32, 2.04, 7.84, 7.72, 7.36, 7.8, 1.04, 7.04, 7.24, 7.32, 7.88, 6.8, 6.8, 6.36, 6.2, 0.88, 0.52, 3.48, 0.48, 1.0, 1.6, 3.2, 3.16, 5.48, 5.56, 5.72, 7.68, 8.32, 2.12, 8.04, 7.84, 9.0, 8.4, 1.84, 7.36, 7.52, 8.2, 7.32, 7.2, 6.72, 6.52, 0.6, 1.12, 3.32, 5.68, 5.6, 5.76, 8.04, 8.72, 2.2, 8.56, 8.2, 9.52, 9.64, 8.76, 1.96, 7.68, 7.56, 7.72, 7.56, 7.04, 1.24, 0.96, 5.88, 5.88, 5.64, 6.16, 8.12, 9.12, 2.28, 9.0, 9.92, 10.2, 10.04, 2.08, 7.76, 7.6, 7.76, 8.12, 7.92, 0.68, 0.76, 1.36, 1.04, 6.36, 6.24, 8.56, 2.36, 9.44, 9.04, 9.96, 10.64, 10.64, 10.08, 2.2, 7.8, 7.84, 7.64, 7.8, 8.2, 8.52, 0.76, 0.92, 1.48, 1.12, 6.4, 7.04, 2.44, 8.6, 9.48, 9.52, 11.0, 10.72, 11.12, 10.72, 4.2, 10.6, 2.32, 7.92, 7.92, 9.76, 8.28, 8.64, 0.84, 1.08, 1.6, 7.12, 2.52, 8.68, 10.16, 9.64, 11.56, 11.28, 11.28, 11.28, 10.76, 2.4, 8.04, 10.08, 10.28, 8.76, 0.92, 1.12, 1.72, 7.16, 2.6, 10.32, 11.68, 11.32, 11.84, 11.56, 11.08, 2.44, 10.24, 10.64, 10.8, 1.0, 0.2, 0.2, 1.32, 1.84, 0.28, 2.68, 7.2, 10.36, 12.4, 11.72, 11.44, 11.44, 13.32, 2.48, 10.84, 11.2, 1.08, 0.32, 1.48, 0.4, 7.24, 10.4, 12.48, 13.2, 2.08, 11.52, 13.92, 2.52, 2.52, 11.4, 1.16, 0.64, 0.6, 1.64, 11.48, 12.56, 12.52, 13.24, 13.32, 2.2, 13.96, 14.56, 2.56, 2.68, 1.2, 0.76, 0.64, 1.68, 13.68, 12.64, 14.12, 13.4, 13.36, 14.64, 2.6, 2.76, 1.24, 0.8, 0.68, 1.28, 1.84, 13.8, 14.28, 14.32, 13.48, 13.4, 2.4, 14.68, 2.84, 2.12, 1.32, 1.08, 1.12, 1.44, 1.96, 15.48, 14.52, 14.44, 2.52, 13.56, 13.44, 14.72, 3.0, 9.72, 1.36, 1.32, 1.6, 2.08, 15.76, 14.68, 14.56, 13.64, 13.48, 14.84, 3.04, 2.4, 1.4, 0.88, 1.52, 15.96, 2.72, 14.84, 14.68, 13.72, 13.52, 14.88, 3.08, 2.52, 1.44, 1.0, 1.6, 1.76, 16.16, 2.84, 15.0, 14.8, 13.8, 18.32, 3.12, 2.6, 1.48, 1.12, 0.24, 1.84, 0.28, 0.24, 1.92, 0.32, 0.32, 5.08, 16.72, 15.36, 15.12, 18.8, 3.24, 1.24, 0.4, 2.04, 1.96, 0.48, 7.64, 16.96, 15.56, 19.96, 3.32, 1.36, 0.76, 0.72, 2.12, 2.2, 17.16, 20.44, 1.44, 0.92, 0.8, 2.16, 2.28]

ILAO*:
Tiempo requerido: 3.505
Nodos expandidos: 754

RLAO*:
Tiempo requerido: 0.637
Nodos expandidos: 1163

BLAO*:
Tiempo requerido: 0.829
Nodos expandidos: 1159

VI:
Tiempo requerido: 1.316
Numero de iteraciones: 314874
-------------------------------------------------------
Problema 11
-------------------------------------------------------
LAO*:
Tiempo requerido: 34.548
Nodos expandidos: 753
Porcentajes del conjunto Z: [0.04, 0.08, 0.08, 0.12, 0.16, 0.12, 0.16, 0.24, 0.24, 0.16, 0.2, 0.32, 0.36, 0.32, 0.2, 0.24, 0.4, 0.48, 0.4, 0.24, 0.48, 0.6, 0.52, 0.44, 0.48, 0.28, 0.52, 0.72, 0.68, 0.76, 0.56, 0.56, 0.32, 0.56, 0.8, 0.84, 0.96, 0.92, 0.68, 0.64, 0.36, 0.6, 0.88, 0.96, 1.16, 1.08, 0.8, 0.72, 0.08, 0.4, 0.08, 0.64, 0.96, 1.08, 1.32, 1.12, 1.24, 0.92, 0.16, 0.16, 0.44, 0.68, 1.04, 1.2, 1.48, 1.36, 1.16, 1.32, 1.4, 0.24, 0.96, 0.24, 0.48, 0.48, 0.72, 1.12, 1.32, 1.64, 1.56, 1.8, 1.4, 1.52, 1.48, 0.32, 1.12, 0.32, 0.56, 0.52, 0.76, 1.2, 1.44, 1.8, 1.76, 2.08, 0.4, 1.64, 1.64, 1.68, 1.24, 0.4, 0.64, 0.56, 0.8, 1.28, 1.56, 1.96, 1.8, 2.12, 2.36, 0.48, 1.8, 1.88, 1.84, 1.36, 0.48, 0.72, 0.6, 0.84, 1.36, 1.68, 1.6, 2.0, 2.04, 2.6, 2.56, 0.52, 2.08, 2.08, 1.48, 0.56, 0.8, 0.64, 1.44, 1.76, 2.32, 2.12, 2.88, 2.6, 2.88, 0.56, 2.32, 2.12, 1.52, 1.64, 0.64, 0.88, 0.68, 1.48, 1.48, 1.8, 2.52, 2.48, 2.92, 0.6, 2.64, 2.96, 3.16, 0.6, 2.4, 1.76, 0.72, 0.96, 0.72, 1.52, 1.56, 2.04, 2.6, 2.72, 2.52, 2.96, 3.52, 0.68, 3.0, 3.24, 0.64, 2.4, 1.76, 1.84, 0.12, 0.8, 0.16, 1.04, 0.76, 0.12, 1.56, 1.64, 2.16, 2.88, 2.84, 2.8, 3.48, 3.6, 3.96, 0.76, 3.04, 3.28, 3.32, 0.68, 2.44, 1.92, 0.24, 0.24, 0.84, 1.12, 0.8, 1.6, 1.72, 2.28, 3.04, 3.16, 2.96, 3.8, 0.84, 4.04, 3.52, 3.4, 0.88, 2.48, 1.96, 1.96, 0.36, 0.88, 1.16, 0.84, 1.8, 1.96, 2.56, 3.36, 3.52, 3.48, 4.16, 4.0, 4.08, 4.56, 3.56, 3.44, 3.48, 0.92, 3.28, 0.36, 2.04, 2.2, 0.48, 0.92, 1.2, 0.88, 1.84, 2.04, 2.68, 3.52, 3.72, 3.72, 4.56, 4.04, 1.48, 4.24, 4.76, 4.76, 3.56, 4.32, 0.48, 2.32, 2.28, 0.6, 0.96, 1.24, 0.92, 0.92, 2.12, 2.8, 3.68, 3.92, 3.96, 4.84, 4.6, 1.56, 4.08, 5.28, 4.84, 4.8, 3.6, 4.44, 4.36, 0.6, 2.36, 2.44, 0.72, 1.0, 1.44, 1.0, 0.96, 2.16, 2.92, 4.12, 4.2, 5.12, 4.92, 4.76, 1.64, 5.36, 5.92, 4.88, 4.84, 5.2, 4.52, 4.8, 0.68, 2.52, 2.48, 0.84, 1.04, 1.48, 1.56, 1.08, 1.0, 2.2, 3.0, 2.96, 4.16, 4.44, 5.4, 5.24, 5.12, 6.08, 1.68, 6.04, 6.0, 5.08, 5.28, 4.56, 5.0, 0.8, 2.6, 0.96, 1.08, 1.64, 1.68, 1.16, 2.24, 3.08, 3.08, 4.48, 4.52, 5.56, 5.48, 6.48, 6.8, 1.72, 6.16, 6.24, 5.56, 5.32, 4.6, 5.04, 5.12, 2.64, 1.08, 1.12, 1.68, 1.8, 1.8, 2.28, 3.16, 3.2, 4.64, 4.88, 4.56, 5.6, 5.88, 6.88, 1.72, 7.24, 1.8, 6.44, 6.76, 5.64, 5.36, 4.64, 5.32, 5.2, 5.2, 0.8, 3.16, 0.16, 1.2, 0.24, 1.16, 0.24, 1.88, 1.96, 0.16, 2.36, 3.36, 4.84, 5.12, 5.0, 7.36, 7.28, 1.84, 6.48, 6.88, 5.72, 6.48, 5.4, 5.52, 5.32, 5.76, 2.48, 3.4, 0.32, 0.32, 1.28, 2.08, 3.4, 5.0, 5.32, 5.24, 5.04, 7.4, 7.4, 7.32, 7.76, 1.88, 6.52, 6.96, 7.04, 6.8, 7.2, 5.68, 5.72, 5.88, 0.92, 3.56, 0.36, 0.48, 1.44, 0.88, 5.08, 5.52, 5.48, 5.32, 5.08, 1.88, 7.44, 7.48, 8.28, 7.84, 7.84, 1.92, 7.28, 7.12, 8.24, 7.64, 7.48, 5.88, 6.28, 5.92, 1.0, 0.6, 3.6, 0.64, 1.56, 0.96, 5.12, 5.64, 5.72, 5.6, 5.4, 8.32, 1.96, 7.56, 8.4, 8.84, 7.96, 8.64, 1.96, 7.48, 8.36, 9.12, 7.96, 7.72, 6.48, 6.48, 1.04, 0.76, 0.8, 1.68, 1.04, 5.72, 5.88, 5.72, 8.68, 8.48, 2.0, 8.52, 9.0, 9.0, 8.8, 8.88, 2.12, 8.76, 9.28, 9.48, 8.24, 8.36, 6.52, 6.52, 1.08, 1.8, 1.12, 5.84, 6.0, 6.12, 9.16, 9.0, 9.6, 9.2, 9.24, 9.92, 10.24, 1.68, 9.76, 9.84, 8.96, 8.48, 7.24, 1.12, 0.72, 0.88, 1.2, 6.28, 9.52, 9.4, 2.36, 10.04, 10.28, 9.44, 10.16, 9.96, 10.28, 11.24, 1.76, 9.8, 9.88, 10.64, 9.16, 9.28, 1.16, 0.88, 1.04, 6.32, 9.52, 9.76, 2.44, 10.44, 10.72, 10.52, 10.36, 10.2, 11.56, 11.28, 11.28, 1.88, 10.52, 10.68, 10.76, 9.88, 1.2, 0.92, 1.2, 1.48, 2.52, 9.92, 9.84, 10.88, 11.2, 11.04, 11.52, 11.88, 12.64, 11.4, 12.08, 1.96, 11.4, 10.88, 11.56, 1.24, 1.16, 0.2, 0.32, 0.36, 1.6, 0.32, 0.2, 2.6, 10.28, 11.0, 11.56, 12.08, 11.56, 11.92, 13.0, 12.8, 12.24, 13.0, 2.04, 11.64, 11.72, 1.28, 1.2, 0.4, 0.4, 1.64, 11.48, 11.04, 11.6, 12.16, 13.48, 13.08, 13.2, 13.68, 13.12, 13.2, 2.16, 12.44, 1.32, 1.4, 0.48, 0.6, 1.48, 1.8, 11.56, 11.64, 5.2, 14.72, 13.32, 14.12, 14.6, 13.44, 14.12, 2.28, 1.36, 1.52, 0.76, 0.8, 1.64, 1.92, 11.56, 11.64, 11.64, 14.68, 14.92, 14.28, 15.08, 14.96, 14.4, 2.4, 1.4, 1.6, 0.96, 1.0, 2.04, 12.84, 11.68, 14.72, 15.0, 15.92, 15.28, 15.48, 15.96, 2.48, 1.44, 1.68, 1.0, 1.04, 1.84, 2.16, 12.88, 11.72, 15.96, 15.08, 16.04, 16.96, 15.72, 16.52, 2.52, 1.48, 1.76, 1.28, 1.36, 1.88, 2.28, 13.04, 16.04, 16.36, 16.16, 17.52, 16.88, 2.56, 1.52, 1.84, 1.48, 1.56, 1.92, 17.4, 16.48, 16.2, 17.56, 18.64, 3.16, 1.92, 1.56, 1.76, 2.24, 2.48, 17.92, 16.56, 16.28, 17.92, 18.76, 3.2, 2.0, 1.84, 0.24, 0.4, 0.48, 0.48, 0.4, 0.24, 4.76, 18.76, 18.44, 19.56, 2.64, 1.92, 0.48, 0.48, 1.68, 18.8, 18.4, 19.6, 2.8, 2.16, 0.6, 0.72, 1.52, 1.88, 21.32, 19.32, 3.0, 0.96, 1.72, 2.04]

ILAO*:
Tiempo requerido: 2.898
Nodos expandidos: 787

RLAO*:
Tiempo requerido: 0.739
Nodos expandidos: 1121

BLAO*:
Tiempo requerido: 0.631
Nodos expandidos: 1033

VI:
Tiempo requerido: 1.318
Numero de iteraciones: 314874
-------------------------------------------------------
Problema 12
-------------------------------------------------------
LAO*:
Tiempo requerido: 34.659
Nodos expandidos: 753
Porcentajes del conjunto Z: [0.04, 0.08, 0.08, 0.16, 0.12, 0.2, 0.24, 0.16, 0.24, 0.32, 0.32, 0.2, 0.28, 0.4, 0.44, 0.4, 0.24, 0.32, 0.48, 0.56, 0.56, 0.48, 0.28, 0.36, 0.56, 0.68, 0.72, 0.68, 0.56, 0.32, 0.4, 0.64, 0.8, 0.88, 0.88, 0.8, 0.64, 0.36, 0.72, 0.92, 1.04, 1.08, 1.04, 0.92, 0.76, 0.08, 0.4, 0.08, 0.76, 1.04, 1.2, 1.28, 1.28, 0.84, 0.16, 0.16, 0.44, 0.8, 1.12, 1.36, 1.48, 1.52, 1.32, 0.88, 0.2, 0.24, 0.48, 0.84, 1.2, 1.48, 1.68, 1.76, 1.6, 1.36, 0.92, 0.92, 0.24, 0.52, 0.52, 0.88, 1.28, 1.6, 1.84, 1.88, 1.68, 1.76, 0.28, 1.0, 1.08, 0.28, 0.24, 0.6, 0.56, 1.36, 1.72, 2.0, 1.88, 1.92, 2.0, 2.12, 1.88, 0.36, 1.2, 1.2, 0.32, 0.68, 0.6, 1.4, 1.84, 2.16, 2.08, 2.36, 2.08, 2.48, 2.28, 0.44, 2.12, 1.36, 1.32, 0.36, 0.32, 0.76, 0.64, 1.44, 1.92, 2.32, 2.28, 2.6, 2.56, 2.6, 2.68, 0.8, 2.56, 2.32, 1.52, 1.44, 0.84, 0.68, 1.48, 2.0, 2.44, 2.48, 2.84, 2.84, 3.12, 0.88, 2.84, 3.0, 2.8, 2.52, 1.68, 1.56, 0.4, 0.96, 0.76, 1.52, 2.08, 2.56, 2.64, 3.08, 3.48, 3.44, 0.92, 3.24, 3.32, 3.08, 2.76, 1.88, 1.72, 0.12, 0.16, 1.04, 0.8, 0.12, 1.56, 2.16, 2.68, 2.8, 3.28, 3.12, 3.52, 3.8, 3.8, 0.96, 3.52, 3.28, 2.92, 2.0, 0.24, 0.52, 1.12, 0.84, 1.6, 2.24, 2.8, 2.96, 3.36, 3.88, 4.2, 0.84, 4.16, 1.0, 3.56, 3.32, 3.52, 3.12, 2.04, 0.32, 0.28, 0.56, 1.16, 1.2, 0.88, 1.64, 2.32, 2.92, 3.12, 3.0, 3.4, 3.4, 0.92, 3.92, 4.36, 4.64, 4.28, 1.04, 4.16, 3.64, 3.8, 1.4, 3.28, 2.36, 0.4, 0.32, 1.28, 1.28, 0.92, 1.68, 2.4, 3.04, 3.28, 3.2, 3.8, 3.48, 4.8, 1.0, 4.48, 4.84, 4.8, 4.92, 1.08, 4.52, 3.96, 3.96, 2.52, 0.48, 0.48, 1.4, 1.36, 0.64, 0.96, 1.72, 2.48, 3.16, 3.44, 4.04, 3.92, 4.92, 5.4, 1.04, 4.96, 5.0, 5.44, 5.28, 1.12, 4.84, 4.12, 4.0, 2.56, 2.68, 0.56, 0.52, 1.52, 1.44, 0.72, 1.0, 1.76, 2.56, 3.28, 3.6, 3.48, 4.08, 4.2, 5.92, 1.08, 5.16, 5.68, 5.84, 1.16, 5.04, 4.2, 4.48, 2.76, 2.84, 0.64, 0.68, 1.64, 1.52, 0.8, 1.04, 1.8, 2.64, 3.4, 3.76, 3.68, 4.48, 4.28, 4.24, 1.48, 5.96, 6.16, 1.12, 5.88, 6.12, 5.88, 1.2, 5.08, 5.16, 4.72, 4.72, 2.96, 3.0, 0.68, 0.72, 1.6, 1.84, 2.72, 3.52, 3.92, 3.88, 4.72, 4.72, 4.28, 1.56, 6.0, 6.24, 6.92, 1.24, 6.36, 6.48, 1.24, 5.24, 5.72, 5.0, 4.96, 3.16, 3.04, 0.72, 1.64, 0.8, 1.96, 2.88, 3.72, 4.16, 4.16, 5.04, 5.08, 4.84, 4.4, 7.0, 6.32, 7.04, 7.44, 1.28, 6.4, 6.52, 6.68, 1.28, 1.32, 5.84, 6.04, 5.28, 5.2, 3.24, 3.28, 0.16, 0.24, 0.24, 0.16, 2.0, 2.96, 3.84, 4.32, 4.36, 5.36, 5.16, 5.0, 1.68, 7.04, 7.32, 7.56, 7.48, 1.32, 7.08, 7.28, 1.32, 1.4, 6.32, 5.52, 5.28, 3.48, 0.32, 0.2, 0.56, 0.88, 3.04, 3.96, 4.48, 4.56, 4.4, 5.4, 5.48, 5.36, 7.68, 1.76, 7.44, 7.36, 7.6, 7.68, 8.24, 1.44, 7.32, 7.32, 1.36, 1.48, 6.36, 6.64, 5.68, 5.6, 0.44, 0.68, 0.96, 4.16, 4.72, 4.84, 5.96, 5.64, 5.8, 8.2, 8.24, 7.56, 8.84, 7.8, 8.52, 8.32, 1.48, 7.4, 7.48, 8.08, 1.4, 1.56, 6.76, 6.88, 6.08, 0.56, 0.36, 1.04, 4.88, 5.04, 4.88, 6.0, 6.16, 5.92, 8.6, 1.88, 8.68, 8.36, 9.04, 9.04, 8.64, 8.6, 1.52, 8.24, 8.48, 1.44, 1.64, 7.0, 7.28, 0.68, 0.56, 1.12, 5.24, 5.28, 6.48, 6.24, 1.96, 8.76, 8.84, 9.88, 9.28, 9.92, 8.76, 8.64, 1.56, 8.28, 8.68, 8.76, 1.48, 1.72, 7.44, 0.8, 0.64, 1.2, 6.92, 6.76, 6.28, 2.04, 8.8, 8.8, 8.88, 10.4, 10.16, 10.2, 10.08, 8.84, 8.68, 1.6, 8.32, 8.76, 9.24, 1.52, 1.8, 0.92, 0.84, 0.84, 1.28, 6.96, 7.24, 6.84, 2.12, 9.48, 9.52, 10.48, 10.72, 11.12, 10.4, 10.2, 8.92, 10.56, 1.64, 8.84, 8.8, 9.28, 1.56, 1.88, 1.0, 0.92, 7.32, 7.36, 10.08, 2.2, 9.52, 11.16, 11.72, 11.36, 10.56, 4.4, 10.36, 10.84, 11.12, 1.68, 8.92, 9.64, 1.6, 1.96, 1.08, 0.96, 0.84, 7.48, 10.68, 2.28, 10.2, 9.6, 11.24, 12.04, 11.6, 10.76, 12.32, 11.44, 11.24, 2.92, 9.8, 2.04, 1.12, 0.32, 0.36, 1.0, 0.32, 0.88, 0.2, 4.24, 11.76, 11.72, 11.04, 12.68, 11.72, 12.24, 11.76, 12.92, 11.56, 12.12, 2.52, 1.16, 0.4, 0.24, 1.04, 1.36, 1.04, 11.92, 11.84, 13.56, 12.76, 12.28, 12.48, 11.8, 12.96, 13.12, 12.52, 2.64, 1.6, 1.2, 0.56, 0.28, 1.52, 1.16, 12.08, 14.4, 13.68, 12.8, 12.56, 12.56, 14.48, 13.2, 14.12, 2.76, 1.76, 1.24, 0.72, 0.6, 1.56, 1.28, 14.68, 14.56, 13.76, 12.84, 12.96, 13.04, 15.64, 15.12, 14.48, 2.44, 0.88, 0.84, 1.6, 1.4, 14.88, 14.68, 13.84, 12.36, 12.64, 12.76, 15.44, 15.6, 15.84, 2.08, 2.6, 1.04, 0.96, 1.64, 1.52, 15.04, 13.92, 12.84, 15.56, 15.8, 16.72, 10.52, 2.2, 2.76, 1.2, 1.2, 2.0, 1.64, 15.08, 13.36, 13.36, 12.92, 15.72, 16.0, 17.0, 2.32, 2.92, 1.32, 1.32, 2.04, 14.68, 13.44, 15.92, 15.8, 16.16, 17.2, 2.48, 3.08, 1.44, 1.4, 2.24, 15.44, 16.64, 19.44, 16.64, 17.76, 3.24, 1.52, 1.52, 0.48, 0.48, 2.32, 0.4, 0.24, 18.08, 19.6, 19.96, 17.56, 3.4, 1.6, 0.48, 1.88, 2.52, 21.08, 20.16, 21.28, 3.56, 1.68, 0.68, 2.08, 21.68, 21.52, 3.72, 1.76, 0.88, 0.64, 2.16, 1.32]

ILAO*:
Tiempo requerido: 2.545
Nodos expandidos: 790

RLAO*:
Tiempo requerido: 0.578
Nodos expandidos: 1077

BLAO*:
Tiempo requerido: 0.793
Nodos expandidos: 1210

VI:
Tiempo requerido: 1.266
Numero de iteraciones: 314874
-------------------------------------------------------
Problema 13
-------------------------------------------------------
LAO*:
Tiempo requerido: 33.408
Nodos expandidos: 747
Porcentajes del conjunto Z: [0.04, 0.08, 0.12, 0.12, 0.16, 0.2, 0.16, 0.2, 0.28, 0.28, 0.2, 0.24, 0.36, 0.4, 0.36, 0.24, 0.28, 0.44, 0.52, 0.52, 0.44, 0.28, 0.32, 0.64, 0.68, 0.64, 0.52, 0.32, 0.36, 0.36, 0.68, 0.84, 0.84, 0.76, 0.6, 0.36, 0.08, 0.08, 0.44, 0.92, 1.04, 1.0, 0.88, 0.4, 0.16, 0.12, 0.48, 0.48, 0.96, 1.16, 1.24, 1.2, 0.92, 0.44, 0.44, 0.24, 0.16, 0.52, 0.56, 1.24, 1.24, 1.28, 1.08, 0.52, 0.48, 0.32, 0.2, 0.2, 0.56, 0.64, 1.36, 1.56, 1.28, 1.32, 1.48, 1.2, 0.6, 0.52, 0.4, 0.24, 0.28, 0.6, 0.72, 1.48, 1.72, 1.64, 1.36, 1.56, 1.32, 0.56, 0.48, 0.28, 0.36, 0.64, 1.6, 1.88, 1.84, 1.4, 1.64, 1.6, 1.36, 1.36, 0.6, 0.6, 0.56, 0.32, 0.44, 0.68, 0.68, 1.64, 2.04, 2.04, 1.88, 1.44, 1.72, 1.92, 1.44, 1.52, 0.68, 0.64, 0.64, 0.36, 0.52, 0.72, 0.76, 1.8, 2.12, 2.24, 2.12, 2.52, 1.8, 1.76, 1.96, 2.04, 1.64, 1.64, 0.76, 0.68, 0.72, 0.4, 0.92, 0.76, 0.84, 1.92, 2.32, 2.36, 2.36, 2.8, 2.92, 1.88, 2.2, 2.28, 1.8, 1.76, 0.72, 0.12, 0.16, 0.8, 0.44, 1.0, 0.12, 0.8, 0.92, 2.04, 2.48, 2.6, 2.52, 3.08, 3.04, 2.36, 2.24, 2.32, 2.48, 1.96, 0.76, 0.76, 0.24, 0.88, 0.48, 1.08, 0.2, 0.84, 1.0, 2.16, 2.64, 2.8, 2.8, 3.28, 3.12, 3.08, 3.56, 2.44, 2.68, 2.56, 2.68, 2.0, 0.8, 0.84, 0.8, 0.36, 0.52, 1.16, 1.12, 0.88, 1.08, 2.28, 2.8, 3.0, 3.04, 3.36, 3.64, 3.68, 2.92, 2.96, 2.76, 2.2, 0.92, 0.92, 0.84, 0.48, 0.56, 1.24, 1.24, 0.92, 1.16, 2.4, 2.96, 3.28, 3.08, 3.4, 3.4, 3.68, 4.16, 3.2, 2.96, 2.76, 2.96, 2.32, 0.56, 1.0, 0.88, 0.6, 0.6, 1.32, 1.36, 0.28, 0.96, 1.24, 2.52, 3.12, 3.0, 3.32, 3.36, 4.0, 3.48, 4.6, 4.16, 4.48, 3.24, 3.28, 1.4, 3.0, 3.12, 0.64, 1.08, 1.12, 0.96, 0.72, 0.64, 1.4, 1.48, 0.36, 1.32, 2.64, 3.28, 3.2, 3.72, 3.44, 4.36, 4.16, 4.68, 4.36, 4.72, 4.76, 3.8, 3.36, 3.28, 1.2, 1.2, 1.0, 0.84, 0.68, 1.48, 1.6, 0.44, 1.36, 2.76, 3.44, 3.96, 3.88, 4.48, 4.2, 4.72, 5.48, 4.8, 4.88, 5.16, 3.8, 3.36, 3.4, 3.28, 0.72, 1.24, 1.32, 1.04, 0.72, 1.72, 0.52, 2.16, 3.6, 4.36, 4.24, 4.92, 5.72, 5.28, 4.92, 6.2, 6.0, 6.4, 5.24, 5.56, 5.48, 4.44, 3.52, 3.52, 0.8, 1.4, 1.36, 1.08, 1.08, 0.8, 1.28, 1.28, 0.6, 2.2, 3.68, 4.48, 4.44, 4.28, 4.96, 6.04, 5.8, 5.52, 6.28, 7.08, 6.52, 5.72, 5.68, 6.04, 4.56, 3.6, 3.52, 0.88, 1.44, 1.48, 1.52, 1.16, 0.24, 0.92, 1.32, 1.36, 1.32, 0.68, 0.16, 2.24, 3.76, 4.6, 4.6, 4.52, 5.4, 6.16, 6.08, 6.92, 7.2, 7.64, 5.76, 5.88, 6.24, 6.2, 4.68, 3.64, 4.08, 0.96, 1.56, 1.68, 1.64, 0.28, 1.04, 1.36, 1.44, 1.44, 0.76, 0.28, 3.84, 4.76, 4.72, 5.44, 6.2, 6.48, 7.52, 7.8, 7.68, 5.8, 5.96, 6.48, 6.48, 6.4, 4.8, 4.24, 4.2, 1.04, 1.8, 1.84, 0.44, 1.08, 1.52, 1.56, 0.84, 0.32, 3.88, 4.8, 4.92, 4.76, 5.48, 6.76, 6.6, 7.96, 7.56, 7.88, 6.04, 6.6, 6.76, 6.56, 5.4, 4.4, 4.44, 1.12, 2.0, 0.6, 1.2, 1.56, 1.68, 0.36, 5.04, 5.0, 5.0, 6.0, 8.12, 8.04, 9.2, 7.92, 6.08, 6.72, 6.92, 6.8, 7.16, 5.6, 4.68, 4.64, 1.2, 0.76, 1.6, 2.92, 0.56, 5.28, 5.12, 6.28, 6.04, 8.24, 9.72, 9.28, 7.96, 6.8, 7.08, 7.0, 7.16, 7.4, 4.92, 1.28, 0.96, 1.64, 3.0, 1.2, 0.68, 5.64, 6.68, 8.36, 10.04, 9.92, 9.4, 8.0, 6.84, 7.2, 7.2, 7.04, 7.2, 7.48, 4.92, 1.36, 1.92, 0.8, 7.04, 7.0, 8.4, 10.12, 10.2, 10.04, 9.48, 9.84, 7.28, 7.36, 7.28, 8.08, 7.56, 7.52, 4.92, 0.76, 1.44, 1.96, 1.96, 1.28, 7.04, 8.44, 10.2, 10.32, 10.36, 10.16, 11.36, 10.32, 7.48, 7.48, 8.36, 8.48, 8.12, 0.88, 1.52, 0.84, 2.04, 3.64, 1.36, 0.64, 7.08, 7.08, 8.48, 10.28, 10.44, 10.52, 12.12, 11.92, 10.6, 7.68, 8.8, 9.0, 8.72, 8.48, 1.0, 0.28, 0.28, 1.0, 3.84, 1.44, 0.76, 0.2, 0.2, 7.32, 10.76, 10.36, 10.56, 10.48, 10.56, 12.48, 12.64, 12.16, 10.76, 8.96, 9.24, 9.04, 9.52, 1.12, 0.32, 1.16, 0.88, 0.36, 10.88, 12.68, 10.64, 10.88, 13.08, 12.96, 12.4, 12.08, 9.44, 9.32, 9.88, 1.24, 0.52, 1.24, 1.0, 12.84, 12.72, 10.68, 11.08, 10.92, 13.12, 13.44, 13.24, 13.72, 12.6, 9.56, 10.2, 1.36, 0.72, 1.4, 12.92, 13.16, 11.16, 11.16, 13.56, 13.52, 13.76, 14.56, 14.28, 12.76, 10.48, 1.48, 0.92, 1.44, 1.88, 0.6, 13.4, 13.64, 11.24, 13.8, 13.96, 13.84, 15.04, 15.12, 8.0, 13.76, 1.6, 1.12, 1.48, 1.96, 1.24, 0.76, 14.0, 13.88, 14.04, 14.36, 14.44, 15.28, 15.84, 15.24, 13.76, 1.72, 1.16, 1.52, 1.68, 2.08, 1.28, 0.92, 14.2, 16.64, 14.56, 14.8, 8.44, 15.92, 16.44, 1.88, 1.2, 1.84, 2.28, 1.44, 0.96, 7.24, 17.0, 17.56, 8.52, 15.68, 15.64, 15.96, 17.12, 2.0, 1.24, 1.64, 2.04, 1.56, 1.2, 11.04, 18.08, 17.08, 18.4, 0.32, 0.36, 0.44, 1.84, 2.2, 1.68, 1.32, 0.36, 0.24, 18.12, 18.48, 0.44, 0.36, 2.04, 2.36, 1.72, 0.44, 18.16, 18.16, 18.52, 0.6, 2.16, 2.52, 1.76, 1.04, 0.48, 18.2, 18.24, 22.0, 0.84, 2.36, 2.68, 1.8, 1.8, 1.08, 0.52, 18.32, 22.12, 1.08, 2.44, 2.84, 2.04, 1.84, 1.12, 0.88]

ILAO*:
Tiempo requerido: 3.35
Nodos expandidos: 776

RLAO*:
Tiempo requerido: 0.925
Nodos expandidos: 1229

BLAO*:
Tiempo requerido: 0.78
Nodos expandidos: 1199

VI:
Tiempo requerido: 1.288
Numero de iteraciones: 314874
-------------------------------------------------------
Problema 14
-------------------------------------------------------
LAO*:
Tiempo requerido: 34.076
Nodos expandidos: 769
Porcentajes del conjunto Z: [0.04, 0.08, 0.08, 0.12, 0.16, 0.12, 0.16, 0.24, 0.16, 0.2, 0.2, 0.32, 0.2, 0.24, 0.28, 0.24, 0.36, 0.4, 0.24, 0.28, 0.36, 0.36, 0.56, 0.48, 0.48, 0.28, 0.32, 0.44, 0.48, 0.72, 0.72, 0.6, 0.56, 0.32, 0.36, 0.52, 0.6, 0.88, 0.92, 0.88, 0.72, 0.64, 0.36, 0.4, 0.6, 0.72, 1.04, 1.12, 1.12, 1.04, 0.84, 0.72, 0.08, 0.4, 0.08, 0.44, 0.68, 0.84, 1.32, 1.36, 1.32, 1.2, 0.96, 0.8, 0.16, 0.16, 0.44, 0.48, 0.76, 0.96, 0.88, 1.6, 1.52, 1.36, 0.24, 1.08, 0.88, 0.24, 0.48, 0.52, 0.84, 1.08, 1.04, 0.92, 1.64, 1.56, 1.72, 1.52, 1.2, 0.96, 0.32, 0.52, 0.56, 0.92, 1.2, 1.2, 1.12, 1.68, 1.8, 1.92, 0.24, 1.68, 1.32, 1.04, 0.4, 0.56, 1.0, 1.32, 1.36, 1.32, 1.16, 1.72, 1.72, 0.32, 1.84, 2.04, 2.12, 1.84, 1.44, 1.12, 0.6, 1.04, 1.52, 1.52, 2.32, 1.8, 2.48, 0.4, 2.12, 2.28, 2.0, 1.56, 1.2, 0.32, 0.64, 1.08, 1.08, 1.56, 1.72, 1.56, 2.36, 2.44, 0.48, 2.6, 2.8, 2.4, 2.32, 2.04, 2.16, 1.28, 0.4, 0.68, 1.16, 1.76, 1.8, 1.8, 2.84, 2.52, 3.28, 0.56, 2.96, 3.12, 2.52, 2.72, 2.24, 2.2, 1.32, 0.48, 0.72, 1.2, 1.88, 1.92, 3.12, 3.04, 3.68, 0.64, 2.96, 2.96, 2.32, 2.44, 1.36, 0.16, 0.56, 0.76, 0.76, 0.12, 1.24, 1.96, 1.96, 3.28, 3.36, 0.72, 3.72, 3.72, 3.0, 3.24, 3.08, 2.6, 2.52, 1.52, 0.2, 0.64, 0.84, 0.8, 1.28, 2.04, 2.0, 2.0, 3.36, 3.56, 3.4, 0.8, 3.76, 3.8, 3.76, 3.04, 3.32, 3.4, 3.4, 2.72, 2.72, 0.28, 1.64, 0.32, 0.72, 0.92, 0.84, 1.32, 2.12, 2.12, 2.48, 3.44, 3.68, 3.64, 4.76, 0.88, 3.88, 3.88, 4.72, 3.4, 3.52, 3.76, 2.96, 2.88, 0.32, 1.76, 0.44, 0.8, 1.0, 0.88, 1.36, 2.2, 2.24, 2.64, 3.96, 0.96, 3.8, 3.8, 5.04, 4.0, 4.88, 5.12, 3.64, 3.8, 0.48, 3.0, 3.16, 3.04, 1.88, 0.56, 0.92, 1.4, 2.28, 2.36, 2.8, 4.16, 4.36, 1.0, 3.96, 5.24, 5.08, 4.04, 5.04, 5.32, 5.4, 0.6, 3.68, 3.84, 4.24, 3.24, 3.36, 3.2, 1.92, 0.6, 0.64, 0.96, 0.96, 1.44, 2.48, 2.96, 4.36, 4.6, 4.56, 1.04, 5.32, 5.4, 5.12, 5.52, 5.64, 5.48, 0.72, 4.16, 4.32, 4.52, 3.48, 3.56, 3.28, 2.08, 0.76, 0.72, 1.04, 1.0, 1.48, 1.48, 2.52, 3.12, 4.84, 4.84, 4.6, 1.12, 1.08, 5.36, 6.52, 5.64, 5.88, 5.76, 4.64, 4.6, 3.68, 3.44, 2.16, 0.88, 0.8, 1.12, 1.52, 1.56, 2.68, 3.2, 4.88, 5.12, 4.92, 6.24, 1.16, 1.12, 5.4, 6.56, 6.04, 6.04, 5.8, 0.6, 4.68, 5.0, 4.64, 3.72, 3.72, 3.48, 3.6, 2.28, 1.0, 0.88, 1.64, 2.8, 3.4, 3.24, 4.92, 5.2, 6.32, 1.2, 1.16, 6.92, 6.6, 6.08, 6.24, 6.12, 6.84, 0.72, 5.08, 5.08, 5.2, 3.8, 4.08, 3.68, 3.76, 1.12, 0.2, 0.24, 0.96, 0.16, 1.68, 2.92, 3.56, 3.48, 5.4, 5.28, 5.24, 1.28, 6.36, 7.88, 1.24, 1.2, 7.0, 7.6, 0.84, 6.32, 7.2, 7.28, 5.2, 5.68, 5.32, 4.2, 4.32, 3.88, 0.24, 1.24, 1.04, 0.2, 3.0, 3.72, 3.68, 5.68, 5.8, 5.36, 5.28, 1.36, 6.4, 7.96, 8.0, 1.28, 1.24, 8.04, 7.88, 0.96, 7.24, 7.68, 7.44, 5.84, 5.84, 5.76, 4.48, 4.56, 0.44, 0.4, 1.36, 1.12, 3.84, 3.88, 5.92, 5.92, 1.44, 5.44, 7.16, 8.04, 8.12, 9.08, 1.44, 1.28, 8.36, 7.92, 1.08, 7.28, 7.76, 7.88, 8.12, 6.04, 6.28, 6.04, 4.72, 0.52, 0.56, 1.48, 1.2, 4.16, 6.28, 6.08, 6.08, 6.16, 7.36, 8.84, 8.24, 9.24, 9.48, 1.48, 1.32, 1.2, 7.84, 8.0, 8.6, 8.36, 6.52, 6.64, 6.36, 0.72, 0.72, 1.52, 1.28, 6.48, 6.36, 6.68, 1.56, 6.24, 9.08, 9.4, 9.68, 9.52, 2.28, 1.28, 7.88, 8.12, 8.76, 8.88, 8.88, 0.88, 6.92, 7.0, 0.8, 1.68, 1.36, 6.6, 7.0, 6.88, 2.72, 9.2, 9.2, 9.44, 9.88, 9.76, 1.36, 7.92, 8.2, 8.92, 9.08, 9.44, 9.32, 1.04, 7.32, 1.0, 1.8, 1.44, 7.28, 7.24, 6.92, 2.8, 9.24, 9.28, 9.96, 10.0, 9.8, 1.44, 7.96, 8.28, 9.04, 9.28, 9.72, 9.96, 9.8, 1.08, 1.16, 1.92, 7.56, 7.32, 2.88, 9.36, 9.32, 10.0, 10.12, 10.08, 11.76, 1.52, 8.36, 9.16, 9.44, 9.96, 10.24, 10.44, 1.32, 1.32, 2.04, 7.68, 7.36, 2.92, 9.4, 9.44, 11.32, 10.2, 10.24, 12.08, 12.2, 1.64, 9.6, 10.16, 10.52, 10.76, 1.48, 2.16, 0.24, 0.32, 0.32, 0.2, 7.76, 11.28, 9.52, 11.48, 11.56, 10.36, 12.28, 12.56, 12.24, 1.72, 0.92, 9.64, 10.36, 10.76, 11.08, 0.28, 1.64, 0.44, 2.28, 0.28, 11.72, 11.44, 11.6, 11.76, 11.76, 5.4, 12.48, 12.84, 12.68, 13.64, 1.8, 1.08, 10.44, 11.0, 11.36, 0.56, 0.48, 1.8, 2.4, 11.96, 13.6, 11.96, 12.04, 13.92, 13.04, 12.96, 14.12, 14.44, 1.88, 1.24, 11.08, 11.6, 0.68, 0.68, 1.96, 2.52, 14.12, 13.96, 12.24, 14.2, 14.52, 13.2, 14.44, 14.96, 15.16, 1.96, 1.4, 11.76, 0.92, 0.88, 2.04, 2.64, 14.52, 14.28, 14.44, 14.84, 14.72, 14.72, 15.32, 15.72, 15.88, 2.0, 1.52, 2.24, 2.76, 14.88, 16.52, 15.08, 16.28, 15.64, 16.12, 16.48, 2.04, 1.64, 7.96, 1.08, 2.4, 2.88, 17.2, 17.24, 15.16, 16.72, 17.32, 16.56, 17.0, 2.04, 2.04, 1.72, 1.2, 1.2, 2.56, 18.2, 3.68, 16.8, 17.76, 18.2, 17.4, 1.88, 1.4, 2.72, 18.24, 19.88, 3.76, 18.04, 18.84, 19.24, 2.16, 1.6, 2.88, 0.28, 0.4, 0.44, 0.4, 0.24, 20.56, 21.6, 18.84, 19.6, 2.32, 0.96, 0.32, 0.56, 3.04, 0.36, 21.72, 22.6, 19.8, 2.48, 1.16, 0.68, 0.56, 1.84, 3.2, 22.72, 23.56, 2.64, 1.36, 0.84, 0.8, 2.04, 3.36]

ILAO*:
Tiempo requerido: 2.221
Nodos expandidos: 799

RLAO*:
Tiempo requerido: 0.802
Nodos expandidos: 1197

BLAO*:
Tiempo requerido: 0.693
Nodos expandidos: 1139

VI:
Tiempo requerido: 1.272
Numero de iteraciones: 314874
-------------------------------------------------------
Problema 15
-------------------------------------------------------
LAO*:
Tiempo requerido: 32.458
Nodos expandidos: 755
Porcentajes del conjunto Z: [0.04, 0.08, 0.08, 0.16, 0.12, 0.2, 0.24, 0.16, 0.32, 0.32, 0.2, 0.36, 0.44, 0.4, 0.24, 0.4, 0.52, 0.56, 0.48, 0.28, 0.44, 0.6, 0.68, 0.68, 0.56, 0.32, 0.48, 0.68, 0.8, 0.84, 0.8, 0.64, 0.36, 0.52, 0.92, 1.0, 1.0, 0.92, 0.72, 0.08, 0.4, 0.08, 0.56, 0.56, 0.96, 1.16, 1.2, 1.16, 1.04, 0.8, 0.16, 0.16, 0.48, 0.6, 0.64, 1.12, 1.24, 1.4, 1.4, 1.32, 0.2, 0.24, 0.52, 0.64, 0.72, 1.24, 1.44, 1.52, 1.64, 1.36, 0.24, 0.32, 0.56, 0.56, 0.68, 0.8, 1.36, 1.6, 1.76, 1.8, 1.68, 1.4, 1.4, 0.28, 0.28, 0.4, 0.6, 0.64, 0.6, 0.72, 0.88, 1.48, 1.76, 1.96, 2.08, 1.88, 1.96, 1.48, 1.68, 0.32, 0.36, 0.48, 0.72, 0.72, 0.64, 0.76, 0.96, 1.6, 1.92, 2.16, 2.32, 2.2, 2.2, 2.08, 0.44, 1.8, 1.84, 0.36, 0.44, 0.56, 0.84, 0.8, 0.68, 0.8, 1.04, 1.72, 2.08, 2.36, 2.56, 2.48, 2.56, 2.36, 2.44, 0.52, 2.0, 0.4, 0.52, 0.64, 0.96, 0.88, 0.72, 1.12, 1.84, 2.56, 2.8, 2.76, 2.88, 2.76, 0.6, 2.76, 2.04, 2.16, 0.44, 0.6, 0.72, 1.08, 0.96, 0.76, 1.16, 1.96, 1.88, 2.6, 3.04, 3.04, 3.2, 3.12, 3.12, 0.68, 2.72, 2.0, 2.16, 2.24, 0.68, 0.12, 0.84, 1.2, 1.04, 0.8, 0.12, 1.2, 2.04, 2.04, 2.92, 3.12, 3.32, 3.52, 3.48, 3.48, 1.36, 3.12, 2.2, 2.32, 2.36, 0.24, 0.24, 0.92, 1.32, 1.12, 0.84, 1.24, 2.12, 2.16, 3.12, 3.48, 3.84, 3.84, 3.88, 1.44, 3.52, 3.16, 3.4, 2.44, 2.52, 2.52, 0.36, 0.96, 1.44, 1.2, 0.88, 1.28, 2.2, 2.28, 3.28, 3.52, 3.88, 4.2, 4.28, 1.52, 4.0, 4.08, 3.48, 3.68, 2.72, 2.68, 0.28, 0.48, 1.0, 1.56, 1.28, 0.92, 1.32, 2.28, 2.4, 3.44, 3.32, 3.56, 4.4, 4.28, 1.6, 4.72, 4.56, 3.92, 3.84, 1.44, 2.92, 3.08, 3.0, 0.36, 0.6, 1.36, 0.96, 1.36, 2.36, 2.52, 3.6, 3.52, 4.0, 4.88, 1.68, 4.36, 4.8, 5.16, 4.04, 4.36, 3.16, 3.28, 3.04, 0.44, 0.72, 1.4, 1.44, 0.68, 1.0, 1.4, 2.44, 2.64, 3.72, 4.24, 4.04, 4.92, 4.96, 1.76, 4.84, 5.24, 5.2, 4.08, 4.56, 4.64, 3.4, 3.36, 3.28, 0.84, 1.52, 1.52, 0.76, 1.04, 1.44, 2.52, 2.68, 3.76, 4.48, 4.32, 5.48, 1.84, 5.04, 5.0, 4.88, 5.32, 5.32, 5.68, 4.64, 4.88, 4.92, 3.52, 3.64, 3.44, 0.44, 0.96, 1.64, 1.6, 1.48, 2.6, 2.56, 4.08, 4.56, 5.8, 5.64, 1.88, 5.12, 6.4, 5.4, 5.44, 5.84, 6.28, 5.0, 5.2, 5.08, 3.84, 3.6, 0.52, 1.08, 1.76, 0.8, 1.52, 2.68, 2.68, 2.6, 4.12, 4.92, 4.6, 5.84, 6.0, 5.76, 6.48, 6.88, 5.48, 5.92, 6.4, 6.6, 5.32, 5.36, 3.8, 3.56, 3.68, 0.56, 0.16, 1.24, 0.16, 0.88, 0.16, 0.16, 1.56, 2.76, 2.8, 2.76, 4.4, 5.0, 5.0, 6.24, 6.08, 6.16, 1.24, 7.12, 7.04, 6.12, 6.56, 6.8, 6.6, 5.32, 5.68, 5.4, 4.2, 3.72, 0.6, 0.32, 0.32, 1.36, 0.96, 2.84, 2.92, 2.92, 4.6, 5.32, 5.12, 6.52, 1.32, 7.68, 7.28, 6.96, 7.16, 7.0, 7.32, 5.88, 4.56, 0.64, 0.64, 0.36, 1.04, 3.04, 4.8, 5.56, 5.16, 1.4, 6.56, 6.56, 7.6, 7.64, 7.2, 1.56, 6.88, 7.16, 7.52, 7.68, 4.48, 0.68, 0.72, 0.52, 0.52, 1.12, 1.12, 3.08, 4.84, 5.8, 5.2, 7.16, 1.48, 6.64, 8.2, 7.72, 7.72, 1.76, 6.92, 6.92, 7.2, 7.84, 8.04, 7.72, 4.52, 0.8, 0.64, 0.68, 1.16, 5.16, 5.88, 5.84, 1.56, 5.24, 7.24, 7.28, 8.32, 8.36, 7.84, 7.76, 6.96, 7.0, 7.6, 7.92, 8.4, 8.12, 7.76, 4.56, 0.84, 0.84, 0.76, 0.84, 1.32, 1.04, 6.28, 6.0, 6.16, 7.32, 7.4, 9.0, 8.52, 8.52, 7.92, 10.0, 1.96, 7.08, 7.72, 8.36, 8.52, 8.52, 4.76, 8.2, 8.64, 0.88, 0.92, 0.8, 1.0, 1.44, 1.12, 6.4, 6.32, 8.28, 1.52, 7.52, 9.28, 8.76, 8.68, 10.24, 10.2, 2.08, 8.56, 9.04, 8.72, 8.68, 9.12, 0.92, 1.0, 0.96, 1.16, 1.48, 6.76, 8.48, 8.52, 1.6, 7.56, 9.32, 9.52, 8.92, 10.44, 10.24, 2.16, 8.6, 9.24, 8.88, 9.64, 0.96, 1.08, 1.08, 1.32, 1.64, 8.96, 1.68, 9.16, 8.68, 9.68, 9.64, 9.76, 9.0, 10.52, 11.88, 2.2, 9.36, 9.32, 8.96, 9.92, 1.0, 1.16, 1.16, 0.2, 1.52, 0.32, 0.2, 1.76, 9.28, 10.8, 9.96, 9.84, 9.8, 10.52, 11.88, 12.6, 2.24, 9.4, 9.68, 9.96, 1.04, 1.24, 1.28, 0.4, 0.4, 1.68, 1.0, 9.32, 11.44, 11.16, 10.24, 9.96, 9.84, 10.56, 12.24, 12.68, 12.72, 2.28, 9.84, 10.76, 1.32, 1.4, 0.48, 1.72, 1.12, 11.52, 11.48, 10.4, 10.04, 12.48, 1.44, 12.32, 13.08, 12.84, 13.2, 2.32, 10.96, 1.36, 1.48, 0.68, 0.56, 1.96, 1.24, 11.52, 11.48, 10.52, 12.72, 14.28, 1.6, 13.2, 13.36, 14.36, 2.6, 7.0, 4.56, 1.4, 1.56, 0.84, 0.76, 2.04, 1.28, 12.48, 10.72, 13.44, 14.76, 15.4, 13.28, 13.44, 14.6, 2.64, 8.68, 1.44, 1.64, 1.0, 0.96, 2.24, 1.44, 12.52, 10.76, 13.52, 15.32, 15.72, 15.48, 14.12, 14.76, 2.68, 2.68, 1.48, 1.72, 1.08, 1.16, 2.4, 1.56, 12.92, 1.76, 13.6, 15.44, 16.32, 15.84, 16.36, 15.4, 3.76, 1.8, 1.36, 2.48, 15.8, 15.56, 16.48, 16.48, 16.76, 17.68, 3.8, 1.88, 1.12, 1.56, 2.68, 17.8, 16.64, 16.68, 17.44, 18.12, 3.84, 1.96, 1.24, 0.24, 0.24, 1.8, 2.72, 0.36, 0.24, 0.24, 4.84, 19.08, 16.88, 17.68, 18.84, 2.04, 1.4, 0.48, 0.48, 2.96, 19.36, 17.92, 19.12, 2.08, 1.56, 0.6, 0.52, 1.76, 3.12, 20.44, 19.4, 2.12, 1.68, 0.88, 2.04, 3.28]

ILAO*:
Tiempo requerido: 3.104
Nodos expandidos: 778

RLAO*:
Tiempo requerido: 0.841
Nodos expandidos: 1224

BLAO*:
Tiempo requerido: 0.851
Nodos expandidos: 1152

VI:
Tiempo requerido: 3.175
Numero de iteraciones: 782187
-------------------------------------------------------
Problema 16
-------------------------------------------------------
LAO*:
Tiempo requerido: 35.562
Nodos expandidos: 765
Porcentajes del conjunto Z: [0.04, 0.08, 0.08, 0.12, 0.16, 0.12, 0.16, 0.24, 0.24, 0.16, 0.2, 0.32, 0.36, 0.32, 0.2, 0.24, 0.4, 0.48, 0.48, 0.4, 0.24, 0.48, 0.6, 0.64, 0.6, 0.48, 0.28, 0.52, 0.72, 0.8, 0.8, 0.56, 0.32, 0.56, 0.8, 0.96, 1.0, 0.84, 0.6, 0.64, 0.36, 0.6, 0.88, 1.2, 1.08, 1.08, 0.72, 0.72, 0.08, 0.4, 0.08, 0.64, 0.96, 0.92, 1.24, 1.32, 1.36, 1.24, 0.84, 0.8, 0.16, 0.16, 0.44, 0.68, 1.04, 1.04, 1.48, 1.4, 1.64, 1.4, 0.24, 0.96, 0.88, 0.24, 0.48, 0.72, 1.12, 1.16, 1.64, 1.68, 1.76, 1.68, 1.44, 1.56, 0.32, 0.96, 0.52, 0.76, 1.2, 1.28, 1.8, 1.88, 2.08, 1.84, 2.08, 0.4, 1.64, 1.6, 1.0, 1.04, 0.24, 0.56, 0.8, 1.28, 1.4, 1.96, 2.08, 2.36, 2.2, 2.32, 0.48, 1.72, 1.84, 1.12, 1.12, 0.6, 1.36, 1.52, 2.12, 2.52, 2.24, 2.36, 2.44, 0.52, 2.0, 1.24, 1.2, 0.32, 0.64, 1.4, 1.64, 2.28, 2.16, 2.56, 2.6, 3.0, 2.52, 2.48, 0.56, 2.04, 2.16, 1.36, 1.28, 0.4, 0.68, 1.44, 1.72, 2.44, 2.36, 2.2, 2.6, 3.2, 0.6, 2.6, 2.96, 0.6, 2.32, 1.48, 1.36, 0.48, 0.72, 1.48, 1.8, 2.56, 2.56, 2.44, 3.2, 2.64, 0.68, 3.24, 3.32, 3.12, 3.0, 0.64, 2.36, 2.48, 1.6, 1.44, 0.12, 0.16, 0.56, 0.76, 0.12, 1.52, 1.88, 2.72, 2.68, 3.48, 3.28, 0.76, 2.68, 3.28, 3.4, 3.88, 3.2, 3.4, 0.68, 2.64, 1.72, 1.52, 0.24, 0.24, 0.64, 0.8, 1.56, 1.96, 1.92, 2.76, 2.88, 3.76, 3.6, 3.36, 0.84, 3.8, 3.48, 4.0, 4.0, 3.64, 3.44, 0.72, 2.68, 2.8, 0.36, 1.6, 0.36, 0.72, 0.84, 1.6, 2.04, 2.04, 2.96, 4.0, 3.92, 3.72, 4.52, 0.92, 4.04, 4.12, 4.16, 4.48, 3.72, 3.84, 0.76, 2.88, 2.84, 0.48, 1.64, 1.68, 0.4, 0.8, 0.88, 1.64, 2.12, 2.16, 2.08, 3.0, 4.12, 4.2, 4.08, 4.92, 1.0, 4.8, 4.72, 4.32, 4.68, 4.6, 4.16, 4.08, 0.8, 0.6, 2.96, 3.08, 1.76, 0.56, 0.88, 0.92, 1.68, 2.2, 2.28, 3.4, 4.2, 4.4, 5.32, 1.08, 5.24, 5.52, 4.96, 4.88, 5.08, 4.44, 4.2, 0.84, 0.72, 3.24, 1.8, 1.84, 0.6, 0.96, 1.72, 2.4, 2.32, 3.44, 4.64, 4.24, 4.44, 5.68, 1.12, 6.0, 5.8, 5.56, 4.92, 5.12, 5.4, 4.6, 4.52, 0.88, 0.8, 3.28, 1.84, 1.92, 1.92, 0.76, 1.0, 1.76, 1.76, 2.44, 2.48, 3.76, 4.72, 4.72, 4.72, 4.48, 5.72, 6.48, 1.16, 6.32, 6.44, 5.6, 5.48, 5.6, 4.6, 0.92, 3.56, 2.0, 2.04, 2.0, 0.88, 0.72, 1.8, 1.84, 2.6, 2.56, 3.96, 5.08, 4.84, 5.24, 1.48, 4.8, 6.56, 6.84, 1.2, 7.0, 2.24, 6.52, 5.64, 6.0, 5.72, 5.64, 4.64, 4.92, 0.96, 0.64, 3.76, 2.16, 2.16, 1.0, 0.8, 1.84, 1.92, 2.72, 2.76, 4.12, 5.36, 5.44, 5.4, 1.56, 4.88, 6.64, 7.0, 7.6, 1.96, 7.12, 7.32, 6.08, 6.28, 6.12, 5.0, 5.16, 0.72, 2.32, 0.16, 1.12, 0.24, 0.24, 0.88, 0.16, 2.0, 2.84, 2.92, 4.36, 5.52, 5.4, 5.48, 5.6, 5.48, 1.64, 7.44, 7.08, 7.76, 7.72, 2.0, 7.96, 7.8, 2.76, 6.36, 6.16, 5.28, 5.2, 0.8, 2.36, 0.32, 0.32, 1.24, 0.96, 2.96, 3.08, 4.56, 5.8, 5.6, 6.2, 1.72, 5.72, 5.76, 8.12, 7.96, 7.96, 8.64, 2.04, 8.52, 7.88, 6.4, 6.96, 6.2, 5.32, 5.36, 5.6, 0.88, 0.48, 0.48, 1.36, 1.04, 3.24, 4.76, 6.04, 5.92, 6.44, 6.44, 1.8, 5.88, 8.4, 8.64, 8.0, 8.0, 8.88, 9.2, 2.08, 8.6, 8.28, 7.04, 6.92, 5.44, 5.8, 0.96, 0.64, 0.56, 1.48, 1.12, 4.96, 6.28, 6.2, 6.8, 6.72, 6.64, 1.88, 8.56, 8.96, 8.72, 9.0, 8.96, 9.32, 2.12, 9.04, 8.32, 7.08, 7.8, 7.08, 5.92, 0.8, 0.76, 1.6, 1.2, 6.52, 6.48, 7.12, 7.12, 3.28, 6.96, 9.36, 9.08, 9.76, 10.0, 9.04, 9.4, 9.84, 9.12, 9.08, 7.88, 8.0, 7.6, 0.84, 1.64, 1.28, 6.76, 7.68, 7.48, 7.4, 3.36, 9.72, 9.4, 9.12, 10.32, 9.92, 9.92, 9.92, 8.12, 8.56, 0.92, 0.84, 1.04, 1.68, 1.36, 8.08, 7.8, 3.44, 10.2, 9.8, 10.16, 10.4, 10.36, 9.96, 9.96, 10.8, 10.2, 8.72, 1.0, 0.88, 1.2, 1.92, 8.12, 8.44, 3.52, 10.64, 10.32, 10.6, 11.48, 10.48, 10.4, 10.0, 10.04, 10.0, 10.84, 11.12, 10.84, 1.08, 1.04, 2.04, 3.6, 8.52, 11.32, 11.16, 11.96, 11.6, 10.56, 10.44, 10.04, 10.12, 10.12, 11.84, 11.2, 11.8, 1.12, 1.16, 0.2, 0.32, 1.2, 2.16, 0.36, 0.32, 0.2, 11.44, 11.36, 11.2, 12.56, 12.12, 11.72, 10.64, 12.72, 10.2, 10.24, 12.0, 12.24, 11.92, 1.16, 1.28, 0.4, 0.4, 1.36, 2.28, 11.52, 12.4, 12.64, 12.76, 11.84, 12.96, 12.92, 10.36, 12.16, 12.44, 13.0, 2.08, 1.2, 1.4, 0.6, 0.6, 1.52, 12.6, 12.88, 11.88, 13.2, 13.12, 12.32, 12.68, 13.24, 2.16, 1.24, 1.52, 0.8, 0.72, 1.68, 1.16, 12.64, 12.92, 12.92, 11.92, 11.92, 13.24, 13.44, 13.52, 2.24, 1.28, 1.56, 1.0, 0.96, 1.84, 1.28, 14.4, 13.0, 13.28, 12.0, 14.56, 13.52, 13.48, 13.56, 2.28, 1.32, 1.6, 1.04, 1.08, 1.92, 1.4, 14.52, 13.4, 13.4, 14.68, 14.88, 13.64, 13.52, 13.6, 2.32, 1.36, 1.8, 1.32, 1.32, 2.0, 1.52, 14.96, 13.56, 16.12, 13.72, 16.92, 2.36, 1.4, 1.92, 1.4, 2.24, 15.16, 4.2, 17.8, 17.24, 13.76, 17.16, 10.44, 10.04, 2.04, 1.6, 2.4, 4.44, 19.08, 18.48, 14.36, 17.8, 13.36, 2.56, 1.88, 0.24, 0.4, 2.56, 0.48, 0.4, 0.24, 19.24, 19.28, 19.2, 18.0, 2.08, 0.48, 0.48, 1.4, 2.72, 19.36, 19.92, 22.76, 1.88, 2.28, 0.72, 1.6, 2.76, 20.04, 23.52, 2.04, 2.48, 0.84, 0.88, 1.8, 3.0]

ILAO*:
Tiempo requerido: 3.695
Nodos expandidos: 797

RLAO*:
Tiempo requerido: 0.584
Nodos expandidos: 1166

BLAO*:
Tiempo requerido: 0.823
Nodos expandidos: 1090

VI:
Tiempo requerido: 1.268
Numero de iteraciones: 312375
-------------------------------------------------------
Problema 17
-------------------------------------------------------
LAO*:
Tiempo requerido: 34.526
Nodos expandidos: 765
Porcentajes del conjunto Z: [0.04, 0.08, 0.08, 0.16, 0.12, 0.2, 0.24, 0.16, 0.24, 0.32, 0.2, 0.28, 0.28, 0.36, 0.4, 0.24, 0.32, 0.36, 0.52, 0.48, 0.48, 0.28, 0.44, 0.64, 0.68, 0.6, 0.56, 0.32, 0.48, 0.76, 0.84, 0.84, 0.72, 0.36, 0.52, 0.84, 1.0, 1.04, 1.0, 0.08, 0.08, 0.4, 0.4, 0.56, 0.92, 1.12, 1.24, 1.04, 0.16, 0.44, 0.48, 0.44, 0.6, 1.0, 1.16, 1.28, 1.32, 0.24, 0.56, 0.56, 0.48, 0.64, 1.08, 1.04, 1.2, 1.64, 1.4, 1.36, 0.32, 0.68, 0.52, 0.68, 1.16, 1.44, 1.72, 1.8, 1.48, 1.4, 0.28, 0.4, 0.72, 0.72, 0.56, 0.56, 0.72, 1.24, 1.2, 1.48, 2.0, 1.92, 1.92, 0.36, 1.56, 1.88, 0.48, 0.8, 0.88, 0.64, 0.6, 0.44, 0.76, 1.32, 1.32, 1.72, 2.08, 2.24, 2.08, 2.04, 2.08, 2.0, 0.56, 1.0, 0.72, 0.64, 0.48, 0.8, 1.4, 1.88, 2.36, 2.36, 2.24, 2.56, 2.2, 2.2, 0.64, 1.04, 0.76, 0.8, 0.68, 0.52, 0.84, 1.48, 1.44, 1.92, 2.56, 2.4, 2.28, 2.8, 2.76, 2.52, 2.28, 0.68, 1.28, 0.88, 0.88, 0.72, 0.56, 0.56, 0.88, 1.56, 1.56, 2.16, 2.64, 2.6, 2.44, 2.8, 2.88, 2.64, 2.56, 0.12, 0.16, 0.8, 0.12, 1.0, 0.96, 0.76, 0.6, 0.64, 0.92, 1.64, 1.68, 2.32, 2.92, 2.72, 3.0, 2.88, 3.44, 2.92, 2.68, 2.96, 2.6, 0.24, 0.88, 0.16, 1.04, 1.12, 0.8, 0.64, 0.72, 0.96, 1.72, 1.84, 2.48, 3.12, 3.04, 3.16, 3.48, 3.56, 3.52, 2.96, 2.68, 3.0, 3.0, 2.88, 0.36, 0.96, 0.2, 1.16, 0.84, 0.8, 1.0, 2.68, 3.32, 3.28, 3.52, 3.68, 4.2, 3.68, 3.6, 3.64, 3.08, 3.12, 3.36, 2.92, 1.0, 0.24, 0.24, 1.2, 0.88, 0.88, 0.84, 1.04, 1.04, 2.72, 3.56, 3.52, 3.8, 4.08, 4.44, 4.36, 3.8, 4.32, 4.08, 3.24, 3.52, 3.44, 2.96, 0.36, 0.44, 1.04, 0.36, 1.24, 1.4, 0.96, 0.92, 0.88, 1.08, 1.12, 1.08, 2.76, 3.64, 3.8, 4.08, 4.4, 4.88, 4.64, 4.52, 4.8, 4.28, 3.68, 3.64, 3.52, 3.24, 1.08, 0.4, 1.48, 1.52, 0.96, 0.92, 0.48, 1.2, 1.2, 3.0, 3.72, 4.4, 4.72, 5.24, 5.12, 4.84, 4.56, 5.04, 4.76, 3.84, 3.84, 3.52, 0.6, 1.12, 0.48, 1.64, 1.56, 1.0, 1.0, 0.96, 1.24, 1.32, 3.16, 4.0, 3.76, 4.44, 5.08, 5.6, 5.52, 5.36, 4.92, 4.6, 5.08, 5.56, 3.88, 3.88, 4.16, 3.72, 0.72, 1.16, 0.52, 1.72, 1.72, 1.08, 1.04, 1.0, 0.56, 1.28, 1.4, 4.2, 4.08, 4.68, 5.16, 6.0, 5.92, 5.8, 5.48, 5.0, 6.16, 5.68, 5.64, 3.96, 4.4, 4.28, 4.44, 3.88, 0.84, 0.56, 1.84, 1.16, 1.04, 0.64, 1.32, 1.48, 1.44, 4.24, 5.04, 6.12, 6.24, 5.96, 5.6, 6.6, 6.76, 5.76, 5.92, 4.76, 4.52, 4.56, 0.16, 0.24, 0.2, 0.96, 0.6, 0.16, 1.84, 1.92, 0.8, 1.08, 0.72, 1.36, 1.56, 1.56, 4.52, 4.28, 5.08, 5.08, 6.16, 6.16, 6.28, 6.44, 6.12, 7.24, 7.24, 6.88, 6.08, 5.96, 4.76, 5.04, 4.68, 4.56, 1.08, 0.64, 0.24, 1.84, 1.96, 0.88, 0.8, 1.64, 1.68, 4.68, 4.6, 5.4, 5.16, 6.88, 6.28, 6.92, 6.68, 7.96, 7.44, 7.28, 6.2, 6.88, 3.72, 5.2, 5.36, 4.8, 5.0, 0.4, 0.84, 0.36, 2.04, 0.96, 1.8, 4.84, 4.8, 5.76, 5.52, 1.04, 6.96, 6.96, 7.04, 6.96, 6.72, 6.72, 7.96, 8.12, 7.8, 7.08, 7.24, 5.4, 5.4, 5.16, 0.44, 1.08, 0.88, 0.48, 1.04, 5.0, 5.0, 6.0, 5.92, 1.12, 7.36, 7.12, 7.8, 7.12, 7.48, 6.8, 9.08, 8.2, 8.56, 7.84, 7.52, 7.56, 5.44, 5.16, 0.68, 1.2, 0.92, 0.92, 0.56, 1.12, 1.2, 5.2, 6.24, 6.2, 7.56, 1.12, 8.04, 7.6, 9.2, 9.36, 8.68, 8.64, 7.88, 7.56, 7.88, 5.48, 6.12, 0.72, 1.32, 0.96, 1.0, 0.68, 1.2, 0.96, 1.24, 6.52, 6.52, 6.28, 7.64, 8.52, 7.64, 10.04, 9.52, 8.8, 8.72, 9.4, 7.96, 7.92, 5.52, 6.2, 0.96, 1.44, 1.0, 1.08, 0.76, 1.28, 1.04, 6.8, 6.6, 8.4, 8.6, 8.56, 10.12, 10.4, 9.56, 8.84, 8.92, 10.28, 9.84, 8.04, 8.2, 6.28, 1.56, 1.04, 1.16, 0.88, 1.36, 1.12, 6.92, 8.76, 1.32, 9.4, 8.68, 8.6, 10.16, 10.48, 10.24, 9.0, 10.84, 10.04, 8.44, 9.12, 1.6, 1.08, 1.24, 1.0, 1.2, 9.12, 1.4, 9.8, 9.52, 8.76, 8.64, 10.2, 10.2, 10.52, 11.2, 10.44, 9.04, 10.84, 10.96, 10.36, 9.28, 0.2, 0.32, 0.32, 1.0, 1.76, 1.32, 1.12, 0.2, 1.28, 1.48, 10.2, 9.96, 9.64, 8.84, 12.0, 10.32, 10.76, 11.32, 11.48, 10.56, 11.28, 11.12, 11.44, 11.36, 0.24, 1.16, 1.36, 1.24, 2.64, 10.4, 10.12, 9.76, 12.24, 12.12, 10.88, 11.6, 11.6, 12.8, 11.52, 12.4, 0.56, 1.2, 1.32, 0.4, 2.72, 10.6, 10.28, 12.36, 11.6, 11.6, 13.76, 12.96, 11.44, 12.32, 0.64, 1.44, 1.4, 0.56, 1.08, 2.8, 10.8, 10.32, 12.4, 12.4, 11.64, 12.04, 13.84, 14.08, 13.04, 12.84, 0.92, 1.6, 1.48, 0.68, 1.2, 3.64, 10.88, 12.48, 12.44, 11.68, 12.12, 14.32, 14.2, 14.48, 1.0, 1.76, 1.56, 0.84, 1.32, 3.72, 10.92, 12.52, 12.56, 13.96, 12.2, 14.44, 14.36, 14.24, 15.68, 1.28, 1.92, 1.64, 0.96, 1.44, 3.76, 14.72, 14.2, 14.64, 14.6, 14.96, 15.84, 1.32, 1.72, 1.12, 1.56, 3.8, 14.68, 16.04, 16.08, 8.92, 14.68, 15.16, 16.56, 1.36, 1.64, 1.28, 3.8, 4.28, 19.08, 12.28, 14.68, 15.16, 16.76, 0.24, 0.4, 1.8, 0.44, 0.36, 1.84, 1.44, 0.24, 0.24, 4.6, 19.36, 19.4, 15.4, 16.84, 0.32, 2.0, 1.88, 1.6, 0.28, 19.4, 19.48, 20.16, 17.12, 0.68, 2.08, 1.92, 1.72, 0.56, 19.52, 20.24, 21.88, 0.8, 2.36, 2.24, 1.84, 0.76, 3.56, 20.36, 22.0, 1.12, 2.56, 2.4, 1.96, 0.92]

ILAO*:
Tiempo requerido: 2.348
Nodos expandidos: 797

RLAO*:
Tiempo requerido: 0.775
Nodos expandidos: 1249

BLAO*:
Tiempo requerido: 0.811
Nodos expandidos: 1172

VI:
Tiempo requerido: 1.29
Numero de iteraciones: 314874
-------------------------------------------------------
Problema 18
-------------------------------------------------------
LAO*:
Tiempo requerido: 36.592
Nodos expandidos: 751
Porcentajes del conjunto Z: [0.04, 0.08, 0.08, 0.12, 0.16, 0.12, 0.16, 0.24, 0.24, 0.16, 0.2, 0.32, 0.36, 0.32, 0.2, 0.24, 0.4, 0.48, 0.48, 0.4, 0.24, 0.28, 0.48, 0.6, 0.64, 0.6, 0.28, 0.32, 0.72, 0.92, 0.64, 0.32, 0.32, 0.4, 0.4, 1.0, 0.8, 0.36, 0.08, 0.48, 0.44, 1.04, 1.2, 0.84, 0.08, 0.4, 0.16, 0.52, 0.56, 1.08, 1.28, 1.28, 0.88, 0.16, 0.44, 0.44, 0.24, 0.56, 0.64, 0.6, 1.12, 1.36, 1.36, 0.24, 1.08, 0.52, 0.48, 0.32, 0.6, 0.72, 0.72, 0.64, 0.32, 1.16, 1.44, 1.4, 1.4, 1.6, 1.2, 0.52, 0.4, 0.64, 0.8, 0.84, 0.8, 1.68, 0.4, 1.52, 1.52, 1.64, 1.68, 1.24, 0.56, 0.56, 0.48, 0.68, 0.88, 0.96, 1.88, 0.52, 1.64, 1.8, 1.96, 1.72, 1.28, 0.64, 0.6, 0.56, 0.72, 0.96, 1.0, 1.92, 0.6, 1.68, 1.96, 2.16, 2.04, 1.96, 0.68, 0.72, 0.64, 0.64, 0.76, 1.04, 1.0, 1.04, 2.24, 1.96, 0.68, 1.72, 2.04, 2.36, 2.28, 2.32, 2.0, 0.72, 0.8, 0.8, 0.68, 0.72, 0.8, 1.12, 1.12, 1.28, 2.32, 2.32, 2.56, 2.12, 2.48, 2.6, 2.4, 2.32, 0.88, 0.92, 0.88, 0.72, 0.12, 0.16, 0.8, 1.2, 1.24, 1.44, 2.6, 2.44, 2.96, 3.0, 2.6, 2.52, 2.64, 2.72, 2.76, 2.52, 0.12, 1.04, 0.96, 0.76, 0.24, 0.88, 1.24, 1.36, 1.6, 2.8, 2.76, 3.44, 3.52, 2.68, 2.8, 3.12, 1.12, 3.0, 2.72, 1.08, 1.0, 1.04, 0.8, 0.36, 0.96, 1.44, 1.76, 3.0, 2.8, 3.48, 4.0, 3.64, 2.72, 1.2, 2.84, 3.24, 3.4, 3.24, 2.8, 0.28, 1.32, 1.12, 1.12, 0.84, 0.48, 1.88, 3.16, 3.0, 2.8, 3.96, 0.64, 4.04, 4.12, 3.68, 1.76, 0.4, 3.48, 3.32, 3.56, 3.68, 3.36, 3.08, 1.48, 1.24, 1.2, 0.88, 1.92, 3.4, 3.32, 3.36, 4.12, 4.68, 0.72, 4.32, 4.32, 4.52, 0.52, 3.96, 3.64, 3.84, 3.8, 3.64, 3.24, 1.6, 1.32, 1.24, 0.6, 0.92, 0.52, 1.96, 3.48, 3.52, 4.64, 0.8, 4.8, 4.92, 4.48, 5.12, 5.04, 0.68, 4.32, 4.0, 4.12, 3.84, 3.4, 1.72, 1.4, 0.68, 0.96, 0.64, 2.0, 3.56, 3.64, 3.56, 4.68, 5.36, 0.88, 5.08, 5.12, 5.68, 5.44, 0.8, 4.36, 4.0, 4.36, 4.36, 4.04, 3.56, 1.84, 1.4, 0.76, 1.0, 1.0, 2.04, 3.64, 3.76, 3.72, 5.2, 0.96, 5.44, 5.68, 5.32, 5.16, 5.72, 6.12, 5.52, 0.92, 4.92, 4.4, 4.64, 4.24, 3.72, 1.52, 0.84, 1.04, 0.76, 1.04, 2.08, 3.72, 3.88, 3.88, 5.4, 6.0, 5.8, 5.96, 5.4, 6.6, 6.2, 6.24, 6.12, 5.32, 4.72, 4.64, 4.24, 4.44, 3.72, 1.52, 1.52, 0.92, 1.08, 0.16, 0.24, 0.88, 1.08, 2.12, 3.8, 4.0, 4.04, 5.6, 6.24, 6.4, 6.12, 6.08, 6.88, 7.12, 6.36, 6.88, 6.56, 5.68, 4.76, 5.16, 4.48, 3.96, 0.16, 1.56, 1.64, 1.0, 0.32, 1.0, 1.12, 2.16, 3.88, 4.12, 4.2, 6.48, 6.68, 6.76, 6.28, 7.6, 7.44, 7.32, 7.04, 7.36, 6.96, 5.8, 5.32, 4.48, 3.96, 0.2, 1.72, 1.08, 0.48, 1.12, 1.16, 1.16, 3.92, 4.2, 4.32, 4.2, 6.48, 6.92, 7.04, 6.92, 7.8, 8.16, 7.64, 7.52, 7.76, 7.08, 6.32, 1.28, 5.44, 4.52, 4.88, 3.96, 0.44, 1.72, 1.16, 0.64, 1.16, 1.24, 4.48, 4.64, 4.56, 7.04, 7.16, 7.52, 7.44, 8.68, 8.6, 8.6, 7.84, 0.68, 7.72, 8.12, 7.84, 0.6, 5.8, 4.92, 4.92, 4.28, 1.24, 0.68, 1.28, 1.28, 1.28, 4.8, 4.76, 7.28, 7.6, 7.8, 9.08, 9.36, 8.92, 8.68, 9.12, 0.8, 8.16, 8.76, 7.88, 0.76, 5.84, 6.24, 5.0, 5.28, 1.32, 0.92, 1.4, 1.36, 1.32, 4.96, 7.52, 7.88, 7.64, 2.0, 7.84, 9.48, 9.8, 9.72, 9.04, 10.0, 0.92, 9.16, 8.2, 8.84, 8.84, 8.36, 0.96, 6.36, 5.4, 1.4, 1.08, 1.52, 1.4, 1.44, 1.4, 7.76, 8.16, 7.96, 8.44, 9.56, 10.24, 10.2, 10.4, 10.08, 9.92, 8.92, 8.96, 8.4, 1.12, 6.4, 6.8, 1.48, 1.44, 1.52, 1.56, 8.44, 8.28, 8.8, 10.36, 10.68, 10.24, 1.0, 10.44, 10.52, 10.68, 9.08, 9.0, 8.44, 9.04, 1.28, 6.84, 1.56, 1.48, 1.6, 1.68, 1.12, 8.6, 9.16, 8.84, 10.4, 10.84, 10.76, 11.8, 10.6, 10.56, 10.84, 11.0, 9.28, 9.76, 9.36, 9.84, 1.4, 0.96, 0.2, 0.32, 0.28, 1.68, 1.8, 9.52, 9.24, 10.92, 10.96, 12.36, 12.0, 10.68, 12.24, 11.04, 11.08, 9.92, 10.52, 9.92, 1.36, 0.2, 0.2, 1.08, 0.4, 1.04, 3.28, 1.2, 10.04, 9.56, 10.96, 11.08, 12.6, 12.6, 12.12, 12.36, 12.48, 11.16, 11.76, 10.72, 11.12, 1.48, 1.48, 0.28, 1.2, 0.6, 1.2, 1.28, 10.12, 12.72, 11.16, 12.76, 12.88, 12.76, 13.8, 12.64, 12.64, 11.88, 12.6, 11.36, 1.52, 1.56, 1.52, 0.56, 1.32, 0.8, 1.28, 1.36, 13.32, 12.96, 12.88, 13.08, 13.08, 14.16, 12.88, 13.4, 12.76, 13.28, 0.84, 0.96, 1.56, 1.44, 0.88, 1.44, 1.44, 13.6, 14.72, 13.24, 13.32, 13.12, 14.2, 14.44, 13.68, 14.32, 13.48, 1.12, 1.6, 0.84, 1.56, 1.16, 1.48, 1.48, 15.52, 15.24, 13.48, 15.32, 14.52, 15.28, 14.6, 15.08, 1.28, 1.64, 1.12, 1.68, 1.36, 1.56, 15.96, 15.28, 13.52, 15.64, 15.68, 16.24, 15.4, 1.32, 1.68, 1.32, 1.8, 1.4, 1.6, 1.52, 16.24, 15.88, 15.72, 16.04, 15.72, 17.04, 2.8, 1.52, 1.92, 1.44, 2.88, 16.88, 18.44, 16.48, 16.44, 16.08, 17.6, 1.6, 0.24, 0.4, 0.44, 2.84, 19.04, 19.52, 16.36, 16.28, 18.72, 1.6, 0.28, 0.24, 1.12, 0.48, 1.08, 3.12, 19.64, 16.44, 19.16, 1.76, 0.36, 1.28, 0.72, 1.28, 3.24, 19.64, 19.76, 19.36, 1.84, 0.68, 1.44, 0.96, 3.36, 19.84, 22.72, 0.72, 1.6, 1.48, 3.48]

ILAO*:
Tiempo requerido: 2.708
Nodos expandidos: 778

RLAO*:
Tiempo requerido: 0.891
Nodos expandidos: 1152

BLAO*:
Tiempo requerido: 0.911
Nodos expandidos: 1102

VI:
Tiempo requerido: 4.971
Numero de iteraciones: 1214514
-------------------------------------------------------
Problema 19
-------------------------------------------------------
LAO*:
Tiempo requerido: 33.782
Nodos expandidos: 766
Porcentajes del conjunto Z: [0.04, 0.08, 0.08, 0.12, 0.16, 0.12, 0.16, 0.24, 0.24, 0.16, 0.2, 0.32, 0.36, 0.32, 0.2, 0.24, 0.4, 0.48, 0.48, 0.4, 0.24, 0.28, 0.48, 0.64, 0.6, 0.48, 0.28, 0.32, 0.56, 0.52, 0.68, 0.8, 0.72, 0.56, 0.32, 0.64, 0.64, 0.92, 0.88, 0.96, 0.84, 0.64, 0.36, 0.68, 0.76, 1.08, 1.16, 1.08, 1.12, 0.96, 0.72, 0.08, 0.08, 0.4, 0.72, 0.84, 1.24, 1.36, 1.4, 1.28, 1.28, 0.8, 0.16, 0.44, 0.76, 0.92, 1.36, 1.56, 1.64, 1.64, 1.48, 1.32, 0.16, 0.84, 0.88, 0.24, 0.48, 0.8, 1.48, 1.72, 1.88, 1.92, 1.88, 0.24, 1.56, 1.56, 0.96, 0.96, 0.32, 0.52, 0.84, 0.84, 1.52, 1.88, 2.08, 2.2, 2.2, 2.0, 0.32, 1.84, 1.72, 1.08, 1.04, 0.56, 0.92, 1.68, 1.96, 2.28, 2.44, 2.52, 2.4, 0.4, 2.04, 1.88, 1.12, 0.28, 0.6, 0.96, 1.8, 2.16, 2.4, 2.68, 2.44, 2.08, 2.24, 1.92, 1.16, 1.2, 0.36, 0.64, 1.0, 1.88, 2.64, 2.84, 2.72, 2.48, 3.0, 2.32, 2.32, 2.16, 1.28, 1.28, 0.68, 1.04, 1.96, 1.92, 2.68, 3.12, 2.92, 3.08, 3.28, 2.44, 2.6, 2.32, 1.4, 0.72, 1.08, 2.04, 2.04, 3.2, 3.24, 2.96, 3.12, 3.4, 3.44, 2.76, 2.8, 2.48, 1.44, 0.12, 0.16, 0.12, 0.44, 0.76, 0.76, 1.12, 2.12, 2.16, 2.08, 3.24, 3.36, 3.32, 0.76, 3.0, 3.16, 3.48, 3.8, 3.0, 3.0, 2.56, 0.24, 0.16, 0.84, 0.8, 1.16, 2.2, 2.28, 2.24, 3.68, 3.44, 3.48, 3.4, 0.84, 4.28, 3.56, 3.84, 4.08, 3.24, 3.12, 2.6, 0.32, 0.36, 0.52, 0.88, 0.92, 0.84, 2.28, 2.4, 3.88, 3.92, 0.92, 3.6, 4.72, 4.72, 3.6, 3.88, 4.16, 4.36, 0.44, 3.4, 3.2, 2.88, 0.48, 0.6, 1.0, 1.0, 0.88, 1.0, 2.32, 2.52, 2.44, 3.92, 4.16, 3.96, 3.64, 4.96, 5.2, 4.8, 4.24, 4.24, 4.48, 4.56, 3.52, 3.52, 3.04, 0.52, 0.68, 1.12, 1.08, 0.92, 2.36, 2.6, 2.6, 4.24, 4.24, 4.24, 4.28, 5.04, 5.48, 5.32, 5.48, 4.64, 4.6, 4.72, 4.72, 0.44, 3.88, 3.72, 3.2, 0.68, 0.76, 1.24, 1.16, 0.96, 2.4, 2.68, 4.44, 4.6, 4.36, 4.6, 5.72, 5.6, 6.04, 5.92, 4.88, 4.92, 5.12, 0.48, 4.12, 3.92, 3.36, 0.8, 0.88, 1.4, 1.04, 2.44, 2.76, 2.72, 4.52, 4.88, 4.8, 6.12, 1.04, 5.68, 6.12, 6.0, 4.96, 5.16, 5.36, 5.4, 0.52, 4.36, 4.12, 3.52, 0.96, 1.44, 1.08, 1.08, 2.48, 2.84, 2.84, 4.76, 4.96, 4.92, 1.12, 4.84, 6.16, 5.72, 6.6, 6.16, 6.04, 6.72, 5.24, 5.6, 5.68, 5.68, 0.56, 4.32, 3.6, 1.0, 1.6, 1.16, 2.52, 2.92, 2.96, 4.92, 5.24, 5.04, 5.52, 1.2, 4.88, 6.2, 6.84, 6.68, 6.68, 6.72, 7.04, 5.72, 6.0, 5.72, 0.6, 0.6, 4.36, 4.44, 3.8, 0.16, 0.24, 0.24, 0.16, 0.52, 1.04, 1.72, 2.56, 3.0, 3.08, 5.08, 5.44, 5.36, 5.68, 5.6, 1.28, 6.92, 7.84, 6.8, 7.28, 6.76, 0.84, 3.08, 7.12, 7.6, 6.04, 6.08, 6.2, 0.64, 4.52, 4.68, 3.96, 0.32, 0.24, 0.56, 1.2, 1.36, 3.2, 5.24, 5.64, 5.6, 6.08, 5.68, 7.0, 8.0, 8.04, 7.4, 7.92, 0.96, 7.72, 7.68, 6.12, 6.2, 6.64, 6.44, 0.8, 4.84, 4.92, 0.44, 0.48, 0.72, 1.4, 5.4, 5.84, 5.84, 6.36, 8.04, 8.08, 8.2, 8.08, 7.44, 8.56, 8.56, 7.8, 8.44, 6.28, 6.76, 6.88, 6.76, 0.84, 0.6, 5.08, 0.64, 0.84, 0.96, 1.04, 1.44, 5.44, 6.04, 6.08, 6.64, 6.4, 8.08, 9.16, 8.32, 8.28, 8.84, 8.64, 9.24, 8.6, 8.64, 6.88, 7.04, 7.24, 7.04, 0.88, 0.64, 0.72, 0.96, 1.04, 1.72, 1.64, 1.64, 6.32, 6.52, 6.92, 6.64, 8.28, 9.4, 9.6, 9.24, 10.24, 9.48, 9.4, 8.68, 8.88, 9.32, 7.2, 7.52, 0.88, 0.96, 1.08, 1.12, 1.72, 6.64, 6.56, 6.96, 7.0, 9.24, 9.48, 9.72, 9.64, 9.28, 10.52, 11.04, 9.56, 10.36, 8.96, 9.56, 9.68, 7.24, 7.56, 0.96, 1.2, 1.2, 1.76, 1.76, 6.72, 7.52, 7.08, 9.64, 9.84, 9.8, 10.6, 11.12, 1.24, 10.64, 9.64, 9.92, 9.72, 7.92, 1.04, 1.32, 1.28, 1.84, 1.88, 7.72, 7.68, 9.76, 9.68, 9.88, 9.96, 10.8, 10.64, 11.16, 10.68, 11.4, 10.08, 10.04, 10.52, 1.16, 1.44, 1.88, 3.32, 7.92, 10.4, 9.84, 11.32, 11.0, 10.88, 10.68, 1.44, 11.2, 11.2, 10.72, 11.88, 10.24, 10.88, 0.2, 0.32, 0.36, 0.32, 0.2, 0.56, 0.56, 1.56, 3.44, 10.84, 10.68, 11.56, 11.4, 11.04, 11.12, 10.96, 1.56, 11.28, 12.6, 10.76, 11.92, 12.08, 11.08, 0.88, 0.4, 0.32, 0.64, 1.68, 1.68, 11.0, 12.4, 11.64, 12.64, 11.2, 11.0, 11.32, 12.72, 12.68, 12.08, 12.16, 13.0, 0.96, 0.56, 0.6, 0.84, 1.72, 1.76, 12.76, 12.52, 12.84, 11.24, 11.04, 13.36, 12.8, 12.84, 14.04, 13.12, 0.76, 0.8, 1.0, 1.88, 1.72, 12.76, 12.8, 12.72, 12.76, 11.32, 14.72, 12.8, 14.08, 13.92, 13.04, 1.16, 0.84, 0.92, 1.16, 2.0, 1.8, 14.32, 9.08, 11.4, 14.76, 14.92, 14.24, 15.2, 1.2, 1.12, 1.2, 1.32, 2.12, 14.4, 14.4, 11.44, 15.36, 15.08, 15.24, 1.24, 1.24, 1.24, 2.24, 1.68, 14.48, 14.44, 11.48, 15.44, 15.72, 15.12, 15.28, 1.28, 1.28, 1.36, 1.28, 1.36, 2.36, 1.88, 14.56, 14.88, 15.52, 15.84, 15.16, 15.36, 1.32, 1.36, 1.32, 1.52, 1.32, 1.32, 1.52, 2.0, 15.04, 19.12, 15.96, 18.0, 1.36, 1.4, 1.48, 0.24, 0.4, 1.44, 1.8, 0.48, 0.48, 0.4, 0.24, 1.72, 19.6, 16.0, 18.04, 1.52, 1.56, 0.96, 0.48, 0.4, 1.88, 1.68, 19.64, 19.68, 16.04, 18.08, 1.76, 1.08, 0.68, 0.72, 1.0, 1.96, 19.76, 19.76, 19.08, 1.8, 1.12, 0.92, 0.96, 1.2, 2.16, 1.76, 19.88, 22.84, 1.84, 1.44, 1.04, 1.4, 2.32, 1.88]

ILAO*:
Tiempo requerido: 3.437
Nodos expandidos: 798

RLAO*:
Tiempo requerido: 0.658
Nodos expandidos: 1246

BLAO*:
Tiempo requerido: 0.788
Nodos expandidos: 1251

VI:
Tiempo requerido: 1.268
Numero de iteraciones: 314874
-------------------------------------------------------
Problema 20
-------------------------------------------------------
LAO*:
Tiempo requerido: 33.942
Nodos expandidos: 718
Porcentajes del conjunto Z: [0.04, 0.08, 0.08, 0.12, 0.16, 0.12, 0.16, 0.24, 0.24, 0.16, 0.2, 0.32, 0.36, 0.32, 0.2, 0.24, 0.4, 0.48, 0.48, 0.4, 0.24, 0.28, 0.48, 0.6, 0.6, 0.48, 0.28, 0.32, 0.56, 0.72, 0.64, 0.64, 0.72, 0.32, 0.36, 0.64, 0.84, 0.96, 0.8, 0.76, 0.36, 0.36, 0.08, 0.4, 0.96, 0.88, 1.0, 1.16, 0.88, 0.92, 0.4, 0.08, 0.44, 1.0, 1.04, 1.32, 1.28, 1.28, 1.08, 0.96, 0.44, 0.44, 0.48, 0.48, 1.0, 1.08, 1.4, 1.48, 1.12, 1.08, 0.16, 0.16, 0.52, 0.48, 0.52, 0.56, 1.2, 1.16, 1.12, 1.4, 1.64, 1.56, 0.24, 1.28, 1.16, 0.24, 0.52, 0.56, 0.64, 1.32, 1.4, 1.24, 1.16, 1.4, 1.68, 1.76, 0.32, 1.4, 1.16, 0.32, 0.56, 0.56, 0.72, 1.56, 1.52, 1.32, 2.0, 0.4, 1.72, 1.68, 1.76, 1.92, 1.28, 0.4, 0.64, 0.6, 0.76, 0.76, 1.6, 1.72, 2.2, 2.36, 0.48, 1.76, 2.08, 1.92, 1.32, 1.4, 0.48, 0.72, 0.64, 0.8, 0.84, 1.8, 1.76, 2.24, 2.44, 0.56, 2.28, 2.16, 1.44, 1.48, 0.56, 0.8, 0.68, 0.84, 0.92, 0.88, 1.88, 2.8, 0.64, 2.28, 2.48, 3.0, 2.32, 2.16, 1.44, 1.56, 1.6, 0.64, 0.88, 0.72, 0.12, 0.16, 0.88, 1.0, 1.0, 0.92, 1.92, 2.96, 2.88, 0.72, 2.8, 3.04, 3.08, 2.36, 2.16, 1.44, 1.68, 0.72, 0.96, 0.76, 0.12, 0.16, 0.92, 1.08, 1.12, 1.08, 2.32, 3.04, 3.08, 3.44, 0.8, 3.4, 3.2, 3.2, 2.44, 2.8, 1.68, 0.8, 1.04, 0.8, 0.16, 0.28, 0.96, 1.24, 2.52, 3.48, 3.2, 3.68, 4.08, 3.6, 3.36, 3.32, 3.08, 2.8, 1.68, 0.32, 0.88, 1.08, 0.84, 0.4, 1.0, 1.0, 1.28, 2.56, 3.72, 3.68, 0.56, 3.84, 4.36, 4.32, 3.8, 3.52, 3.12, 2.8, 1.68, 1.88, 0.96, 1.12, 0.88, 0.88, 0.52, 1.04, 1.08, 2.88, 3.76, 3.92, 4.32, 0.64, 4.52, 4.6, 4.52, 3.96, 1.2, 3.6, 3.16, 3.2, 2.8, 0.36, 1.68, 1.92, 1.92, 1.04, 1.28, 0.96, 0.92, 0.64, 1.08, 1.12, 2.92, 4.2, 4.12, 4.72, 5.16, 0.68, 4.92, 4.96, 4.84, 4.12, 4.32, 0.48, 3.28, 3.36, 1.96, 2.0, 2.08, 1.12, 1.4, 1.04, 0.96, 0.76, 1.12, 1.16, 1.16, 4.44, 4.68, 5.12, 5.84, 0.72, 5.56, 5.56, 5.28, 5.36, 4.96, 0.6, 3.8, 3.92, 4.24, 2.64, 2.76, 2.76, 1.52, 1.0, 0.88, 1.16, 1.2, 1.24, 1.2, 4.48, 4.8, 5.56, 5.16, 0.84, 5.88, 6.2, 0.76, 5.88, 5.72, 5.56, 5.04, 0.72, 4.28, 4.4, 2.88, 2.92, 1.52, 0.72, 1.04, 1.0, 1.2, 1.4, 1.32, 1.32, 4.84, 4.88, 5.72, 5.64, 0.92, 6.44, 6.28, 6.56, 0.8, 6.08, 5.76, 0.84, 5.68, 5.08, 4.48, 4.68, 3.08, 2.92, 1.52, 1.64, 0.8, 0.16, 1.12, 0.24, 0.24, 1.48, 1.56, 5.0, 5.28, 5.84, 5.84, 6.96, 1.0, 6.88, 6.64, 6.76, 0.84, 6.12, 5.76, 0.96, 5.68, 5.08, 2.52, 4.84, 4.96, 3.12, 3.12, 1.68, 0.88, 0.16, 1.24, 1.68, 1.6, 5.04, 5.48, 6.28, 1.08, 7.2, 7.44, 7.36, 7.0, 6.96, 0.88, 6.28, 1.08, 5.8, 5.2, 5.2, 4.84, 5.12, 5.04, 3.36, 3.32, 0.96, 0.24, 0.32, 1.36, 1.76, 5.6, 5.56, 6.52, 6.32, 1.16, 7.24, 7.72, 7.96, 7.68, 7.16, 7.08, 0.92, 6.36, 1.12, 5.84, 5.96, 5.28, 6.76, 5.16, 5.32, 3.6, 0.44, 1.04, 0.48, 1.48, 6.16, 6.64, 6.6, 7.88, 1.6, 7.8, 8.28, 8.32, 7.88, 1.28, 7.72, 6.0, 6.04, 6.84, 7.08, 3.32, 5.16, 5.32, 5.6, 1.12, 0.64, 1.6, 6.2, 7.28, 1.68, 6.76, 8.2, 8.48, 8.4, 8.56, 7.92, 1.4, 7.76, 7.96, 6.16, 7.64, 7.24, 7.12, 3.4, 5.68, 5.68, 1.2, 0.8, 1.72, 7.36, 7.44, 1.76, 8.4, 8.84, 9.12, 8.44, 8.6, 8.64, 7.96, 1.48, 8.08, 8.2, 7.48, 7.76, 6.04, 1.28, 0.96, 7.52, 9.08, 1.84, 9.48, 1.2, 9.24, 9.12, 8.72, 8.72, 1.56, 8.12, 8.32, 8.24, 7.52, 8.04, 8.12, 0.64, 1.36, 1.12, 9.32, 1.88, 9.6, 9.68, 9.96, 9.28, 8.76, 1.64, 8.16, 8.4, 8.4, 8.28, 7.76, 8.76, 0.76, 1.28, 9.36, 9.64, 9.76, 10.44, 10.16, 9.32, 8.8, 10.76, 1.72, 8.48, 8.52, 10.76, 0.88, 7.76, 8.76, 0.88, 0.2, 0.32, 1.44, 0.36, 0.32, 10.8, 10.56, 10.68, 10.24, 9.52, 10.84, 11.12, 1.8, 8.64, 8.56, 10.76, 10.8, 1.04, 8.88, 1.0, 0.2, 0.24, 1.6, 10.84, 10.6, 10.84, 10.8, 10.48, 11.24, 11.32, 1.88, 8.72, 11.08, 10.84, 11.96, 1.2, 1.12, 0.32, 0.48, 1.76, 11.88, 10.92, 11.0, 11.08, 10.52, 11.28, 11.48, 11.44, 1.96, 11.24, 11.2, 12.04, 1.28, 0.56, 1.24, 0.68, 1.92, 12.24, 11.32, 11.16, 13.0, 11.52, 11.6, 13.92, 2.0, 1.48, 11.36, 12.4, 3.44, 0.6, 1.36, 2.08, 12.28, 11.36, 11.44, 13.8, 13.44, 14.28, 14.28, 2.12, 12.76, 0.64, 1.48, 0.84, 2.24, 12.8, 1.8, 12.84, 14.48, 14.4, 13.44, 14.28, 14.52, 15.52, 8.08, 2.16, 1.6, 1.04, 2.28, 1.92, 15.64, 14.96, 14.56, 16.32, 14.68, 15.88, 2.2, 1.68, 0.68, 1.72, 1.24, 3.28, 16.04, 16.44, 15.36, 17.88, 17.16, 16.44, 1.88, 10.92, 0.72, 1.44, 16.52, 18.44, 18.28, 18.64, 2.04, 1.04, 0.92, 0.4, 0.48, 1.64, 0.48, 0.4, 16.56, 18.44, 18.84, 19.76, 2.2, 1.24, 1.08, 0.24, 0.28, 1.84, 19.92, 20.32, 21.64, 2.32, 1.48, 0.4, 0.56, 2.04, 21.72, 2.52, 0.68, 1.32, 0.8, 2.24]

ILAO*:
Tiempo requerido: 2.976
Nodos expandidos: 744

RLAO*:
Tiempo requerido: 0.73
Nodos expandidos: 1133

BLAO*:
Tiempo requerido: 0.625
Nodos expandidos: 1032

VI:
Tiempo requerido: 1.268
Numero de iteraciones: 314874
-------------------------------------------------------
