Problema 1
-------------------------------------------------------
LAO*:
Tiempo requerido: 0.528
Nodos expandidos: 106
Porcentajes del conjunto Z: [0.25, 0.5, 0.5, 0.75, 1.0, 0.75, 1.0, 1.5, 1.5, 1.0, 1.25, 2.0, 2.25, 2.0, 1.25, 1.5, 2.5, 3.0, 3.0, 2.5, 1.5, 1.75, 3.0, 3.75, 3.75, 3.0, 1.75, 2.0, 3.5, 4.0, 4.0, 4.5, 3.5, 2.0, 3.75, 4.25, 6.0, 5.25, 4.0, 2.25, 0.5, 4.0, 5.75, 6.5, 6.25, 5.5, 4.5, 2.5, 0.5, 1.0, 4.25, 6.25, 7.0, 8.25, 5.75, 4.75, 5.0, 1.0, 1.5, 4.5, 7.0, 6.75, 7.5, 9.5, 7.5, 1.5, 5.75, 7.5, 7.5, 10.0, 10.0, 9.75, 7.75, 8.5, 8.25, 12.5, 10.25, 11.75, 1.5, 8.75, 1.75, 8.5, 12.5, 13.0, 2.0, 12.5, 13.0, 2.25, 14.25, 13.25, 15.5, 2.5, 14.0, 2.75, 3.0, 15.5, 16.0, 17.25, 3.25, 3.25, 18.25, 18.0, 3.75, 0.75, 1.0, 3.5]

ILAO*:
Tiempo requerido: 0.06
Nodos expandidos: 106

RLAO*:
Tiempo requerido: 0.048
Nodos expandidos: 182

BLAO*:
Tiempo requerido: 0.049
Nodos expandidos: 177

VI:
Tiempo requerido: 0.093
Numero de iteraciones: 21147
-------------------------------------------------------
Problema 2
-------------------------------------------------------
LAO*:
Tiempo requerido: 0.601
Nodos expandidos: 111
Porcentajes del conjunto Z: [0.25, 0.5, 0.5, 0.75, 1.0, 0.75, 1.0, 1.5, 1.5, 1.0, 1.25, 2.0, 2.25, 2.0, 1.25, 1.5, 2.5, 3.0, 3.0, 2.5, 1.5, 1.75, 3.0, 3.75, 4.0, 3.75, 3.0, 1.75, 2.0, 3.75, 4.75, 5.0, 5.0, 4.5, 3.5, 2.0, 6.25, 6.25, 6.0, 5.25, 4.0, 2.25, 0.5, 7.75, 7.5, 7.0, 4.5, 0.5, 2.5, 1.0, 8.0, 9.25, 8.75, 7.25, 1.0, 4.75, 5.0, 2.75, 1.5, 8.25, 9.75, 9.25, 1.5, 5.5, 5.5, 2.0, 8.5, 10.25, 10.0, 9.5, 9.5, 2.0, 5.75, 6.25, 8.75, 10.75, 10.75, 12.25, 2.5, 10.0, 12.0, 6.75, 3.0, 11.0, 11.25, 13.0, 12.75, 12.5, 13.0, 1.75, 3.75, 12.25, 14.25, 14.25, 16.0, 14.25, 15.25, 15.5, 17.25, 17.5, 2.25, 16.75, 18.5, 19.0, 2.75, 1.0, 19.75, 20.5, 0.75, 3.25, 1.25]

ILAO*:
Tiempo requerido: 0.08
Nodos expandidos: 122

RLAO*:
Tiempo requerido: 0.046
Nodos expandidos: 174

BLAO*:
Tiempo requerido: 0.061
Nodos expandidos: 194

VI:
Tiempo requerido: 0.097
Numero de iteraciones: 21147
-------------------------------------------------------
Problema 3
-------------------------------------------------------
LAO*:
Tiempo requerido: 0.843
Nodos expandidos: 126
Porcentajes del conjunto Z: [0.25, 0.5, 0.5, 0.75, 1.0, 0.75, 1.5, 1.5, 1.0, 1.75, 2.25, 2.0, 1.25, 2.0, 2.75, 3.0, 2.5, 1.5, 2.25, 3.25, 3.75, 3.75, 1.75, 2.5, 3.75, 4.5, 4.75, 4.0, 2.0, 2.0, 2.75, 4.25, 5.75, 5.25, 5.0, 2.25, 3.0, 4.75, 4.5, 6.0, 6.5, 5.25, 0.5, 0.5, 2.5, 2.5, 5.25, 5.25, 7.5, 7.0, 6.75, 6.25, 1.0, 1.0, 2.75, 1.5, 5.5, 6.0, 8.75, 7.5, 7.0, 6.5, 6.5, 1.5, 3.0, 1.75, 5.75, 6.5, 6.25, 9.0, 9.5, 9.75, 7.0, 7.5, 2.0, 2.0, 7.0, 7.0, 10.0, 10.0, 10.5, 8.25, 2.5, 2.25, 2.25, 7.75, 7.25, 10.25, 10.25, 10.0, 11.75, 3.0, 2.75, 8.25, 13.25, 10.75, 13.75, 10.25, 12.0, 3.5, 3.0, 14.5, 15.0, 14.25, 12.75, 4.0, 3.25, 18.75, 14.5, 13.0, 4.5, 5.75, 19.0, 19.25, 17.75, 0.75, 1.0, 5.0, 0.75, 6.0, 19.75, 22.75, 1.5, 1.5, 5.5, 2.25]

ILAO*:
Tiempo requerido: 0.09
Nodos expandidos: 134

RLAO*:
Tiempo requerido: 0.068
Nodos expandidos: 213

BLAO*:
Tiempo requerido: 0.071
Nodos expandidos: 201

VI:
Tiempo requerido: 0.094
Numero de iteraciones: 21147
-------------------------------------------------------
Problema 4
-------------------------------------------------------
LAO*:
Tiempo requerido: 0.579
Nodos expandidos: 122
Porcentajes del conjunto Z: [0.25, 0.5, 0.75, 0.75, 1.0, 1.25, 1.0, 1.25, 1.75, 1.75, 1.25, 1.5, 2.25, 2.5, 2.25, 1.5, 1.75, 2.75, 3.25, 3.25, 1.75, 2.0, 3.25, 4.0, 4.25, 3.5, 2.0, 2.0, 2.25, 4.75, 4.75, 4.5, 2.5, 2.25, 0.5, 0.5, 2.5, 2.5, 5.0, 5.0, 5.0, 6.0, 5.25, 3.0, 2.5, 1.0, 0.75, 2.75, 3.0, 6.0, 5.5, 7.0, 6.5, 7.0, 6.0, 3.5, 2.75, 1.5, 1.0, 3.5, 6.75, 6.75, 7.75, 8.75, 7.75, 8.0, 4.0, 1.25, 1.25, 7.75, 8.0, 9.5, 10.25, 10.5, 9.25, 8.5, 4.25, 1.75, 9.0, 11.75, 11.75, 9.5, 9.75, 1.5, 2.0, 2.0, 9.25, 11.75, 13.25, 12.25, 11.0, 2.0, 2.25, 2.5, 9.5, 12.5, 14.25, 14.75, 14.75, 2.5, 4.75, 14.5, 15.25, 16.75, 2.25, 2.75, 5.5, 14.5, 15.75, 17.5, 2.75, 0.75, 1.0, 3.0, 6.25, 0.75, 16.25, 18.25, 3.25, 1.5, 7.0, 1.25]

ILAO*:
Tiempo requerido: 0.082
Nodos expandidos: 130

RLAO*:
Tiempo requerido: 0.052
Nodos expandidos: 210

BLAO*:
Tiempo requerido: 0.051
Nodos expandidos: 177

VI:
Tiempo requerido: 0.093
Numero de iteraciones: 21147
-------------------------------------------------------
Problema 5
-------------------------------------------------------
LAO*:
Tiempo requerido: 0.573
Nodos expandidos: 104
Porcentajes del conjunto Z: [0.25, 0.5, 0.5, 0.75, 1.0, 0.75, 1.0, 1.5, 1.0, 1.25, 1.25, 1.75, 2.0, 1.25, 1.5, 2.75, 2.5, 2.5, 1.5, 1.75, 3.0, 3.75, 3.25, 3.0, 1.75, 2.0, 3.25, 4.25, 4.75, 4.0, 3.5, 2.0, 2.25, 4.5, 4.75, 5.5, 5.75, 4.75, 4.0, 2.25, 0.5, 5.0, 6.25, 6.25, 6.75, 6.75, 5.5, 2.5, 0.5, 1.0, 5.25, 7.0, 8.0, 7.75, 8.0, 7.75, 1.0, 2.75, 1.5, 7.5, 9.0, 9.25, 9.25, 8.0, 1.5, 3.0, 2.0, 7.75, 9.75, 9.25, 9.5, 9.75, 9.25, 2.0, 2.5, 10.25, 10.25, 12.75, 2.5, 9.75, 10.0, 11.25, 3.0, 11.0, 14.25, 13.5, 3.0, 12.25, 12.0, 15.25, 15.0, 16.0, 3.5, 14.25, 16.25, 17.5, 18.0, 3.75, 2.5, 19.0, 19.75, 4.0, 3.0, 1.0]

ILAO*:
Tiempo requerido: 0.068
Nodos expandidos: 107

RLAO*:
Tiempo requerido: 0.048
Nodos expandidos: 169

BLAO*:
Tiempo requerido: 0.043
Nodos expandidos: 130

VI:
Tiempo requerido: 0.095
Numero de iteraciones: 21147
-------------------------------------------------------
Problema 6
-------------------------------------------------------
LAO*:
Tiempo requerido: 0.571
Nodos expandidos: 117
Porcentajes del conjunto Z: [0.25, 0.5, 0.5, 0.75, 1.0, 1.0, 1.0, 1.25, 1.25, 1.25, 1.5, 1.5, 1.5, 1.75, 1.5, 1.75, 2.0, 1.75, 1.75, 2.25, 2.25, 3.25, 2.5, 2.5, 2.0, 2.75, 3.0, 4.25, 3.25, 3.0, 2.25, 3.0, 3.75, 5.25, 4.5, 3.5, 4.0, 3.5, 2.5, 3.25, 4.25, 6.25, 5.75, 0.5, 4.5, 4.75, 2.75, 0.5, 4.75, 6.5, 6.5, 5.5, 1.0, 1.25, 4.75, 5.5, 5.0, 3.0, 5.0, 7.0, 7.25, 6.75, 8.5, 1.5, 1.75, 6.0, 6.0, 5.25, 7.5, 8.0, 10.25, 2.0, 2.0, 6.25, 6.25, 8.0, 7.75, 8.25, 11.75, 10.5, 2.5, 2.25, 6.5, 8.0, 9.25, 10.75, 13.0, 13.0, 3.0, 1.75, 8.75, 12.0, 15.25, 14.0, 13.5, 3.5, 9.0, 2.25, 16.5, 16.25, 14.5, 17.75, 3.75, 2.75, 17.75, 17.0, 18.75, 4.0, 3.25, 18.75, 21.5, 3.5, 4.25, 0.75, 1.0, 3.75, 0.75]

ILAO*:
Tiempo requerido: 0.085
Nodos expandidos: 126

RLAO*:
Tiempo requerido: 0.045
Nodos expandidos: 193

BLAO*:
Tiempo requerido: 0.061
Nodos expandidos: 212

VI:
Tiempo requerido: 0.09
Numero de iteraciones: 21147
-------------------------------------------------------
Problema 7
-------------------------------------------------------
LAO*:
Tiempo requerido: 0.668
Nodos expandidos: 125
Porcentajes del conjunto Z: [0.25, 0.5, 0.5, 0.75, 1.0, 0.75, 1.5, 1.5, 1.0, 1.75, 2.25, 2.0, 1.25, 2.0, 2.75, 3.0, 2.5, 1.5, 2.25, 3.25, 3.75, 3.0, 1.75, 2.5, 3.75, 3.5, 4.0, 4.5, 3.5, 2.0, 2.75, 4.25, 5.5, 5.0, 5.25, 4.0, 2.25, 0.5, 3.0, 4.75, 4.5, 5.75, 6.0, 6.0, 4.5, 0.5, 2.5, 1.0, 3.25, 5.25, 5.25, 7.25, 6.0, 6.25, 6.75, 2.75, 1.5, 1.0, 5.75, 6.0, 8.25, 7.75, 8.5, 7.0, 7.0, 3.0, 2.0, 1.25, 6.75, 9.25, 9.0, 10.5, 8.75, 7.25, 7.5, 8.0, 2.5, 1.5, 10.25, 10.25, 12.0, 11.0, 11.0, 8.0, 8.75, 3.0, 1.75, 1.75, 11.5, 13.5, 12.75, 13.5, 12.0, 9.5, 3.5, 2.0, 2.25, 15.0, 14.5, 15.5, 13.75, 4.0, 2.25, 2.75, 16.25, 17.5, 15.75, 14.0, 4.5, 2.5, 3.25, 19.5, 18.0, 19.0, 0.75, 1.0, 5.0, 2.75, 3.75, 20.25, 21.5, 0.75, 1.5, 5.5, 6.75]

ILAO*:
Tiempo requerido: 0.091
Nodos expandidos: 128

RLAO*:
Tiempo requerido: 0.053
Nodos expandidos: 214

BLAO*:
Tiempo requerido: 0.052
Nodos expandidos: 170

VI:
Tiempo requerido: 0.094
Numero de iteraciones: 21147
-------------------------------------------------------
Problema 8
-------------------------------------------------------
LAO*:
Tiempo requerido: 0.576
Nodos expandidos: 117
Porcentajes del conjunto Z: [0.25, 0.5, 0.75, 0.75, 1.0, 1.25, 1.0, 1.25, 1.75, 1.75, 1.25, 2.25, 2.5, 2.25, 1.5, 2.5, 3.25, 3.25, 2.75, 1.75, 2.75, 3.75, 4.25, 4.0, 3.25, 2.0, 3.0, 4.25, 5.0, 5.25, 4.75, 3.75, 2.5, 0.5, 0.5, 3.25, 4.75, 6.25, 6.25, 2.75, 1.0, 0.75, 3.75, 5.5, 5.25, 6.75, 7.75, 6.75, 3.25, 1.0, 4.0, 6.0, 8.25, 8.25, 8.25, 7.0, 3.5, 1.25, 1.25, 6.25, 6.0, 9.75, 8.75, 8.5, 7.0, 1.5, 3.75, 1.5, 3.0, 6.75, 6.25, 9.75, 10.5, 9.25, 8.75, 8.75, 2.0, 1.75, 3.5, 7.25, 11.25, 10.75, 9.75, 10.75, 2.5, 2.0, 4.0, 12.25, 12.5, 12.0, 3.0, 2.25, 4.5, 4.25, 14.0, 12.75, 11.75, 3.75, 2.5, 5.0, 5.0, 14.5, 13.0, 11.75, 4.25, 0.75, 1.0, 2.75, 5.5, 5.75, 0.75, 15.0, 16.75, 4.75, 6.0, 6.5, 1.25]

ILAO*:
Tiempo requerido: 0.079
Nodos expandidos: 121

RLAO*:
Tiempo requerido: 0.046
Nodos expandidos: 220

BLAO*:
Tiempo requerido: 0.057
Nodos expandidos: 193

VI:
Tiempo requerido: 0.737
Numero de iteraciones: 188328
-------------------------------------------------------
Problema 9
-------------------------------------------------------
LAO*:
Tiempo requerido: 0.482
Nodos expandidos: 103
Porcentajes del conjunto Z: [0.25, 0.5, 0.5, 0.75, 1.0, 0.75, 1.5, 1.5, 1.0, 1.75, 2.25, 2.0, 1.25, 2.75, 3.0, 2.5, 1.5, 3.0, 3.75, 3.75, 1.75, 3.25, 4.25, 4.75, 2.0, 2.0, 3.5, 4.75, 5.5, 5.0, 2.25, 2.5, 2.25, 0.5, 3.75, 5.25, 6.0, 6.25, 3.0, 3.0, 2.5, 0.5, 1.0, 5.75, 5.5, 6.25, 7.25, 1.0, 3.75, 3.5, 1.5, 6.0, 6.25, 7.75, 6.5, 8.25, 1.5, 4.5, 2.0, 6.25, 6.75, 8.75, 8.25, 6.75, 8.5, 9.25, 1.75, 2.5, 7.25, 9.75, 9.5, 10.5, 9.75, 2.0, 3.0, 10.75, 9.75, 10.75, 12.0, 2.25, 3.5, 11.0, 11.25, 14.25, 12.5, 2.5, 2.5, 4.0, 11.75, 16.0, 16.25, 3.5, 2.75, 3.0, 4.5, 16.75, 18.25, 4.0, 3.0, 4.0, 0.75, 5.0, 1.0]

ILAO*:
Tiempo requerido: 0.084
Nodos expandidos: 107

RLAO*:
Tiempo requerido: 0.046
Nodos expandidos: 170

BLAO*:
Tiempo requerido: 0.041
Nodos expandidos: 137

VI:
Tiempo requerido: 0.095
Numero de iteraciones: 21147
-------------------------------------------------------
Problema 10
-------------------------------------------------------
LAO*:
Tiempo requerido: 0.515
Nodos expandidos: 100
Porcentajes del conjunto Z: [0.25, 0.5, 0.5, 0.75, 1.0, 0.75, 1.5, 1.5, 1.0, 1.75, 2.25, 2.0, 1.25, 2.75, 3.0, 2.5, 1.5, 3.75, 3.75, 3.0, 1.75, 4.0, 4.5, 3.5, 2.0, 4.25, 4.25, 4.75, 5.25, 4.0, 2.25, 0.5, 4.75, 5.75, 6.0, 4.5, 0.5, 2.5, 1.0, 5.0, 5.0, 6.75, 6.75, 1.0, 5.0, 2.75, 1.5, 1.5, 5.25, 5.5, 5.25, 7.0, 7.75, 7.5, 5.5, 2.0, 1.75, 5.5, 6.0, 6.0, 9.5, 8.25, 8.75, 8.25, 2.5, 5.75, 6.5, 6.75, 10.5, 11.0, 9.5, 9.75, 7.0, 7.5, 11.5, 12.25, 12.5, 10.75, 8.25, 13.0, 13.25, 13.75, 13.75, 2.0, 15.0, 15.0, 15.25, 2.5, 4.5, 17.0, 16.75, 3.0, 0.75, 1.0, 4.75, 17.0, 19.0, 0.75, 3.5, 5.0]

ILAO*:
Tiempo requerido: 0.058
Nodos expandidos: 108

RLAO*:
Tiempo requerido: 0.061
Nodos expandidos: 260

BLAO*:
Tiempo requerido: 0.057
Nodos expandidos: 176

VI:
Tiempo requerido: 0.093
Numero de iteraciones: 21147
-------------------------------------------------------
Problema 11
-------------------------------------------------------
LAO*:
Tiempo requerido: 0.561
Nodos expandidos: 110
Porcentajes del conjunto Z: [0.25, 0.5, 0.5, 0.75, 1.0, 0.75, 1.0, 1.5, 1.5, 1.0, 1.25, 2.0, 2.25, 2.0, 1.25, 1.5, 2.5, 3.0, 3.0, 2.5, 1.5, 1.75, 3.0, 4.0, 4.0, 3.75, 1.75, 2.0, 5.25, 5.0, 4.0, 2.0, 2.0, 2.25, 2.25, 5.5, 6.5, 5.5, 5.0, 2.5, 2.25, 0.5, 2.5, 2.75, 2.5, 5.75, 7.0, 7.25, 6.75, 5.75, 3.0, 2.5, 0.5, 1.0, 3.25, 7.25, 7.5, 8.0, 8.75, 7.75, 1.0, 3.5, 1.5, 3.5, 7.5, 9.25, 8.75, 9.75, 10.0, 8.0, 1.5, 3.75, 9.0, 9.75, 10.75, 10.75, 11.25, 10.5, 9.5, 2.0, 11.5, 12.75, 13.25, 12.0, 12.25, 2.5, 15.0, 13.25, 3.0, 12.0, 13.75, 1.75, 15.0, 15.75, 3.5, 14.0, 2.25, 15.25, 15.75, 18.0, 4.25, 2.75, 4.5, 18.5, 18.25, 3.25, 0.75, 1.0, 5.0, 3.0]

ILAO*:
Tiempo requerido: 0.082
Nodos expandidos: 113

RLAO*:
Tiempo requerido: 0.041
Nodos expandidos: 172

BLAO*:
Tiempo requerido: 0.062
Nodos expandidos: 173

VI:
Tiempo requerido: 0.092
Numero de iteraciones: 21147
-------------------------------------------------------
Problema 12
-------------------------------------------------------
LAO*:
Tiempo requerido: 0.535
Nodos expandidos: 110
Porcentajes del conjunto Z: [0.25, 0.5, 0.5, 1.0, 0.75, 1.25, 1.5, 1.0, 1.5, 2.0, 2.0, 1.25, 1.75, 2.5, 2.75, 2.5, 1.5, 2.0, 3.0, 3.5, 3.5, 3.0, 1.75, 2.25, 3.5, 4.25, 4.5, 4.25, 3.5, 2.0, 2.5, 4.0, 5.0, 5.5, 5.5, 5.25, 4.0, 2.25, 0.5, 2.75, 4.5, 5.75, 6.5, 6.0, 4.5, 2.5, 0.5, 1.0, 3.0, 5.0, 6.5, 7.5, 6.75, 6.25, 6.75, 5.0, 1.0, 1.5, 5.5, 7.25, 8.5, 8.0, 7.0, 6.5, 7.25, 7.5, 1.25, 2.0, 8.0, 10.0, 8.5, 10.25, 7.75, 8.25, 1.5, 2.5, 10.25, 8.75, 12.0, 1.75, 9.0, 1.75, 3.0, 10.5, 11.75, 12.5, 12.25, 2.25, 9.25, 2.0, 3.5, 12.25, 15.75, 15.25, 2.75, 2.25, 4.0, 16.5, 16.0, 15.5, 3.25, 2.5, 4.5, 17.0, 19.75, 3.75, 2.75, 0.75, 5.0, 1.0]

ILAO*:
Tiempo requerido: 0.095
Nodos expandidos: 113

RLAO*:
Tiempo requerido: 0.047
Nodos expandidos: 202

BLAO*:
Tiempo requerido: 0.038
Nodos expandidos: 150

VI:
Tiempo requerido: 0.094
Numero de iteraciones: 21147
-------------------------------------------------------
Problema 13
-------------------------------------------------------
LAO*:
Tiempo requerido: 0.645
Nodos expandidos: 109
Porcentajes del conjunto Z: [0.25, 0.5, 0.5, 0.75, 1.0, 0.75, 1.0, 1.5, 1.5, 1.0, 1.25, 2.0, 2.25, 2.0, 1.25, 1.5, 2.5, 3.0, 3.0, 2.5, 1.5, 1.75, 3.0, 3.75, 4.0, 3.75, 3.0, 1.75, 2.0, 4.5, 5.0, 5.0, 3.5, 2.0, 2.25, 2.25, 4.75, 6.0, 6.25, 5.25, 3.75, 4.0, 2.25, 0.5, 2.5, 2.75, 5.75, 6.5, 7.5, 6.75, 6.75, 4.5, 4.5, 2.5, 0.5, 1.0, 3.25, 6.5, 7.75, 8.25, 8.25, 8.5, 7.75, 5.25, 5.0, 1.5, 7.25, 8.75, 9.75, 9.25, 10.25, 9.75, 1.0, 6.0, 2.0, 9.75, 11.0, 11.0, 11.75, 1.5, 6.25, 2.5, 12.25, 12.5, 11.25, 12.0, 2.0, 6.5, 3.0, 14.0, 13.0, 11.5, 12.25, 14.25, 3.5, 14.75, 15.75, 2.0, 14.75, 4.0, 15.0, 19.0, 21.5, 4.5, 2.5, 22.0, 5.0, 1.0, 3.25]

ILAO*:
Tiempo requerido: 0.068
Nodos expandidos: 111

RLAO*:
Tiempo requerido: 0.044
Nodos expandidos: 179

BLAO*:
Tiempo requerido: 0.048
Nodos expandidos: 156

VI:
Tiempo requerido: 0.095
Numero de iteraciones: 21147
-------------------------------------------------------
Problema 14
-------------------------------------------------------
LAO*:
Tiempo requerido: 0.632
Nodos expandidos: 125
Porcentajes del conjunto Z: [0.25, 0.5, 0.5, 0.75, 0.75, 1.0, 1.0, 1.0, 1.0, 1.25, 1.5, 2.0, 1.5, 1.25, 2.0, 2.75, 2.75, 2.0, 1.5, 2.25, 3.75, 3.75, 3.5, 2.5, 1.75, 5.0, 4.75, 4.25, 3.0, 2.0, 6.25, 5.75, 3.5, 2.25, 6.5, 6.0, 0.5, 0.5, 3.75, 4.0, 2.5, 6.5, 6.5, 6.0, 7.25, 1.0, 4.5, 4.5, 2.75, 6.75, 7.0, 8.25, 7.75, 8.25, 1.25, 5.25, 5.0, 7.0, 7.5, 9.0, 10.25, 1.25, 9.0, 9.25, 1.5, 6.0, 1.75, 7.25, 8.0, 9.75, 11.25, 10.25, 10.25, 2.5, 2.0, 7.5, 8.5, 10.5, 12.25, 11.5, 10.5, 11.5, 3.0, 2.25, 11.25, 13.25, 12.75, 14.5, 12.0, 3.5, 2.5, 2.5, 11.5, 14.25, 14.0, 16.0, 16.25, 4.0, 2.75, 3.0, 14.75, 15.25, 17.5, 18.0, 4.5, 3.0, 3.5, 3.25, 16.0, 19.0, 19.75, 0.75, 1.0, 5.0, 0.75, 4.0, 4.0, 20.0, 21.5, 6.75, 1.5, 5.5, 1.0, 4.25, 4.75]

ILAO*:
Tiempo requerido: 0.06
Nodos expandidos: 132

RLAO*:
Tiempo requerido: 0.065
Nodos expandidos: 239

BLAO*:
Tiempo requerido: 0.066
Nodos expandidos: 221

VI:
Tiempo requerido: 0.094
Numero de iteraciones: 21147
-------------------------------------------------------
Problema 15
-------------------------------------------------------
LAO*:
Tiempo requerido: 0.565
Nodos expandidos: 115
Porcentajes del conjunto Z: [0.25, 0.5, 0.5, 0.75, 1.0, 0.75, 1.0, 1.5, 1.0, 1.25, 2.0, 1.25, 1.25, 1.5, 2.5, 2.25, 1.5, 1.75, 1.5, 1.75, 3.0, 3.0, 3.5, 2.25, 2.25, 1.75, 2.0, 3.5, 3.75, 4.5, 4.5, 3.0, 2.75, 2.0, 2.25, 4.0, 4.5, 5.5, 5.75, 5.5, 3.75, 3.25, 2.25, 2.5, 4.5, 5.25, 6.5, 7.0, 7.0, 0.5, 4.5, 3.75, 2.5, 0.5, 2.75, 5.0, 6.0, 7.5, 8.25, 8.5, 7.5, 1.0, 5.0, 5.5, 4.25, 5.5, 6.75, 10.25, 1.5, 1.0, 6.0, 6.25, 7.5, 10.5, 10.5, 2.0, 1.25, 6.25, 7.0, 7.75, 11.25, 11.0, 2.5, 6.5, 7.5, 8.0, 11.5, 11.75, 11.25, 6.75, 8.0, 1.75, 14.5, 12.25, 15.75, 2.0, 8.5, 2.25, 14.75, 12.5, 17.0, 17.75, 2.5, 2.75, 16.25, 3.0, 17.5, 19.25, 3.25, 21.5, 3.5, 20.0, 0.75, 3.75, 0.75]

ILAO*:
Tiempo requerido: 0.077
Nodos expandidos: 120

RLAO*:
Tiempo requerido: 0.06
Nodos expandidos: 225

BLAO*:
Tiempo requerido: 0.062
Nodos expandidos: 198

VI:
Tiempo requerido: 0.092
Numero de iteraciones: 21147
-------------------------------------------------------
Problema 16
-------------------------------------------------------
LAO*:
Tiempo requerido: 0.49
Nodos expandidos: 96
Porcentajes del conjunto Z: [0.25, 0.5, 0.5, 0.75, 1.0, 0.75, 1.0, 1.5, 1.5, 1.0, 1.25, 2.25, 2.0, 1.25, 1.5, 1.5, 2.5, 3.0, 2.5, 1.5, 2.0, 3.5, 3.75, 3.0, 1.75, 2.25, 4.25, 3.75, 4.0, 3.5, 2.0, 2.5, 4.75, 5.75, 4.25, 3.75, 4.0, 2.25, 0.5, 2.75, 2.75, 5.0, 7.0, 6.25, 5.75, 4.75, 5.0, 2.5, 0.5, 3.25, 6.0, 8.0, 5.5, 1.0, 3.5, 6.75, 6.25, 8.25, 8.25, 1.5, 5.75, 7.25, 7.75, 9.75, 8.5, 8.25, 2.0, 5.75, 1.25, 11.75, 10.75, 9.25, 8.75, 2.5, 6.25, 12.0, 12.75, 11.5, 9.75, 12.5, 3.0, 1.75, 13.25, 13.75, 14.0, 3.25, 14.5, 14.75, 14.0, 3.5, 2.25, 19.5, 2.75, 3.75, 2.75, 0.75]

ILAO*:
Tiempo requerido: 0.076
Nodos expandidos: 100

RLAO*:
Tiempo requerido: 0.047
Nodos expandidos: 197

BLAO*:
Tiempo requerido: 0.046
Nodos expandidos: 152

VI:
Tiempo requerido: 0.093
Numero de iteraciones: 21147
-------------------------------------------------------
Problema 17
-------------------------------------------------------
LAO*:
Tiempo requerido: 0.619
Nodos expandidos: 112
Porcentajes del conjunto Z: [0.25, 0.5, 0.5, 1.0, 0.75, 1.25, 1.5, 1.0, 1.5, 2.0, 2.0, 1.25, 1.75, 2.5, 2.75, 2.5, 1.5, 2.0, 3.0, 3.5, 3.5, 3.0, 1.75, 2.25, 3.5, 4.25, 4.5, 4.25, 3.75, 2.0, 2.5, 4.0, 5.5, 4.25, 2.25, 0.5, 2.75, 4.5, 4.25, 5.75, 5.75, 4.5, 0.5, 2.5, 1.0, 3.0, 5.0, 7.25, 6.0, 4.75, 4.75, 2.75, 1.25, 3.25, 5.0, 7.25, 6.0, 8.25, 5.0, 5.0, 1.0, 3.0, 1.5, 6.0, 5.25, 7.25, 8.0, 8.5, 6.0, 1.5, 1.75, 1.75, 6.5, 8.5, 10.75, 8.5, 6.0, 2.0, 2.0, 2.25, 10.0, 8.75, 10.75, 11.0, 8.5, 6.0, 2.5, 2.75, 11.25, 14.0, 12.5, 12.5, 12.25, 3.0, 15.75, 14.75, 13.0, 15.25, 2.25, 3.25, 17.0, 15.75, 16.0, 2.75, 1.0, 3.5, 18.25, 18.75, 0.75, 3.25, 6.25, 1.5]

ILAO*:
Tiempo requerido: 0.085
Nodos expandidos: 118

RLAO*:
Tiempo requerido: 0.046
Nodos expandidos: 200

BLAO*:
Tiempo requerido: 0.05
Nodos expandidos: 168

VI:
Tiempo requerido: 0.093
Numero de iteraciones: 21147
-------------------------------------------------------
Problema 18
-------------------------------------------------------
LAO*:
Tiempo requerido: 0.543
Nodos expandidos: 107
Porcentajes del conjunto Z: [0.25, 0.5, 0.5, 1.0, 0.75, 1.25, 1.5, 1.0, 1.5, 2.0, 2.0, 1.25, 1.75, 2.5, 2.75, 2.5, 1.5, 2.0, 3.0, 3.5, 3.5, 3.0, 1.75, 2.25, 3.5, 4.25, 4.5, 4.25, 3.5, 2.0, 4.0, 5.0, 5.5, 5.5, 4.0, 2.25, 5.75, 6.5, 6.75, 4.25, 0.5, 2.5, 0.5, 6.0, 7.5, 8.0, 7.0, 4.5, 4.5, 1.0, 2.75, 6.25, 8.0, 9.25, 8.5, 8.75, 5.0, 5.5, 1.25, 6.5, 8.5, 10.0, 10.0, 10.5, 9.5, 6.25, 1.25, 6.75, 10.75, 11.0, 12.25, 11.5, 11.0, 1.75, 1.75, 7.0, 11.0, 12.0, 13.5, 13.5, 13.25, 2.25, 2.25, 12.0, 12.5, 14.75, 15.0, 15.5, 2.75, 2.75, 13.75, 15.5, 16.5, 17.25, 3.25, 3.25, 17.0, 17.5, 19.0, 3.5, 19.25, 20.25, 3.75, 0.75, 1.0, 2.75, 0.75]

ILAO*:
Tiempo requerido: 0.064
Nodos expandidos: 115

RLAO*:
Tiempo requerido: 0.045
Nodos expandidos: 177

BLAO*:
Tiempo requerido: 0.047
Nodos expandidos: 170

VI:
Tiempo requerido: 0.09
Numero de iteraciones: 21147
-------------------------------------------------------
Problema 19
-------------------------------------------------------
LAO*:
Tiempo requerido: 0.617
Nodos expandidos: 121
Porcentajes del conjunto Z: [0.25, 0.5, 0.5, 0.75, 1.0, 0.75, 1.0, 1.5, 1.5, 1.0, 2.0, 2.25, 2.0, 1.25, 3.0, 3.0, 2.5, 1.5, 3.25, 4.0, 3.75, 3.0, 1.75, 3.5, 4.5, 4.5, 2.0, 3.75, 4.75, 4.75, 4.75, 2.25, 2.25, 4.0, 4.0, 5.0, 6.75, 5.75, 0.5, 0.5, 2.75, 2.5, 4.25, 4.5, 6.0, 7.25, 7.0, 6.0, 6.5, 1.0, 3.25, 2.75, 4.5, 5.0, 6.75, 8.5, 7.75, 8.75, 1.0, 7.0, 1.5, 3.75, 1.5, 4.75, 7.5, 9.5, 9.25, 9.75, 10.0, 4.0, 1.75, 7.75, 10.5, 11.5, 11.25, 10.25, 1.5, 4.25, 2.0, 11.0, 10.75, 11.75, 13.25, 11.75, 12.0, 2.0, 2.25, 2.25, 11.25, 14.0, 13.5, 13.5, 2.5, 2.5, 2.75, 2.5, 11.5, 16.25, 14.5, 13.75, 3.0, 2.75, 3.25, 3.25, 12.0, 17.5, 3.5, 4.0, 12.25, 17.75, 0.75, 1.0, 0.75, 4.0, 7.5, 12.5, 18.0, 1.5, 1.0, 4.5, 8.0]

ILAO*:
Tiempo requerido: 0.089
Nodos expandidos: 127

RLAO*:
Tiempo requerido: 0.049
Nodos expandidos: 199

BLAO*:
Tiempo requerido: 0.067
Nodos expandidos: 215

VI:
Tiempo requerido: 0.094
Numero de iteraciones: 21147
-------------------------------------------------------
Problema 20
-------------------------------------------------------
LAO*:
Tiempo requerido: 0.595
Nodos expandidos: 120
Porcentajes del conjunto Z: [0.25, 0.5, 0.5, 0.75, 1.0, 0.75, 1.0, 1.5, 1.5, 1.0, 1.25, 2.0, 2.25, 2.0, 1.25, 1.5, 2.5, 3.0, 3.0, 2.5, 1.5, 1.75, 3.0, 3.75, 4.0, 3.75, 3.0, 1.75, 2.0, 3.5, 4.5, 5.0, 5.0, 4.5, 2.0, 2.25, 4.0, 5.25, 6.0, 6.25, 6.0, 4.75, 2.25, 0.5, 2.5, 4.5, 6.0, 7.0, 7.5, 7.75, 0.5, 2.5, 2.5, 1.0, 5.0, 6.75, 8.0, 8.75, 9.5, 8.0, 1.0, 2.75, 3.0, 2.75, 7.5, 9.0, 10.0, 8.25, 1.5, 3.0, 3.5, 3.5, 9.75, 9.0, 10.0, 10.25, 9.75, 2.0, 1.25, 4.0, 4.25, 10.25, 10.0, 10.5, 12.0, 2.5, 10.75, 1.75, 5.0, 10.5, 3.0, 10.75, 12.5, 13.25, 11.75, 2.25, 10.75, 3.5, 12.75, 14.75, 15.75, 16.25, 2.75, 4.25, 15.0, 16.5, 17.25, 3.25, 5.25, 17.0, 18.25, 3.75, 0.75, 1.0, 7.5, 17.0, 19.0, 0.75, 4.25, 1.5]

ILAO*:
Tiempo requerido: 0.083
Nodos expandidos: 124

RLAO*:
Tiempo requerido: 0.047
Nodos expandidos: 191

BLAO*:
Tiempo requerido: 0.079
Nodos expandidos: 198

VI:
Tiempo requerido: 0.811
Numero de iteraciones: 199500
-------------------------------------------------------
