Problema 1
-------------------------------------------------------
LAO*:
Tiempo requerido: 2.81
Nodos expandidos: 131
Porcentajes del conjunto Z: [0.04, 0.08, 0.12, 0.08, 0.12, 0.16, 0.2, 0.2, 0.24, 0.24, 0.28, 0.32, 0.32, 0.4, 0.36, 0.48, 0.4, 0.56, 0.44, 0.08, 0.08, 0.08, 0.16, 0.48, 0.2, 0.48, 0.2, 0.52, 0.56, 0.32, 0.28, 0.56, 0.64, 0.4, 0.36, 0.6, 0.48, 0.4, 0.64, 0.64, 0.56, 0.44, 0.72, 0.4, 0.64, 0.48, 0.76, 0.84, 0.72, 0.52, 0.8, 1.0, 0.8, 0.56, 0.84, 1.16, 0.6, 0.88, 1.24, 0.16, 0.48, 1.0, 0.12, 1.12, 0.76, 0.24, 0.24, 1.04, 0.32, 0.32, 0.84, 0.4, 0.4, 1.16, 0.92, 0.52, 1.24, 1.0, 1.36, 0.72, 0.68, 0.8, 0.84, 1.0, 1.0, 0.64, 1.08, 1.08, 1.16, 0.84, 1.24, 0.12, 0.16, 0.2, 0.2, 0.12, 0.32, 0.2, 1.16, 0.92, 0.8, 1.16, 0.28, 1.0, 1.24, 0.84, 1.24, 0.48, 0.44, 1.04, 1.28, 1.28, 0.68, 0.6, 1.28, 1.32, 1.32, 1.32, 0.88, 1.0, 0.76, 1.36, 1.56, 1.12, 0.92, 1.48, 1.48, 0.92, 0.84, 1.16, 1.4]

ILAO*:
Tiempo requerido: 0.156
Nodos expandidos: 154

RLAO*:
Tiempo requerido: 0.483
Nodos expandidos: 953

BLAO*:
Tiempo requerido: 0.299
Nodos expandidos: 593

VI:
Tiempo requerido: 0.798
Numero de iteraciones: 62
-------------------------------------------------------
Problema 2
-------------------------------------------------------
LAO*:
Tiempo requerido: 2.053
Nodos expandidos: 97
Porcentajes del conjunto Z: [0.04, 0.08, 0.12, 0.16, 0.16, 0.24, 0.28, 0.32, 0.36, 0.08, 0.08, 0.08, 0.16, 0.16, 0.16, 0.2, 0.32, 0.24, 0.24, 0.4, 0.32, 0.28, 0.52, 0.36, 0.44, 0.64, 0.44, 0.84, 0.56, 0.6, 0.6, 0.64, 0.52, 0.68, 1.12, 0.52, 0.72, 0.12, 0.56, 0.76, 0.24, 0.2, 0.8, 1.32, 0.36, 0.32, 1.4, 1.44, 0.4, 0.4, 1.52, 0.44, 1.56, 0.48, 0.8, 0.52, 1.6, 0.92, 0.56, 1.72, 0.6, 1.12, 0.64, 1.36, 0.92, 0.12, 0.8, 0.16, 0.2, 0.12, 0.12, 0.32, 1.96, 0.24, 0.24, 0.92, 1.92, 0.4, 0.4, 2.04, 0.56, 0.52, 1.68, 0.96, 2.08, 1.76, 0.64, 1.0, 2.08, 1.8, 0.76, 2.12, 1.88, 1.76, 0.88, 0.52, 2.16]

ILAO*:
Tiempo requerido: 0.123
Nodos expandidos: 109

RLAO*:
Tiempo requerido: 0.57
Nodos expandidos: 1074

BLAO*:
Tiempo requerido: 0.392
Nodos expandidos: 730

VI:
Tiempo requerido: 0.787
Numero de iteraciones: 61
-------------------------------------------------------
Problema 3
-------------------------------------------------------
LAO*:
Tiempo requerido: 2.455
Nodos expandidos: 116
Porcentajes del conjunto Z: [0.04, 0.08, 0.08, 0.12, 0.16, 0.16, 0.2, 0.2, 0.24, 0.28, 0.28, 0.36, 0.44, 0.48, 0.52, 0.56, 0.08, 0.08, 0.08, 0.08, 0.16, 0.64, 0.2, 0.2, 0.68, 0.28, 0.28, 0.72, 0.36, 0.32, 0.76, 0.4, 0.36, 0.6, 0.8, 0.48, 0.76, 0.84, 0.56, 0.88, 0.88, 0.96, 0.92, 1.04, 0.56, 0.96, 1.12, 1.12, 0.12, 0.6, 0.16, 1.2, 0.24, 0.28, 0.68, 1.28, 0.4, 0.36, 0.76, 0.36, 0.44, 0.8, 0.88, 0.92, 0.4, 0.64, 0.88, 0.68, 0.52, 1.0, 0.44, 0.84, 0.96, 1.12, 0.48, 1.24, 0.6, 1.24, 0.12, 0.12, 0.2, 0.12, 1.04, 0.68, 0.16, 0.32, 0.16, 1.12, 1.56, 0.32, 0.84, 1.16, 1.16, 0.52, 0.32, 1.68, 0.96, 1.16, 1.2, 1.04, 0.56, 1.2, 1.28, 1.36, 0.4, 0.92, 0.88, 0.44, 1.4, 1.04, 0.52, 0.96, 0.52, 1.44, 1.04, 1.0]

ILAO*:
Tiempo requerido: 0.112
Nodos expandidos: 134

RLAO*:
Tiempo requerido: 0.435
Nodos expandidos: 920

BLAO*:
Tiempo requerido: 0.324
Nodos expandidos: 717

VI:
Tiempo requerido: 0.833
Numero de iteraciones: 62
-------------------------------------------------------
Problema 4
-------------------------------------------------------
LAO*:
Tiempo requerido: 3.187
Nodos expandidos: 151
Porcentajes del conjunto Z: [0.04, 0.08, 0.12, 0.16, 0.08, 0.16, 0.12, 0.24, 0.2, 0.32, 0.36, 0.4, 0.44, 0.48, 0.08, 0.08, 0.08, 0.16, 0.2, 0.2, 0.28, 0.32, 0.44, 0.36, 0.4, 0.4, 0.48, 0.44, 0.52, 0.48, 0.48, 0.56, 0.52, 0.56, 0.64, 0.56, 0.64, 0.12, 0.12, 0.6, 0.64, 1.0, 0.28, 0.28, 0.64, 1.12, 0.44, 0.68, 0.48, 0.56, 0.72, 0.72, 0.56, 0.6, 0.76, 0.8, 0.64, 0.64, 0.84, 0.8, 0.88, 0.6, 0.68, 1.0, 0.92, 1.04, 0.72, 1.12, 0.96, 1.12, 0.76, 1.28, 1.0, 1.2, 0.64, 0.12, 0.16, 0.12, 0.28, 0.12, 0.2, 0.28, 1.04, 1.28, 0.72, 1.2, 0.32, 1.36, 0.8, 0.52, 0.4, 1.4, 0.88, 0.52, 0.48, 1.4, 0.84, 1.52, 0.8, 0.88, 0.84, 1.64, 0.68, 1.0, 0.96, 1.12, 1.04, 0.72, 0.96, 0.84, 1.08, 1.08, 0.52, 1.2, 0.96, 1.36, 0.6, 1.32, 0.72, 0.16, 0.16, 0.24, 1.44, 1.0, 0.32, 0.4, 0.8, 1.0, 1.4, 0.64, 0.56, 1.04, 1.2, 0.72, 1.4, 0.88, 0.8, 0.56, 1.44, 1.52, 1.04, 1.0, 1.48, 1.24, 0.76, 0.96, 1.52, 1.88, 1.16, 0.92, 1.56]

ILAO*:
Tiempo requerido: 0.214
Nodos expandidos: 179

RLAO*:
Tiempo requerido: 0.446
Nodos expandidos: 936

BLAO*:
Tiempo requerido: 0.238
Nodos expandidos: 588

VI:
Tiempo requerido: 0.871
Numero de iteraciones: 63
-------------------------------------------------------
Problema 5
-------------------------------------------------------
LAO*:
Tiempo requerido: 3.411
Nodos expandidos: 158
Porcentajes del conjunto Z: [0.04, 0.08, 0.12, 0.16, 0.2, 0.24, 0.28, 0.32, 0.36, 0.4, 0.44, 0.08, 0.08, 0.16, 0.24, 0.16, 0.32, 0.24, 0.4, 0.32, 0.48, 0.4, 0.56, 0.48, 0.64, 0.56, 0.72, 0.64, 0.8, 0.72, 0.08, 0.08, 0.08, 0.08, 0.16, 0.92, 0.2, 0.2, 0.84, 0.32, 0.32, 0.44, 0.44, 0.56, 0.56, 0.68, 0.68, 0.8, 0.8, 0.92, 0.92, 1.04, 1.04, 1.16, 1.16, 1.24, 1.24, 0.16, 0.16, 1.36, 1.32, 0.32, 1.4, 0.48, 0.36, 0.64, 0.52, 0.8, 0.64, 0.96, 0.8, 1.12, 1.28, 0.88, 1.44, 1.6, 0.12, 0.2, 0.24, 0.16, 0.2, 0.2, 1.84, 1.36, 0.4, 0.4, 1.92, 1.44, 0.6, 1.36, 0.8, 0.48, 1.52, 1.52, 0.96, 1.52, 1.56, 1.6, 1.6, 1.2, 0.8, 1.6, 1.76, 1.76, 1.84, 1.84, 1.32, 1.12, 1.88, 1.88, 1.96, 1.52, 1.92, 2.08, 1.24, 1.72, 1.92, 1.92, 2.12, 1.84, 0.24, 1.96, 1.6, 2.0, 1.4, 0.4, 0.44, 1.8, 2.0, 2.08, 2.08, 0.36, 1.48, 0.68, 2.04, 2.16, 2.2, 0.52, 0.92, 1.56, 0.56, 2.08, 2.24, 2.32, 1.04, 1.64, 2.12, 1.2, 2.32, 0.68, 1.72, 2.32, 0.76, 1.36, 2.4, 1.8, 1.76, 2.52]

ILAO*:
Tiempo requerido: 0.232
Nodos expandidos: 170

RLAO*:
Tiempo requerido: 0.562
Nodos expandidos: 1084

BLAO*:
Tiempo requerido: 0.391
Nodos expandidos: 726

VI:
Tiempo requerido: 0.815
Numero de iteraciones: 63
-------------------------------------------------------
Problema 6
-------------------------------------------------------
LAO*:
Tiempo requerido: 3.889
Nodos expandidos: 166
Porcentajes del conjunto Z: [0.04, 0.08, 0.08, 0.12, 0.16, 0.2, 0.24, 0.24, 0.32, 0.08, 0.08, 0.08, 0.08, 0.16, 0.24, 0.24, 0.32, 0.28, 0.28, 0.4, 0.36, 0.4, 0.4, 0.72, 0.48, 0.8, 0.52, 0.88, 0.56, 0.96, 0.6, 0.6, 0.64, 0.6, 0.6, 0.68, 0.16, 0.16, 0.64, 0.76, 0.76, 0.32, 0.28, 0.68, 0.88, 0.84, 0.44, 0.4, 1.0, 0.52, 0.92, 0.48, 1.08, 0.56, 0.96, 0.56, 1.16, 1.08, 0.64, 0.64, 1.04, 0.68, 0.72, 1.2, 0.48, 1.08, 1.08, 0.8, 1.4, 1.16, 0.56, 0.88, 0.84, 1.2, 1.28, 0.12, 0.64, 0.16, 0.2, 0.92, 0.28, 0.16, 0.16, 1.28, 2.0, 0.36, 0.2, 0.96, 2.16, 0.36, 0.72, 0.48, 1.0, 2.28, 0.56, 0.44, 0.8, 1.04, 2.28, 0.8, 0.72, 1.64, 1.0, 0.6, 0.76, 1.44, 1.4, 0.48, 1.24, 3.0, 1.76, 3.08, 0.72, 1.4, 1.8, 2.8, 0.8, 1.48, 1.84, 0.72, 3.36, 1.28, 1.0, 1.64, 1.84, 1.4, 0.88, 1.88, 2.32, 0.32, 0.32, 1.56, 1.52, 2.16, 0.28, 0.44, 1.2, 1.92, 1.32, 1.64, 1.76, 2.48, 1.76, 0.8, 0.88, 2.2, 2.52, 1.84, 0.76, 0.96, 1.0, 2.24, 2.56, 3.32, 1.08, 1.04, 0.8, 2.2, 1.84, 0.6, 2.44, 1.32, 2.32, 1.12, 1.8, 4.12]

ILAO*:
Tiempo requerido: 0.233
Nodos expandidos: 187

RLAO*:
Tiempo requerido: 0.452
Nodos expandidos: 907

BLAO*:
Tiempo requerido: 0.26
Nodos expandidos: 728

VI:
Tiempo requerido: 0.842
Numero de iteraciones: 61
-------------------------------------------------------
Problema 7
-------------------------------------------------------
LAO*:
Tiempo requerido: 3.567
Nodos expandidos: 168
Porcentajes del conjunto Z: [0.04, 0.08, 0.08, 0.12, 0.16, 0.2, 0.24, 0.24, 0.28, 0.32, 0.32, 0.4, 0.36, 0.48, 0.4, 0.56, 0.64, 0.08, 0.08, 0.08, 0.16, 0.68, 0.2, 0.2, 0.28, 0.24, 0.24, 0.4, 0.32, 0.52, 0.68, 0.8, 0.36, 0.92, 0.44, 1.04, 0.52, 1.16, 1.2, 0.12, 0.12, 1.28, 0.24, 0.2, 0.76, 1.28, 0.32, 0.76, 1.32, 0.4, 0.8, 0.24, 0.84, 0.84, 0.48, 0.32, 1.56, 0.52, 0.4, 1.04, 1.2, 0.56, 1.36, 0.12, 0.12, 0.2, 0.2, 0.12, 0.16, 0.32, 0.72, 1.28, 0.36, 0.28, 0.8, 1.36, 0.52, 0.4, 0.88, 1.44, 0.56, 1.48, 0.72, 1.6, 0.92, 1.44, 0.84, 0.56, 1.04, 1.6, 0.96, 0.64, 1.12, 1.08, 1.04, 1.08, 1.12, 0.68, 1.16, 1.12, 2.12, 1.84, 1.36, 0.72, 1.16, 1.16, 1.84, 2.28, 0.56, 1.92, 1.68, 0.72, 1.2, 1.68, 1.24, 0.52, 2.44, 2.12, 1.84, 0.2, 0.16, 0.16, 1.28, 2.12, 1.48, 2.44, 0.36, 0.56, 1.04, 0.4, 1.32, 1.56, 1.92, 2.16, 1.2, 0.48, 1.64, 0.56, 1.36, 1.52, 2.2, 0.8, 2.88, 0.64, 2.6, 1.76, 0.84, 1.24, 2.24, 2.28, 1.72, 2.68, 0.72, 1.92, 0.52, 0.88, 3.52, 2.28, 1.52, 0.8, 2.76, 0.64, 3.76, 1.2, 2.84, 0.76, 1.96, 3.84]

ILAO*:
Tiempo requerido: 0.41
Nodos expandidos: 185

RLAO*:
Tiempo requerido: 0.567
Nodos expandidos: 963

BLAO*:
Tiempo requerido: 0.226
Nodos expandidos: 580

VI:
Tiempo requerido: 0.831
Numero de iteraciones: 64
-------------------------------------------------------
Problema 8
-------------------------------------------------------
LAO*:
Tiempo requerido: 3.04
Nodos expandidos: 146
Porcentajes del conjunto Z: [0.04, 0.08, 0.08, 0.08, 0.16, 0.08, 0.12, 0.08, 0.24, 0.2, 0.28, 0.32, 0.32, 0.36, 0.4, 0.4, 0.4, 0.48, 0.44, 0.56, 0.56, 0.48, 0.64, 0.68, 0.52, 0.72, 0.8, 0.56, 0.56, 0.56, 0.16, 0.6, 0.64, 0.28, 0.28, 0.64, 0.72, 0.32, 0.36, 0.68, 0.8, 0.36, 0.44, 0.36, 0.76, 0.92, 0.4, 0.8, 0.8, 1.0, 0.44, 0.52, 0.84, 1.08, 0.68, 0.56, 0.88, 1.16, 0.52, 1.32, 0.92, 1.24, 1.48, 0.6, 1.32, 1.52, 0.12, 0.16, 0.12, 0.12, 1.36, 1.64, 0.32, 1.4, 1.84, 0.44, 0.32, 1.44, 1.96, 0.52, 0.68, 0.44, 2.08, 0.8, 0.56, 0.88, 0.64, 0.96, 0.52, 1.2, 0.56, 1.04, 0.6, 1.32, 0.64, 1.12, 0.72, 1.2, 1.6, 0.84, 1.2, 0.24, 1.4, 0.24, 1.24, 0.88, 0.2, 1.48, 1.24, 1.76, 1.92, 0.92, 1.0, 0.32, 1.56, 1.4, 0.96, 1.0, 1.32, 1.88, 0.56, 0.44, 1.84, 1.28, 1.84, 1.56, 2.2, 1.16, 1.84, 1.6, 2.24, 0.64, 1.2, 1.88, 1.88, 1.84, 2.56, 0.68, 1.24, 0.68, 1.96, 2.44, 0.76, 1.36, 0.8, 2.76]

ILAO*:
Tiempo requerido: 0.34
Nodos expandidos: 157

RLAO*:
Tiempo requerido: 0.548
Nodos expandidos: 1034

BLAO*:
Tiempo requerido: 0.421
Nodos expandidos: 815

VI:
Tiempo requerido: 0.811
Numero de iteraciones: 63
-------------------------------------------------------
Problema 9
-------------------------------------------------------
LAO*:
Tiempo requerido: 1.879
Nodos expandidos: 97
Porcentajes del conjunto Z: [0.04, 0.08, 0.12, 0.16, 0.2, 0.24, 0.28, 0.32, 0.36, 0.4, 0.08, 0.08, 0.16, 0.16, 0.24, 0.24, 0.32, 0.36, 0.4, 0.28, 0.48, 0.36, 0.56, 0.44, 0.68, 0.56, 0.56, 0.08, 0.08, 0.12, 0.6, 0.6, 0.24, 0.2, 0.64, 0.64, 0.64, 0.28, 0.36, 0.68, 0.8, 0.68, 0.4, 0.48, 0.72, 0.92, 0.72, 0.48, 0.6, 0.76, 1.08, 0.76, 0.64, 0.76, 1.12, 0.76, 0.76, 1.16, 0.88, 0.76, 1.2, 1.0, 0.8, 1.28, 0.44, 1.08, 0.84, 1.36, 0.52, 1.12, 0.16, 0.12, 1.0, 0.88, 0.6, 0.32, 0.28, 1.48, 0.4, 0.92, 0.44, 0.68, 0.56, 1.16, 1.0, 0.76, 0.64, 0.6, 1.64, 0.6, 0.84, 1.08, 1.08, 0.8, 0.76, 0.72, 1.12]

ILAO*:
Tiempo requerido: 0.108
Nodos expandidos: 116

RLAO*:
Tiempo requerido: 0.348
Nodos expandidos: 842

BLAO*:
Tiempo requerido: 0.211
Nodos expandidos: 465

VI:
Tiempo requerido: 0.797
Numero de iteraciones: 62
-------------------------------------------------------
Problema 10
-------------------------------------------------------
LAO*:
Tiempo requerido: 1.65
Nodos expandidos: 88
Porcentajes del conjunto Z: [0.04, 0.08, 0.12, 0.16, 0.2, 0.24, 0.28, 0.32, 0.36, 0.4, 0.44, 0.08, 0.08, 0.48, 0.16, 0.16, 0.52, 0.24, 0.32, 0.24, 0.32, 0.36, 0.4, 0.44, 0.52, 0.48, 0.48, 0.08, 0.08, 0.08, 0.12, 0.56, 0.56, 0.24, 0.24, 0.64, 0.36, 0.72, 0.32, 0.4, 0.64, 0.64, 0.48, 0.68, 0.68, 0.52, 0.28, 0.72, 0.4, 0.64, 0.76, 0.72, 0.44, 0.76, 0.8, 0.84, 0.64, 0.88, 0.84, 0.92, 0.96, 0.88, 0.52, 0.16, 0.92, 0.52, 0.92, 0.28, 0.32, 0.64, 0.96, 0.76, 0.44, 1.0, 1.0, 0.32, 0.6, 1.04, 1.08, 0.4, 0.68, 1.08, 1.16, 0.36, 0.44, 0.76, 0.76, 1.24]

ILAO*:
Tiempo requerido: 0.079
Nodos expandidos: 106

RLAO*:
Tiempo requerido: 0.3
Nodos expandidos: 797

BLAO*:
Tiempo requerido: 0.149
Nodos expandidos: 448

VI:
Tiempo requerido: 0.813
Numero de iteraciones: 63
-------------------------------------------------------
