Problema 1
-------------------------------------------------------
LAO*:
Tiempo requerido: 1.507
Nodos expandidos: 104
Porcentajes del conjunto Z: [0.06, 0.12, 0.19, 0.25, 0.31, 0.38, 0.44, 0.5, 0.12, 0.12, 0.25, 0.25, 0.38, 0.44, 0.5, 0.38, 0.62, 0.5, 0.75, 0.62, 0.88, 0.75, 1.0, 0.81, 1.06, 0.88, 0.88, 1.12, 0.12, 0.12, 0.12, 0.25, 0.94, 1.69, 0.31, 0.31, 1.81, 0.5, 0.5, 0.69, 0.75, 0.88, 0.88, 1.06, 1.06, 1.25, 1.25, 1.44, 1.44, 1.56, 1.19, 1.69, 1.25, 1.75, 0.25, 0.94, 1.88, 0.5, 1.81, 1.94, 0.69, 1.38, 1.31, 1.19, 2.06, 0.75, 1.44, 0.75, 2.06, 2.06, 2.12, 2.19, 0.94, 1.5, 3.44, 0.69, 2.38, 2.5, 1.12, 1.56, 2.44, 1.38, 1.62, 2.5, 1.5, 4.06, 3.25, 1.62, 2.62, 1.12, 0.19, 1.81, 0.25, 0.25, 0.38, 0.31, 0.19, 0.44, 2.75, 1.19, 2.06, 0.56, 0.38, 2.81]

ILAO*:
Tiempo requerido: 0.114
Nodos expandidos: 121

RLAO*:
Tiempo requerido: 0.266
Nodos expandidos: 691

BLAO*:
Tiempo requerido: 0.15
Nodos expandidos: 424

VI:
Tiempo requerido: 0.423
Numero de iteraciones: 52
-------------------------------------------------------
Problema 2
-------------------------------------------------------
LAO*:
Tiempo requerido: 1.387
Nodos expandidos: 101
Porcentajes del conjunto Z: [0.06, 0.12, 0.19, 0.12, 0.12, 0.25, 0.25, 0.38, 0.44, 0.5, 0.5, 0.56, 0.62, 0.62, 0.75, 0.69, 0.88, 0.75, 1.0, 1.12, 0.12, 0.12, 0.12, 0.12, 0.25, 1.25, 0.38, 0.38, 1.31, 0.56, 1.38, 0.62, 0.5, 1.44, 0.69, 0.62, 1.5, 0.75, 0.81, 0.75, 1.56, 0.81, 1.12, 0.88, 0.88, 1.69, 1.0, 0.94, 1.94, 1.0, 2.19, 0.88, 2.25, 0.19, 0.88, 0.25, 1.38, 1.25, 0.44, 0.44, 0.94, 1.44, 1.56, 0.69, 0.69, 1.69, 2.62, 0.81, 1.81, 2.75, 0.88, 0.69, 1.94, 2.88, 1.06, 0.88, 2.06, 3.0, 1.19, 1.06, 2.12, 3.06, 1.25, 1.69, 3.75, 1.38, 0.94, 3.88, 0.19, 0.19, 1.5, 0.31, 0.25, 0.44, 0.44, 0.31, 4.06, 0.62, 1.69, 3.94, 0.75]

ILAO*:
Tiempo requerido: 0.092
Nodos expandidos: 110

RLAO*:
Tiempo requerido: 0.187
Nodos expandidos: 515

BLAO*:
Tiempo requerido: 0.145
Nodos expandidos: 345

VI:
Tiempo requerido: 0.389
Numero de iteraciones: 49
-------------------------------------------------------
Problema 3
-------------------------------------------------------
LAO*:
Tiempo requerido: 1.296
Nodos expandidos: 102
Porcentajes del conjunto Z: [0.06, 0.12, 0.12, 0.19, 0.19, 0.38, 0.44, 0.5, 0.56, 0.62, 0.69, 0.12, 0.12, 0.12, 0.25, 0.25, 0.38, 0.38, 0.44, 0.44, 0.69, 0.56, 0.5, 0.81, 0.62, 0.56, 1.12, 0.69, 0.75, 1.06, 0.75, 0.81, 1.56, 0.75, 0.94, 0.81, 1.75, 1.0, 0.88, 1.69, 0.94, 0.94, 0.88, 1.62, 1.38, 1.44, 0.25, 0.94, 1.62, 0.31, 1.44, 1.31, 1.56, 1.75, 0.44, 0.5, 1.5, 1.44, 2.88, 1.88, 0.62, 1.56, 2.12, 3.25, 0.69, 2.06, 0.75, 1.62, 2.38, 2.12, 1.12, 1.38, 1.69, 3.75, 1.31, 1.06, 1.75, 2.25, 3.94, 1.56, 1.31, 1.81, 2.31, 4.12, 1.12, 1.69, 2.94, 2.0, 2.0, 0.19, 0.25, 0.31, 0.19, 0.44, 0.44, 0.31, 4.75, 1.56, 0.38, 1.56, 0.31, 4.81]

ILAO*:
Tiempo requerido: 0.134
Nodos expandidos: 105

RLAO*:
Tiempo requerido: 0.308
Nodos expandidos: 760

BLAO*:
Tiempo requerido: 0.167
Nodos expandidos: 457

VI:
Tiempo requerido: 0.418
Numero de iteraciones: 51
-------------------------------------------------------
Problema 4
-------------------------------------------------------
LAO*:
Tiempo requerido: 1.278
Nodos expandidos: 110
Porcentajes del conjunto Z: [0.06, 0.12, 0.12, 0.12, 0.12, 0.12, 0.25, 0.25, 0.31, 0.31, 0.38, 0.31, 0.38, 0.44, 0.44, 0.44, 0.44, 0.5, 0.56, 0.56, 0.5, 0.56, 1.25, 0.81, 0.81, 0.81, 0.81, 0.88, 0.88, 0.94, 1.62, 1.0, 0.94, 0.94, 1.06, 1.12, 1.0, 1.0, 1.19, 2.0, 1.25, 1.0, 1.0, 1.31, 2.38, 1.31, 0.19, 1.0, 1.06, 1.44, 2.69, 1.62, 0.31, 1.06, 1.12, 1.5, 1.75, 0.44, 0.5, 1.19, 1.19, 1.69, 3.31, 0.62, 1.25, 2.44, 1.25, 0.81, 0.69, 1.31, 2.56, 1.31, 1.31, 1.31, 0.94, 2.12, 1.44, 1.0, 1.38, 1.44, 0.81, 2.75, 1.44, 1.56, 1.5, 0.94, 1.19, 1.5, 1.5, 4.56, 1.06, 1.31, 3.19, 0.19, 2.25, 2.0, 3.44, 1.69, 0.25, 0.31, 0.25, 0.19, 0.19, 0.5, 3.56, 3.56, 0.44, 0.38, 1.75, 5.12]

ILAO*:
Tiempo requerido: 0.118
Nodos expandidos: 117

RLAO*:
Tiempo requerido: 0.293
Nodos expandidos: 641

BLAO*:
Tiempo requerido: 0.16
Nodos expandidos: 493

VI:
Tiempo requerido: 0.403
Numero de iteraciones: 50
-------------------------------------------------------
Problema 5
-------------------------------------------------------
LAO*:
Tiempo requerido: 1.119
Nodos expandidos: 92
Porcentajes del conjunto Z: [0.06, 0.12, 0.12, 0.12, 0.25, 0.25, 0.31, 0.38, 0.38, 0.44, 0.5, 0.5, 0.56, 0.62, 0.62, 0.75, 0.69, 0.88, 0.75, 1.0, 0.12, 0.19, 0.19, 0.88, 0.19, 0.38, 0.94, 0.38, 1.0, 0.5, 0.44, 0.56, 0.56, 1.0, 0.69, 0.81, 0.88, 1.06, 0.75, 1.25, 0.88, 1.38, 0.19, 0.94, 0.25, 1.5, 0.44, 1.06, 0.56, 0.31, 1.62, 1.25, 0.75, 0.56, 1.31, 0.94, 1.38, 1.38, 1.5, 1.5, 0.94, 0.75, 1.56, 1.62, 0.94, 1.56, 0.94, 1.62, 1.75, 1.12, 1.88, 1.06, 1.69, 1.88, 1.19, 2.19, 1.25, 1.38, 1.88, 0.25, 0.31, 1.44, 0.31, 0.31, 0.31, 2.0, 1.31, 2.56, 0.56, 0.38, 2.06, 1.62]

ILAO*:
Tiempo requerido: 0.123
Nodos expandidos: 115

RLAO*:
Tiempo requerido: 0.234
Nodos expandidos: 571

BLAO*:
Tiempo requerido: 0.2
Nodos expandidos: 492

VI:
Tiempo requerido: 0.419
Numero de iteraciones: 52
-------------------------------------------------------
Problema 6
-------------------------------------------------------
LAO*:
Tiempo requerido: 2.055
Nodos expandidos: 155
Porcentajes del conjunto Z: [0.06, 0.12, 0.12, 0.25, 0.25, 0.31, 0.38, 0.38, 0.44, 0.5, 0.62, 0.69, 0.75, 0.81, 0.12, 0.12, 0.12, 0.12, 0.25, 0.31, 0.38, 0.44, 0.44, 0.38, 0.62, 0.5, 0.75, 0.56, 0.88, 0.88, 1.0, 1.19, 0.25, 0.19, 0.5, 0.44, 0.56, 0.62, 0.69, 0.75, 1.06, 1.31, 0.56, 1.5, 0.69, 1.12, 1.12, 1.19, 0.19, 0.25, 0.38, 0.38, 0.31, 0.38, 0.25, 0.31, 1.25, 1.25, 0.56, 0.5, 1.31, 1.38, 0.69, 0.81, 1.5, 1.38, 0.94, 0.94, 1.56, 1.44, 1.19, 1.75, 1.38, 1.38, 1.81, 1.38, 1.56, 1.88, 1.62, 1.69, 1.94, 1.75, 2.31, 2.0, 1.19, 1.69, 1.31, 0.38, 0.31, 1.88, 1.88, 1.44, 0.69, 2.5, 2.5, 2.69, 0.75, 1.56, 1.0, 2.56, 2.62, 3.62, 0.94, 1.25, 2.75, 1.5, 1.44, 1.0, 2.62, 4.0, 1.44, 1.06, 1.75, 2.88, 1.88, 4.19, 2.12, 2.0, 1.12, 2.94, 2.44, 2.38, 2.12, 1.81, 2.88, 2.81, 4.56, 1.88, 2.25, 2.94, 3.31, 0.31, 0.31, 0.38, 0.56, 2.31, 0.25, 0.62, 0.62, 0.56, 0.31, 0.38, 3.38, 0.81, 1.69, 2.5, 0.75, 3.44, 2.81, 1.88, 2.5, 1.12, 3.38, 1.12, 3.56]

ILAO*:
Tiempo requerido: 0.168
Nodos expandidos: 173

RLAO*:
Tiempo requerido: 0.384
Nodos expandidos: 824

BLAO*:
Tiempo requerido: 0.209
Nodos expandidos: 529

VI:
Tiempo requerido: 0.437
Numero de iteraciones: 54
-------------------------------------------------------
Problema 7
-------------------------------------------------------
LAO*:
Tiempo requerido: 1.384
Nodos expandidos: 107
Porcentajes del conjunto Z: [0.06, 0.12, 0.12, 0.19, 0.19, 0.25, 0.25, 0.44, 0.38, 0.44, 0.44, 0.56, 0.62, 0.69, 0.12, 0.19, 0.19, 0.12, 0.31, 0.25, 0.44, 0.44, 0.44, 0.5, 0.56, 0.69, 0.75, 0.81, 0.88, 0.94, 0.94, 1.0, 0.25, 0.25, 1.06, 0.44, 0.44, 1.12, 0.69, 0.62, 1.19, 0.81, 0.56, 0.69, 0.81, 0.75, 1.0, 0.75, 1.19, 0.88, 1.06, 1.12, 1.06, 0.19, 0.19, 0.25, 0.31, 0.19, 0.31, 0.25, 0.44, 0.31, 1.19, 0.56, 1.12, 1.31, 0.69, 1.19, 0.62, 1.44, 0.94, 1.25, 1.69, 1.62, 1.31, 2.44, 1.69, 1.38, 0.69, 2.56, 2.69, 0.75, 1.44, 0.81, 2.88, 1.56, 1.06, 2.94, 3.0, 1.31, 3.06, 3.12, 1.06, 1.44, 3.12, 3.25, 0.31, 1.19, 0.38, 1.56, 3.19, 3.38, 0.56, 0.69, 1.31, 1.69, 3.5]

ILAO*:
Tiempo requerido: 0.13
Nodos expandidos: 118

RLAO*:
Tiempo requerido: 0.352
Nodos expandidos: 743

BLAO*:
Tiempo requerido: 0.219
Nodos expandidos: 586

VI:
Tiempo requerido: 0.423
Numero de iteraciones: 52
-------------------------------------------------------
Problema 8
-------------------------------------------------------
LAO*:
Tiempo requerido: 0.93
Nodos expandidos: 72
Porcentajes del conjunto Z: [0.06, 0.12, 0.19, 0.25, 0.31, 0.38, 0.44, 0.5, 0.56, 0.62, 0.69, 0.12, 0.19, 0.75, 0.81, 0.25, 0.25, 0.88, 0.38, 0.38, 0.94, 0.5, 0.5, 1.0, 0.62, 0.62, 1.06, 0.75, 0.88, 0.56, 1.0, 0.69, 0.12, 0.12, 0.12, 0.12, 0.25, 0.38, 0.38, 0.88, 0.88, 0.5, 0.5, 1.0, 0.69, 0.69, 1.12, 1.0, 0.88, 0.88, 1.25, 1.12, 1.06, 1.06, 1.38, 1.31, 1.25, 1.25, 1.38, 1.31, 1.44, 1.44, 1.56, 1.62, 1.5, 1.75, 1.81, 1.5, 1.88, 0.25, 0.25, 1.56]

ILAO*:
Tiempo requerido: 0.071
Nodos expandidos: 83

RLAO*:
Tiempo requerido: 0.173
Nodos expandidos: 529

BLAO*:
Tiempo requerido: 0.176
Nodos expandidos: 412

VI:
Tiempo requerido: 0.396
Numero de iteraciones: 49
-------------------------------------------------------
Problema 9
-------------------------------------------------------
LAO*:
Tiempo requerido: 1.037
Nodos expandidos: 76
Porcentajes del conjunto Z: [0.06, 0.12, 0.19, 0.25, 0.31, 0.38, 0.44, 0.5, 0.56, 0.62, 0.69, 0.12, 0.12, 0.75, 0.25, 0.81, 0.38, 0.25, 0.5, 0.38, 0.62, 0.5, 0.75, 0.62, 0.88, 0.81, 0.69, 0.81, 0.12, 0.12, 0.12, 0.25, 0.94, 0.31, 0.31, 1.06, 0.5, 0.38, 0.88, 1.19, 1.0, 0.62, 1.25, 1.06, 0.62, 0.69, 1.31, 1.12, 0.88, 1.38, 1.38, 0.94, 0.69, 1.19, 1.38, 1.69, 0.81, 1.19, 1.44, 1.88, 0.88, 1.25, 0.62, 1.5, 1.69, 1.0, 1.31, 0.75, 1.56, 1.81, 1.12, 1.38, 0.19, 0.88, 1.0, 2.5]

ILAO*:
Tiempo requerido: 0.083
Nodos expandidos: 80

RLAO*:
Tiempo requerido: 0.155
Nodos expandidos: 498

BLAO*:
Tiempo requerido: 0.139
Nodos expandidos: 385

VI:
Tiempo requerido: 0.407
Numero de iteraciones: 51
-------------------------------------------------------
Problema 10
-------------------------------------------------------
LAO*:
Tiempo requerido: 1.354
Nodos expandidos: 111
Porcentajes del conjunto Z: [0.06, 0.12, 0.19, 0.25, 0.31, 0.38, 0.44, 0.12, 0.12, 0.25, 0.25, 0.38, 0.44, 0.5, 0.38, 0.5, 0.56, 0.62, 0.62, 0.69, 0.69, 0.75, 0.75, 0.75, 0.81, 0.12, 0.12, 0.12, 0.12, 0.25, 0.81, 1.12, 0.88, 0.38, 0.38, 0.88, 1.31, 0.94, 0.5, 0.56, 0.94, 1.56, 1.31, 0.62, 0.75, 1.31, 0.94, 1.31, 1.31, 1.06, 1.44, 1.25, 1.5, 0.56, 1.38, 1.5, 0.75, 1.69, 0.88, 1.81, 0.25, 2.0, 0.44, 0.5, 1.06, 2.19, 0.69, 0.75, 1.19, 0.69, 2.31, 1.0, 1.31, 0.81, 2.44, 1.19, 1.44, 2.06, 2.56, 1.12, 1.44, 1.5, 1.75, 0.94, 2.38, 2.25, 3.0, 1.44, 2.75, 3.12, 1.62, 0.69, 2.81, 3.25, 3.25, 0.19, 0.25, 1.88, 0.19, 0.38, 0.25, 0.44, 0.44, 0.31, 3.44, 3.5, 0.5, 2.06, 0.56, 1.06, 3.62]

ILAO*:
Tiempo requerido: 0.102
Nodos expandidos: 125

RLAO*:
Tiempo requerido: 0.294
Nodos expandidos: 630

BLAO*:
Tiempo requerido: 0.144
Nodos expandidos: 431

VI:
Tiempo requerido: 0.397
Numero de iteraciones: 49
-------------------------------------------------------
