Problema 1
-------------------------------------------------------
LAO*:
Tiempo requerido: 15.937
Nodos expandidos: 289
Porcentajes del conjunto Z: [0.02, 0.04, 0.04, 0.06, 0.06, 0.08, 0.08, 0.12, 0.12, 0.12, 0.14, 0.14, 0.16, 0.16, 0.27, 0.2, 0.18, 0.37, 0.39, 0.41, 0.04, 0.06, 0.06, 0.45, 0.1, 0.06, 0.47, 0.12, 0.16, 0.14, 0.18, 0.16, 0.22, 0.2, 0.27, 0.22, 0.31, 0.33, 0.43, 0.57, 0.57, 0.08, 0.06, 0.45, 0.14, 0.12, 0.49, 0.49, 0.16, 0.51, 0.2, 0.53, 0.18, 0.53, 0.2, 0.2, 0.55, 0.57, 0.24, 0.59, 0.35, 0.35, 0.61, 0.31, 0.61, 0.31, 0.33, 0.65, 0.43, 0.61, 0.06, 0.06, 0.69, 0.1, 0.1, 0.06, 0.08, 0.14, 0.71, 0.51, 0.45, 0.73, 0.18, 0.35, 0.49, 0.88, 0.24, 0.18, 0.59, 0.61, 0.33, 0.63, 0.39, 1.04, 0.47, 0.67, 0.27, 0.53, 0.71, 0.33, 0.71, 0.76, 0.37, 0.78, 0.8, 0.43, 0.39, 0.82, 0.82, 0.45, 0.84, 0.78, 0.82, 0.12, 0.12, 0.47, 0.08, 0.12, 0.88, 0.92, 0.84, 0.55, 0.2, 0.65, 0.49, 0.9, 0.96, 0.47, 0.86, 0.18, 0.73, 0.51, 0.59, 0.92, 1.02, 0.24, 0.88, 0.78, 0.69, 0.55, 1.16, 1.0, 0.71, 0.27, 1.1, 0.67, 1.22, 0.31, 0.73, 0.35, 1.22, 1.14, 0.71, 0.84, 0.35, 0.78, 0.8, 0.78, 0.43, 1.27, 1.2, 0.8, 0.84, 0.51, 0.8, 1.31, 1.37, 0.67, 1.49, 0.92, 0.9, 0.82, 0.61, 1.31, 1.39, 0.94, 0.94, 0.12, 0.08, 0.88, 0.1, 0.16, 0.18, 0.12, 0.16, 0.18, 0.14, 0.16, 1.43, 1.53, 0.57, 0.1, 0.59, 1.45, 1.57, 0.49, 1.06, 0.24, 1.39, 0.61, 1.06, 1.61, 0.29, 1.1, 0.73, 0.29, 1.49, 1.65, 0.69, 0.31, 1.14, 0.29, 0.78, 1.51, 1.69, 1.04, 0.73, 0.37, 0.37, 1.18, 0.82, 1.59, 1.8, 0.45, 0.9, 0.88, 1.43, 0.49, 0.96, 0.92, 0.49, 1.43, 1.02, 1.47, 0.51, 0.98, 0.57, 1.53, 1.04, 0.49, 1.51, 1.04, 1.47, 1.0, 0.18, 0.16, 0.16, 1.55, 0.63, 0.29, 0.16, 1.63, 0.27, 0.55, 1.59, 1.06, 0.49, 0.33, 1.08, 1.67, 1.12, 0.35, 0.55, 1.61, 0.47, 1.76, 0.71, 1.22, 0.57, 1.82, 0.71, 0.67, 1.31, 1.55, 0.61, 0.76, 1.24, 1.88, 1.69, 0.73, 0.92, 1.57, 0.71, 1.9, 1.82, 0.92, 1.06, 0.84, 1.92]

ILAO*:
Tiempo requerido: 0.661
Nodos expandidos: 325

RLAO*:
Tiempo requerido: 1.361
Nodos expandidos: 1850

BLAO*:
Tiempo requerido: 1.096
Nodos expandidos: 1480

VI:
Tiempo requerido: 2.317
Numero de iteraciones: 85
-------------------------------------------------------
Problema 2
-------------------------------------------------------
LAO*:
Tiempo requerido: 15.068
Nodos expandidos: 286
Porcentajes del conjunto Z: [0.02, 0.04, 0.06, 0.08, 0.04, 0.04, 0.08, 0.08, 0.12, 0.12, 0.16, 0.18, 0.2, 0.2, 0.24, 0.04, 0.04, 0.04, 0.04, 0.08, 0.12, 0.12, 0.18, 0.18, 0.24, 0.24, 0.24, 0.29, 0.33, 0.29, 0.31, 0.47, 0.33, 0.53, 0.57, 0.59, 0.59, 0.57, 0.59, 0.08, 0.08, 0.59, 0.63, 0.16, 0.16, 0.61, 0.67, 0.24, 0.24, 0.63, 0.71, 0.31, 0.65, 0.16, 0.76, 0.35, 0.67, 0.2, 0.8, 0.39, 0.69, 0.22, 0.84, 0.43, 0.71, 0.29, 0.88, 0.39, 0.47, 0.71, 0.45, 0.47, 0.92, 0.43, 0.76, 0.96, 0.49, 0.57, 0.08, 0.1, 0.08, 0.06, 0.1, 0.14, 0.1, 0.82, 0.45, 0.82, 0.65, 0.53, 0.18, 1.08, 1.06, 0.24, 0.22, 0.55, 1.1, 1.12, 0.55, 1.12, 1.22, 0.69, 0.31, 1.16, 1.31, 0.45, 0.39, 1.37, 0.73, 0.51, 0.45, 1.43, 0.33, 0.8, 0.49, 0.43, 0.49, 0.84, 0.37, 1.04, 0.45, 0.86, 1.08, 0.55, 0.61, 0.12, 0.9, 0.12, 0.41, 1.14, 0.57, 0.63, 0.94, 0.24, 0.24, 0.71, 0.65, 1.0, 0.37, 1.14, 1.12, 0.35, 1.22, 1.22, 0.35, 0.41, 1.33, 0.45, 1.24, 0.76, 1.27, 0.57, 0.82, 1.24, 1.24, 0.63, 0.51, 0.88, 1.29, 0.37, 0.45, 0.94, 1.0, 1.31, 0.41, 1.0, 0.51, 1.08, 0.14, 0.1, 0.16, 0.1, 0.16, 0.22, 0.16, 0.1, 1.37, 0.53, 0.61, 1.2, 0.24, 1.27, 0.92, 0.39, 1.18, 1.22, 0.45, 1.02, 1.22, 1.37, 0.59, 1.04, 0.41, 1.29, 1.45, 0.96, 1.41, 1.06, 0.71, 0.53, 1.33, 1.47, 1.1, 0.63, 0.8, 1.29, 0.71, 0.8, 0.69, 1.49, 0.82, 1.61, 0.96, 1.29, 0.82, 0.94, 1.67, 1.06, 0.88, 1.33, 0.98, 1.67, 1.08, 0.92, 1.31, 0.84, 1.04, 0.16, 0.16, 1.71, 1.1, 1.04, 0.76, 1.35, 1.33, 0.31, 1.27, 0.84, 0.98, 1.73, 1.35, 1.27, 0.47, 1.57, 1.16, 1.88, 1.41, 0.82, 1.12, 1.35, 0.51, 1.84, 1.22, 1.41, 1.16, 0.27, 1.43, 1.45, 0.71, 1.2, 1.55, 1.24, 1.45, 1.47, 1.08, 0.8, 1.37, 1.31, 1.43, 0.84, 1.51, 0.9, 0.67, 1.29, 1.1, 0.63, 1.45, 1.55, 1.55, 1.02, 0.8, 1.39, 1.31, 0.69, 1.33, 1.59]

ILAO*:
Tiempo requerido: 0.954
Nodos expandidos: 332

RLAO*:
Tiempo requerido: 1.127
Nodos expandidos: 1641

BLAO*:
Tiempo requerido: 0.77
Nodos expandidos: 1322

VI:
Tiempo requerido: 2.298
Numero de iteraciones: 84
-------------------------------------------------------
Problema 3
-------------------------------------------------------
LAO*:
Tiempo requerido: 15.334
Nodos expandidos: 280
Porcentajes del conjunto Z: [0.02, 0.04, 0.06, 0.08, 0.1, 0.12, 0.14, 0.16, 0.04, 0.04, 0.08, 0.08, 0.12, 0.12, 0.16, 0.16, 0.2, 0.2, 0.24, 0.24, 0.29, 0.33, 0.04, 0.04, 0.06, 0.12, 0.1, 0.14, 0.18, 0.24, 0.2, 0.31, 0.29, 0.35, 0.35, 0.41, 0.37, 0.43, 0.39, 0.45, 0.39, 0.33, 0.39, 0.67, 0.08, 0.06, 0.41, 0.51, 0.43, 0.14, 0.14, 0.8, 0.22, 0.22, 0.82, 0.14, 0.84, 0.24, 0.35, 0.33, 0.41, 0.41, 0.51, 0.47, 0.51, 0.53, 0.41, 0.06, 0.06, 0.06, 0.08, 0.06, 0.49, 0.45, 0.14, 0.12, 0.47, 0.67, 0.24, 0.22, 0.37, 0.84, 0.84, 0.45, 0.22, 0.88, 0.9, 0.47, 0.33, 0.9, 0.57, 0.43, 0.92, 0.92, 0.71, 0.94, 0.45, 0.96, 0.51, 0.96, 1.0, 0.55, 0.49, 0.98, 1.04, 0.12, 0.12, 0.59, 0.1, 0.57, 1.0, 1.08, 0.2, 0.61, 0.22, 0.65, 1.12, 0.29, 0.71, 0.35, 0.63, 0.71, 0.76, 0.8, 0.65, 0.43, 0.78, 1.18, 1.16, 0.57, 0.9, 1.04, 1.04, 0.55, 0.37, 1.18, 1.06, 1.08, 1.55, 1.22, 0.78, 0.35, 1.14, 0.98, 0.88, 1.16, 1.04, 0.94, 1.18, 0.57, 0.94, 0.1, 0.1, 1.1, 0.1, 0.16, 0.1, 0.08, 0.14, 0.14, 0.14, 1.22, 1.22, 1.16, 1.18, 0.55, 1.24, 0.31, 0.29, 1.24, 1.29, 0.65, 1.22, 0.39, 0.49, 0.69, 1.27, 1.18, 1.08, 0.51, 1.31, 0.53, 1.04, 0.65, 1.35, 1.37, 1.96, 0.63, 1.39, 0.94, 1.96, 1.06, 0.73, 0.69, 0.73, 0.73, 1.04, 1.27, 2.08, 0.49, 0.78, 0.86, 1.12, 1.06, 1.31, 0.96, 2.08, 0.69, 0.82, 1.14, 0.8, 1.12, 1.33, 1.1, 0.94, 0.61, 0.67, 2.31, 1.18, 1.14, 1.1, 0.73, 0.39, 1.47, 1.49, 1.27, 0.16, 1.35, 1.16, 1.06, 2.16, 1.2, 1.35, 0.41, 0.86, 1.43, 0.22, 1.31, 1.55, 1.59, 0.43, 1.2, 1.41, 0.65, 0.39, 1.22, 1.88, 0.71, 1.16, 0.71, 0.39, 1.47, 1.47, 1.47, 0.65, 1.1, 1.47, 1.49, 0.53, 0.65, 1.59, 1.37, 0.63, 1.33, 1.55, 1.55, 0.78, 1.12, 1.59, 1.59, 0.76, 0.92, 1.31, 1.33, 1.57, 0.67, 1.31, 1.06, 1.12, 1.67]

ILAO*:
Tiempo requerido: 0.558
Nodos expandidos: 324

RLAO*:
Tiempo requerido: 1.576
Nodos expandidos: 1951

BLAO*:
Tiempo requerido: 1.09
Nodos expandidos: 1535

VI:
Tiempo requerido: 2.282
Numero de iteraciones: 83
-------------------------------------------------------
Problema 4
-------------------------------------------------------
LAO*:
Tiempo requerido: 19.981
Nodos expandidos: 335
Porcentajes del conjunto Z: [0.02, 0.04, 0.06, 0.08, 0.04, 0.04, 0.08, 0.08, 0.12, 0.12, 0.16, 0.18, 0.18, 0.2, 0.22, 0.22, 0.27, 0.29, 0.29, 0.33, 0.04, 0.04, 0.04, 0.08, 0.37, 0.08, 0.37, 0.39, 0.41, 0.14, 0.14, 0.41, 0.2, 0.2, 0.43, 0.43, 0.24, 0.24, 0.45, 0.47, 0.22, 0.29, 0.53, 0.27, 0.35, 0.55, 0.37, 0.31, 0.57, 0.37, 0.59, 0.37, 0.59, 0.45, 0.41, 0.37, 0.06, 0.67, 0.43, 0.06, 0.47, 0.76, 0.47, 0.14, 0.49, 0.84, 0.18, 0.51, 0.16, 0.9, 0.31, 0.18, 0.55, 0.88, 0.29, 0.35, 0.59, 1.0, 0.41, 0.61, 0.47, 0.63, 0.27, 0.53, 0.65, 0.53, 0.33, 0.78, 0.61, 0.51, 0.71, 0.41, 0.65, 0.53, 0.73, 0.06, 0.1, 0.47, 0.08, 0.1, 0.06, 0.12, 0.1, 0.69, 0.78, 0.55, 0.16, 0.12, 0.71, 0.69, 1.0, 0.47, 0.27, 0.22, 0.45, 1.06, 0.55, 0.33, 0.51, 1.08, 0.31, 0.61, 0.41, 1.1, 1.0, 0.39, 0.69, 0.71, 1.29, 0.71, 0.43, 0.53, 1.31, 0.43, 0.55, 0.76, 0.61, 0.47, 1.33, 0.82, 0.57, 0.53, 1.33, 0.76, 1.35, 0.71, 0.12, 0.08, 0.82, 0.1, 0.86, 1.37, 0.8, 0.18, 0.22, 0.57, 0.84, 0.9, 0.71, 0.47, 1.39, 0.35, 0.9, 1.29, 0.71, 0.29, 0.92, 0.61, 0.86, 0.39, 0.45, 1.49, 1.88, 0.94, 0.76, 1.51, 1.94, 1.27, 0.96, 1.53, 2.0, 0.2, 1.12, 0.84, 0.51, 0.71, 1.61, 0.71, 1.51, 0.53, 0.61, 1.63, 2.1, 0.9, 1.53, 0.59, 0.73, 0.84, 1.65, 2.1, 0.86, 1.59, 0.92, 0.84, 0.08, 0.76, 0.08, 0.12, 0.12, 0.14, 0.12, 0.16, 0.2, 0.18, 0.14, 1.76, 1.71, 0.96, 0.73, 0.96, 0.27, 0.86, 1.76, 2.27, 1.59, 1.31, 0.92, 0.9, 2.39, 1.67, 0.22, 0.92, 1.08, 2.37, 0.9, 0.33, 0.82, 1.49, 1.06, 0.88, 2.41, 0.41, 1.0, 0.51, 1.8, 1.24, 1.08, 1.37, 0.47, 1.18, 1.06, 1.82, 1.22, 1.2, 1.08, 0.61, 0.86, 0.55, 1.67, 1.24, 1.86, 0.67, 1.37, 1.1, 0.96, 0.63, 1.94, 1.24, 1.94, 0.78, 1.47, 1.1, 0.73, 2.04, 1.51, 1.31, 0.16, 1.08, 0.1, 0.12, 0.88, 1.12, 1.67, 1.33, 2.1, 0.24, 1.06, 1.02, 0.94, 1.59, 1.37, 0.98, 0.67, 0.39, 1.14, 1.61, 1.61, 1.82, 0.24, 1.33, 0.47, 1.04, 1.22, 1.61, 1.92, 1.84, 2.31, 0.33, 1.33, 1.02, 0.69, 1.61, 1.1, 1.08, 2.45, 1.71, 1.06, 1.86, 1.29, 0.73, 2.55, 1.88, 0.47, 1.29, 1.76, 1.1, 0.73, 0.9, 3.47, 1.49, 0.61, 1.45, 0.88, 2.71, 2.39]

ILAO*:
Tiempo requerido: 0.994
Nodos expandidos: 373

RLAO*:
Tiempo requerido: 1.175
Nodos expandidos: 1745

BLAO*:
Tiempo requerido: 0.958
Nodos expandidos: 1234

VI:
Tiempo requerido: 2.301
Numero de iteraciones: 84
-------------------------------------------------------
Problema 5
-------------------------------------------------------
LAO*:
Tiempo requerido: 17.769
Nodos expandidos: 320
Porcentajes del conjunto Z: [0.02, 0.04, 0.04, 0.06, 0.06, 0.08, 0.08, 0.12, 0.1, 0.1, 0.18, 0.16, 0.16, 0.18, 0.29, 0.2, 0.33, 0.37, 0.39, 0.41, 0.04, 0.04, 0.04, 0.06, 0.47, 0.1, 0.1, 0.49, 0.16, 0.16, 0.18, 0.22, 0.27, 0.27, 0.31, 0.31, 0.35, 0.33, 0.55, 0.59, 0.45, 0.65, 0.45, 0.1, 0.45, 0.12, 0.49, 0.12, 0.12, 0.49, 0.51, 0.51, 0.14, 0.14, 0.53, 0.53, 0.55, 0.55, 0.55, 0.33, 0.67, 0.57, 0.39, 0.37, 0.73, 0.41, 0.39, 0.76, 0.43, 0.41, 0.67, 0.78, 0.39, 0.43, 0.76, 0.06, 0.06, 0.06, 0.08, 0.06, 0.12, 0.8, 0.45, 0.82, 0.1, 0.12, 0.82, 0.47, 0.9, 0.2, 0.22, 0.84, 0.43, 0.49, 0.31, 0.31, 0.51, 0.59, 0.86, 0.29, 0.55, 0.51, 0.88, 1.08, 0.18, 0.65, 1.1, 0.39, 0.37, 0.69, 0.29, 0.24, 0.8, 0.71, 0.39, 0.96, 0.82, 0.73, 0.37, 1.1, 0.98, 0.69, 0.84, 1.16, 0.41, 1.06, 0.78, 0.31, 0.12, 0.86, 1.22, 1.12, 0.33, 0.8, 0.14, 0.88, 0.16, 1.29, 1.2, 0.51, 0.82, 0.29, 0.31, 1.24, 0.49, 1.14, 0.27, 0.84, 0.61, 0.39, 1.29, 0.55, 0.86, 1.29, 0.67, 1.47, 0.45, 0.88, 1.33, 0.37, 0.73, 0.61, 1.41, 0.59, 1.57, 0.33, 1.08, 0.78, 0.84, 1.1, 1.59, 0.47, 0.84, 1.12, 1.12, 1.1, 0.35, 0.57, 0.35, 1.63, 1.33, 1.14, 1.18, 0.1, 0.49, 0.78, 1.43, 0.57, 0.1, 0.9, 1.24, 0.1, 0.1, 0.08, 0.49, 0.16, 0.12, 0.12, 0.1, 1.16, 1.22, 0.82, 0.92, 0.67, 0.96, 0.63, 1.73, 0.53, 0.16, 0.18, 0.14, 0.8, 1.22, 1.2, 0.86, 0.94, 0.71, 0.49, 1.76, 0.33, 0.29, 0.86, 1.24, 1.08, 2.16, 1.02, 0.9, 0.69, 1.0, 0.43, 1.31, 0.98, 1.88, 1.1, 0.98, 0.55, 0.41, 2.16, 0.53, 1.04, 0.51, 1.14, 0.9, 1.22, 1.1, 0.69, 0.69, 1.76, 1.06, 0.8, 1.27, 0.88, 0.51, 1.53, 1.18, 0.67, 1.33, 1.08, 0.61, 1.57, 1.27, 1.39, 1.14, 0.9, 1.65, 0.43, 0.16, 1.43, 1.22, 0.12, 0.73, 1.39, 0.53, 1.31, 0.24, 0.2, 1.04, 1.63, 0.67, 0.33, 1.29, 1.39, 0.37, 0.88, 1.45, 1.33, 0.82, 0.57, 1.47, 0.49, 1.53, 0.92, 1.27, 0.73, 1.55, 0.43, 0.61, 1.27, 1.02, 0.9, 1.37, 1.37, 0.63, 0.67, 1.41, 0.96, 0.73, 1.41, 1.41, 0.82, 1.47, 1.12, 1.04, 1.45, 1.49, 1.33, 1.59, 0.9, 0.49, 1.53]

ILAO*:
Tiempo requerido: 0.508
Nodos expandidos: 377

RLAO*:
Tiempo requerido: 1.149
Nodos expandidos: 1686

BLAO*:
Tiempo requerido: 1.034
Nodos expandidos: 1229

VI:
Tiempo requerido: 2.323
Numero de iteraciones: 84
-------------------------------------------------------
Problema 6
-------------------------------------------------------
LAO*:
Tiempo requerido: 8.038
Nodos expandidos: 172
Porcentajes del conjunto Z: [0.02, 0.04, 0.06, 0.04, 0.04, 0.08, 0.08, 0.12, 0.14, 0.16, 0.16, 0.2, 0.22, 0.22, 0.24, 0.27, 0.27, 0.31, 0.29, 0.35, 0.04, 0.06, 0.06, 0.04, 0.31, 0.39, 0.12, 0.1, 0.33, 0.43, 0.18, 0.16, 0.35, 0.47, 0.18, 0.2, 0.37, 0.53, 0.33, 0.29, 0.33, 0.37, 0.29, 0.41, 0.37, 0.33, 0.43, 0.08, 0.06, 0.37, 0.49, 0.16, 0.1, 0.43, 0.14, 0.45, 0.18, 0.55, 0.49, 0.22, 0.61, 0.53, 0.63, 0.45, 0.55, 0.65, 0.51, 0.57, 0.57, 0.27, 0.84, 0.61, 0.37, 0.88, 0.63, 0.45, 0.33, 0.88, 0.06, 0.1, 0.06, 0.49, 0.65, 0.1, 0.39, 0.1, 0.9, 0.59, 0.16, 0.16, 0.67, 0.45, 0.92, 0.61, 0.27, 0.27, 0.69, 0.51, 1.06, 0.35, 0.35, 0.57, 1.08, 0.47, 0.59, 1.1, 0.65, 0.55, 1.12, 0.69, 0.39, 0.61, 1.14, 0.33, 0.71, 1.12, 0.45, 0.73, 0.73, 1.18, 1.06, 0.51, 0.65, 1.24, 0.63, 0.69, 0.1, 0.43, 1.27, 0.73, 0.2, 0.69, 1.06, 0.51, 1.29, 0.73, 1.12, 0.22, 0.27, 0.8, 0.59, 1.31, 0.33, 0.31, 0.8, 0.67, 0.9, 1.33, 0.67, 0.35, 0.39, 0.9, 0.82, 1.27, 1.16, 1.37, 1.2, 0.92, 0.8, 0.63, 0.43, 0.43, 1.39, 1.2, 1.24, 0.53, 0.45, 1.0, 0.51, 0.86, 1.41, 1.22]

ILAO*:
Tiempo requerido: 0.331
Nodos expandidos: 199

RLAO*:
Tiempo requerido: 1.471
Nodos expandidos: 1765

BLAO*:
Tiempo requerido: 0.842
Nodos expandidos: 1337

VI:
Tiempo requerido: 2.215
Numero de iteraciones: 81
-------------------------------------------------------
Problema 7
-------------------------------------------------------
LAO*:
Tiempo requerido: 19.726
Nodos expandidos: 370
Porcentajes del conjunto Z: [0.02, 0.04, 0.06, 0.04, 0.08, 0.06, 0.12, 0.1, 0.14, 0.12, 0.16, 0.22, 0.18, 0.27, 0.31, 0.04, 0.04, 0.04, 0.04, 0.08, 0.1, 0.12, 0.16, 0.18, 0.22, 0.2, 0.24, 0.2, 0.27, 0.47, 0.24, 0.51, 0.53, 0.55, 0.12, 0.14, 0.22, 0.22, 0.29, 0.27, 0.33, 0.31, 0.24, 0.33, 0.49, 0.35, 0.61, 0.41, 0.57, 0.06, 0.06, 0.08, 0.06, 0.1, 0.08, 0.16, 0.08, 0.63, 0.14, 0.65, 0.22, 0.24, 0.67, 0.67, 0.31, 0.31, 0.69, 0.71, 0.37, 0.71, 0.76, 0.41, 0.33, 0.73, 0.51, 0.76, 0.51, 0.76, 0.45, 0.78, 0.8, 0.43, 0.47, 0.78, 0.41, 0.82, 0.45, 0.57, 0.8, 0.59, 1.0, 0.61, 0.08, 0.08, 0.82, 0.82, 0.61, 1.06, 0.2, 0.1, 0.65, 0.84, 0.86, 0.63, 0.63, 1.14, 0.22, 0.69, 0.86, 0.9, 0.69, 0.14, 0.76, 0.65, 0.73, 0.37, 0.88, 0.96, 0.16, 0.76, 0.67, 1.31, 0.9, 0.43, 0.92, 0.82, 0.57, 0.51, 1.06, 1.47, 0.67, 1.16, 1.51, 0.71, 1.24, 1.55, 0.78, 0.45, 0.82, 0.1, 0.12, 0.49, 0.08, 0.12, 0.1, 0.14, 0.16, 0.08, 0.22, 0.12, 1.08, 1.08, 0.96, 0.2, 0.53, 1.14, 1.12, 1.02, 0.55, 0.55, 0.55, 0.35, 0.67, 0.57, 0.94, 0.63, 1.12, 0.29, 1.08, 0.47, 0.53, 1.27, 1.14, 0.41, 0.57, 0.57, 1.14, 0.57, 1.33, 1.12, 1.16, 0.53, 0.69, 1.16, 0.65, 1.1, 1.18, 0.59, 0.8, 1.2, 1.61, 0.88, 0.41, 1.2, 0.61, 0.94, 0.49, 1.41, 1.2, 1.2, 0.94, 1.08, 0.84, 1.35, 1.24, 1.0, 1.49, 0.65, 1.22, 0.12, 0.51, 1.88, 0.78, 1.22, 0.29, 0.57, 0.22, 1.94, 0.29, 0.94, 1.27, 1.27, 0.61, 0.35, 1.12, 1.18, 1.29, 1.18, 1.14, 0.65, 0.53, 1.31, 1.31, 2.12, 0.45, 0.65, 1.22, 0.67, 1.35, 1.27, 2.18, 1.2, 0.59, 0.61, 0.69, 1.73, 1.22, 0.76, 0.71, 0.8, 1.0, 1.12, 0.35, 0.8, 0.8, 2.27, 0.73, 1.22, 0.39, 0.63, 1.47, 1.94, 0.86, 0.76, 1.24, 1.24, 1.27, 2.14, 0.41, 1.61, 1.86, 1.27, 1.29, 0.2, 0.92, 0.92, 1.92, 0.1, 0.12, 0.1, 0.18, 0.86, 0.2, 0.31, 0.14, 0.27, 0.31, 0.22, 0.16, 0.51, 1.69, 1.16, 1.2, 1.35, 2.24, 2.0, 2.06, 0.94, 0.31, 1.27, 1.24, 1.45, 1.08, 2.84, 2.53, 1.02, 1.04, 0.41, 0.33, 1.27, 1.16, 1.33, 1.14, 2.94, 2.12, 1.14, 1.08, 0.49, 0.59, 1.43, 3.0, 2.53, 1.22, 2.33, 1.35, 1.12, 0.63, 1.24, 1.31, 1.29, 3.02, 1.33, 1.71, 1.84, 2.51, 0.51, 1.31, 1.18, 0.57, 3.04, 1.41, 1.65, 1.65, 1.06, 2.31, 0.86, 1.2, 1.76, 0.67, 1.43, 1.43, 3.2, 1.78, 1.57, 1.14, 2.39, 1.06, 1.82, 1.04, 0.71, 3.16, 1.51, 1.78, 1.86, 1.41, 2.69, 1.12, 1.37, 3.61, 1.43]

ILAO*:
Tiempo requerido: 1.18
Nodos expandidos: 402

RLAO*:
Tiempo requerido: 1.672
Nodos expandidos: 1962

BLAO*:
Tiempo requerido: 1.227
Nodos expandidos: 1576

VI:
Tiempo requerido: 2.272
Numero de iteraciones: 83
-------------------------------------------------------
Problema 8
-------------------------------------------------------
LAO*:
Tiempo requerido: 8.256
Nodos expandidos: 178
Porcentajes del conjunto Z: [0.02, 0.04, 0.04, 0.04, 0.08, 0.08, 0.1, 0.1, 0.12, 0.18, 0.14, 0.22, 0.16, 0.27, 0.18, 0.31, 0.2, 0.22, 0.24, 0.24, 0.04, 0.04, 0.04, 0.08, 0.29, 0.31, 0.12, 0.1, 0.31, 0.35, 0.16, 0.14, 0.33, 0.39, 0.2, 0.18, 0.35, 0.43, 0.22, 0.22, 0.37, 0.47, 0.22, 0.27, 0.39, 0.51, 0.47, 0.31, 0.55, 0.53, 0.35, 0.57, 0.39, 0.59, 0.43, 0.59, 0.29, 0.08, 0.29, 0.06, 0.61, 0.35, 0.14, 0.14, 0.63, 0.22, 0.18, 0.31, 0.65, 0.35, 0.2, 0.24, 0.49, 0.37, 0.27, 0.31, 0.55, 0.41, 0.37, 0.59, 0.47, 0.43, 0.59, 0.63, 0.53, 0.67, 0.67, 0.45, 0.08, 0.45, 0.1, 0.06, 0.1, 0.14, 0.1, 0.14, 0.71, 0.71, 0.51, 0.1, 0.2, 0.76, 0.78, 0.49, 0.29, 0.2, 0.39, 0.39, 0.8, 0.43, 0.29, 0.37, 0.82, 0.57, 0.41, 0.67, 0.86, 0.43, 0.69, 0.88, 0.76, 0.92, 0.53, 0.31, 0.35, 0.9, 0.96, 0.61, 0.43, 0.92, 1.0, 0.49, 0.67, 0.47, 0.49, 0.96, 1.06, 0.51, 0.59, 0.98, 1.1, 0.47, 0.76, 0.49, 0.08, 0.12, 0.53, 1.0, 1.14, 0.35, 0.78, 0.18, 0.88, 0.43, 1.04, 0.94, 0.31, 0.33, 0.41, 1.06, 0.71, 0.37, 0.49, 0.8, 0.69, 0.78, 0.45, 0.51, 0.27, 1.1, 0.92, 0.35, 1.12, 0.96, 0.59, 0.31, 0.45, 1.14]

ILAO*:
Tiempo requerido: 0.487
Nodos expandidos: 219

RLAO*:
Tiempo requerido: 1.09
Nodos expandidos: 1648

BLAO*:
Tiempo requerido: 0.686
Nodos expandidos: 1182

VI:
Tiempo requerido: 2.339
Numero de iteraciones: 84
-------------------------------------------------------
Problema 9
-------------------------------------------------------
LAO*:
Tiempo requerido: 14.407
Nodos expandidos: 283
Porcentajes del conjunto Z: [0.02, 0.04, 0.06, 0.08, 0.1, 0.12, 0.14, 0.16, 0.18, 0.2, 0.22, 0.04, 0.04, 0.24, 0.08, 0.08, 0.27, 0.12, 0.29, 0.16, 0.1, 0.2, 0.16, 0.18, 0.18, 0.22, 0.27, 0.22, 0.31, 0.27, 0.04, 0.04, 0.04, 0.04, 0.08, 0.35, 0.1, 0.1, 0.31, 0.39, 0.37, 0.16, 0.18, 0.41, 0.22, 0.22, 0.35, 0.45, 0.29, 0.31, 0.35, 0.45, 0.37, 0.37, 0.51, 0.29, 0.16, 0.43, 0.45, 0.22, 0.45, 0.45, 0.51, 0.27, 0.47, 0.49, 0.57, 0.33, 0.49, 0.53, 0.61, 0.08, 0.39, 0.08, 0.57, 0.49, 0.45, 0.16, 0.16, 0.57, 0.51, 0.24, 0.59, 0.31, 0.24, 0.35, 0.31, 0.45, 0.33, 0.41, 0.39, 0.35, 0.45, 0.47, 0.45, 0.41, 0.55, 0.51, 0.47, 0.43, 0.63, 0.53, 0.47, 0.55, 0.06, 0.08, 0.37, 0.1, 0.06, 0.12, 0.14, 0.08, 0.51, 0.73, 0.18, 0.16, 0.45, 0.69, 0.55, 0.53, 0.29, 0.29, 0.57, 0.59, 0.86, 0.31, 0.33, 0.61, 0.61, 0.63, 1.02, 0.43, 0.41, 0.67, 0.86, 0.63, 0.65, 0.73, 0.51, 0.57, 0.94, 0.65, 0.67, 0.76, 0.61, 0.67, 0.63, 0.67, 0.71, 1.08, 0.78, 0.71, 0.55, 0.71, 0.73, 0.96, 0.65, 0.8, 0.73, 0.76, 1.02, 0.73, 0.73, 0.82, 1.12, 0.84, 0.84, 0.12, 0.51, 1.16, 0.9, 0.24, 0.55, 0.22, 1.24, 1.0, 0.9, 0.35, 0.57, 0.31, 1.04, 0.82, 1.06, 0.73, 0.43, 1.06, 0.84, 0.78, 0.67, 0.86, 0.55, 0.51, 0.82, 1.04, 0.73, 0.63, 0.61, 0.88, 0.73, 0.71, 0.67, 0.92, 0.65, 0.76, 0.8, 0.82, 0.73, 0.45, 0.84, 0.67, 0.82, 0.51, 0.08, 0.12, 0.78, 0.16, 0.14, 0.88, 0.18, 0.18, 0.18, 0.08, 0.1, 0.16, 0.12, 1.18, 0.59, 0.88, 0.71, 0.96, 0.8, 0.27, 0.24, 0.92, 0.82, 0.63, 0.82, 0.82, 0.39, 0.41, 0.92, 0.65, 0.84, 0.84, 0.9, 0.9, 1.1, 0.86, 0.55, 0.51, 1.39, 0.65, 1.0, 0.76, 0.88, 0.86, 0.92, 0.65, 1.47, 0.61, 0.69, 0.71, 0.76, 1.1, 0.94, 1.02, 1.12, 0.73, 0.96, 1.04, 1.22, 1.06, 0.96, 0.84, 0.82, 1.1, 1.0, 1.12, 1.35, 1.8, 0.57, 1.59, 1.16]

ILAO*:
Tiempo requerido: 0.953
Nodos expandidos: 325

RLAO*:
Tiempo requerido: 1.161
Nodos expandidos: 1723

BLAO*:
Tiempo requerido: 0.768
Nodos expandidos: 1130

VI:
Tiempo requerido: 2.265
Numero de iteraciones: 83
-------------------------------------------------------
Problema 10
-------------------------------------------------------
LAO*:
Tiempo requerido: 13.055
Nodos expandidos: 260
Porcentajes del conjunto Z: [0.02, 0.04, 0.06, 0.08, 0.1, 0.12, 0.14, 0.16, 0.04, 0.06, 0.08, 0.08, 0.12, 0.12, 0.18, 0.2, 0.14, 0.24, 0.18, 0.29, 0.22, 0.33, 0.24, 0.35, 0.27, 0.27, 0.37, 0.04, 0.04, 0.04, 0.08, 0.29, 0.53, 0.1, 0.47, 0.1, 0.47, 0.12, 0.16, 0.49, 0.2, 0.49, 0.22, 0.51, 0.53, 0.2, 0.29, 0.53, 0.57, 0.55, 0.61, 0.16, 0.31, 0.57, 0.65, 0.22, 0.37, 0.59, 0.69, 0.29, 0.41, 0.73, 0.47, 0.73, 0.31, 0.51, 0.76, 0.37, 0.55, 0.1, 0.12, 0.78, 0.39, 0.59, 0.2, 0.39, 0.35, 0.22, 0.63, 0.24, 0.76, 0.29, 0.24, 0.43, 0.84, 0.29, 0.53, 0.37, 0.51, 0.57, 0.49, 0.29, 0.57, 0.61, 0.49, 0.37, 0.78, 0.65, 0.53, 0.41, 0.82, 0.67, 0.06, 0.08, 0.12, 0.08, 0.12, 0.12, 0.61, 0.45, 0.92, 0.1, 0.14, 0.69, 0.65, 0.2, 0.84, 0.2, 0.96, 0.53, 0.96, 0.29, 0.73, 0.37, 0.98, 0.82, 0.37, 0.35, 1.0, 0.9, 0.37, 0.39, 0.53, 1.02, 1.02, 0.41, 1.04, 0.31, 1.06, 0.63, 0.47, 1.1, 0.37, 0.67, 0.71, 1.1, 0.78, 0.43, 0.88, 0.08, 0.88, 1.1, 0.55, 0.14, 0.92, 1.12, 0.61, 0.84, 0.24, 0.98, 1.14, 0.27, 0.69, 0.33, 0.37, 1.06, 1.16, 0.73, 0.37, 0.39, 0.47, 1.1, 1.18, 0.96, 0.41, 0.78, 0.47, 0.41, 1.18, 0.59, 1.06, 0.63, 0.67, 1.04, 0.76, 1.04, 0.69, 0.69, 1.08, 1.06, 0.69, 0.1, 0.73, 0.1, 0.16, 0.8, 0.12, 0.18, 0.2, 0.1, 0.16, 0.14, 1.1, 1.08, 1.08, 0.8, 0.55, 0.76, 0.22, 0.9, 0.14, 0.63, 0.9, 0.71, 1.12, 1.16, 1.1, 1.02, 0.24, 1.12, 1.22, 0.73, 1.12, 0.29, 0.33, 0.8, 1.16, 1.33, 1.24, 0.35, 0.82, 0.84, 0.86, 0.9, 0.51, 1.12, 0.84, 0.94, 1.12, 0.53, 0.51, 0.51, 0.98, 1.29, 1.29, 1.06, 0.61, 0.47, 0.55, 1.22, 0.92, 1.31, 1.33, 1.06, 1.27, 0.71, 0.67, 0.88, 1.37, 1.0]

ILAO*:
Tiempo requerido: 0.628
Nodos expandidos: 299

RLAO*:
Tiempo requerido: 1.372
Nodos expandidos: 1819

BLAO*:
Tiempo requerido: 0.992
Nodos expandidos: 1382

VI:
Tiempo requerido: 2.248
Numero de iteraciones: 82
-------------------------------------------------------
