Problema 1
-------------------------------------------------------
LAO*:
Tiempo requerido: 30.217
Nodos expandidos: 406
Porcentajes del conjunto Z: [0.02, 0.03, 0.05, 0.03, 0.03, 0.06, 0.06, 0.09, 0.09, 0.12, 0.14, 0.14, 0.16, 0.17, 0.17, 0.2, 0.19, 0.23, 0.2, 0.27, 0.22, 0.31, 0.03, 0.03, 0.03, 0.03, 0.06, 0.09, 0.14, 0.12, 0.16, 0.19, 0.22, 0.23, 0.28, 0.33, 0.22, 0.36, 0.23, 0.11, 0.12, 0.16, 0.14, 0.14, 0.17, 0.16, 0.28, 0.22, 0.17, 0.34, 0.27, 0.23, 0.3, 0.34, 0.33, 0.41, 0.05, 0.05, 0.08, 0.05, 0.38, 0.05, 0.05, 0.11, 0.47, 0.11, 0.08, 0.42, 0.48, 0.17, 0.16, 0.44, 0.5, 0.5, 0.5, 0.22, 0.22, 0.45, 0.45, 0.45, 0.52, 0.53, 0.56, 0.19, 0.5, 0.52, 0.27, 0.53, 0.56, 0.45, 0.61, 0.55, 0.31, 0.59, 0.66, 0.33, 0.56, 0.56, 0.3, 0.61, 0.55, 1.05, 0.39, 0.58, 0.62, 0.73, 0.86, 0.36, 0.42, 0.38, 0.06, 0.47, 0.44, 0.16, 0.08, 0.5, 0.48, 0.22, 0.55, 0.53, 0.22, 0.55, 0.58, 0.3, 0.23, 0.36, 0.59, 0.31, 0.64, 0.41, 0.36, 0.59, 0.38, 0.8, 0.42, 0.67, 0.66, 0.36, 0.81, 0.09, 0.75, 0.08, 0.08, 0.12, 0.11, 0.14, 0.11, 0.08, 0.7, 0.72, 0.44, 0.7, 0.5, 0.84, 0.84, 0.5, 0.2, 0.11, 0.64, 0.72, 0.73, 0.7, 0.69, 0.48, 0.55, 0.88, 0.23, 0.55, 0.23, 0.75, 0.78, 0.84, 0.88, 0.3, 0.5, 0.91, 0.59, 0.3, 0.81, 0.8, 1.47, 0.52, 0.89, 0.33, 0.64, 0.36, 0.89, 0.89, 0.53, 0.69, 0.78, 0.95, 0.36, 0.44, 0.92, 0.66, 0.53, 0.98, 0.88, 1.55, 0.56, 0.39, 0.69, 1.06, 1.03, 0.88, 0.55, 1.17, 1.39, 0.41, 0.83, 0.52, 1.2, 1.48, 0.47, 0.94, 0.58, 1.53, 0.42, 0.95, 0.58, 0.58, 1.58, 0.09, 0.45, 0.98, 0.2, 0.61, 1.61, 0.48, 0.12, 0.52, 1.02, 1.14, 0.62, 0.3, 0.52, 0.58, 0.25, 1.0, 0.66, 1.77, 0.34, 0.67, 0.66, 1.11, 1.66, 0.67, 0.22, 0.52, 1.64, 1.12, 0.42, 0.7, 0.55, 1.38, 1.14, 0.41, 1.95, 0.58, 0.81, 0.3, 1.88, 2.03, 0.61, 1.16, 0.38, 1.66, 1.39, 0.31, 1.98, 1.09, 2.06, 0.64, 0.47, 1.58, 1.36, 1.3, 1.28, 0.34, 2.09, 1.06, 0.09, 2.11, 0.09, 0.12, 0.66, 0.12, 0.94, 0.11, 0.14, 0.12, 0.12, 0.12, 0.17, 0.16, 0.48, 0.19, 0.14, 0.09, 1.45, 1.48, 1.47, 1.73, 1.14, 2.14, 2.17, 0.23, 0.98, 1.78, 1.48, 1.75, 1.5, 1.14, 0.3, 2.22, 0.27, 1.02, 0.53, 0.55, 1.91, 1.52, 3.42, 1.06, 0.67, 0.98, 1.58, 0.62, 2.11, 1.0, 1.2, 1.56, 0.41, 0.7, 0.7, 2.11, 1.02, 1.27, 1.59, 0.44, 0.75, 0.55, 0.73, 2.02, 1.62, 0.5, 0.56, 1.12, 1.23, 0.75, 0.8, 2.28, 0.28, 0.62, 1.14, 1.28, 0.81, 1.89, 0.78, 1.16, 1.19, 3.19, 0.31, 0.67, 0.8, 0.83, 1.06, 0.36, 0.7, 2.64, 1.17, 1.38, 0.84, 1.12, 0.48, 0.8, 1.22, 3.14, 0.75, 0.19, 1.45, 0.11, 0.89, 0.52, 0.09, 2.81, 1.5, 0.23, 1.27, 0.8, 0.17, 1.95, 3.77, 0.33, 0.42, 1.7, 1.33, 0.59, 0.66, 3.86, 0.45, 1.38, 0.69, 1.98, 1.98, 2.23]

ILAO*:
Tiempo requerido: 1.845
Nodos expandidos: 463

RLAO*:
Tiempo requerido: 2.495
Nodos expandidos: 2541

BLAO*:
Tiempo requerido: 1.563
Nodos expandidos: 1891

VI:
Tiempo requerido: 3.334
Numero de iteraciones: 91
-------------------------------------------------------
Problema 2
-------------------------------------------------------
LAO*:
Tiempo requerido: 13.674
Nodos expandidos: 227
Porcentajes del conjunto Z: [0.02, 0.03, 0.05, 0.06, 0.03, 0.03, 0.06, 0.06, 0.09, 0.09, 0.12, 0.03, 0.03, 0.03, 0.03, 0.06, 0.09, 0.09, 0.14, 0.14, 0.19, 0.16, 0.16, 0.16, 0.22, 0.23, 0.19, 0.23, 0.34, 0.19, 0.25, 0.2, 0.41, 0.27, 0.22, 0.3, 0.23, 0.33, 0.33, 0.34, 0.06, 0.06, 0.34, 0.12, 0.36, 0.36, 0.14, 0.19, 0.38, 0.16, 0.23, 0.39, 0.23, 0.27, 0.41, 0.41, 0.3, 0.42, 0.44, 0.25, 0.39, 0.28, 0.47, 0.2, 0.23, 0.45, 0.23, 0.25, 0.33, 0.47, 0.47, 0.05, 0.31, 0.06, 0.05, 0.08, 0.12, 0.06, 0.27, 0.06, 0.34, 0.36, 0.64, 0.11, 0.5, 0.52, 0.36, 0.12, 0.28, 0.31, 0.52, 0.55, 0.39, 0.73, 0.22, 0.19, 0.44, 0.33, 0.39, 0.56, 0.45, 0.61, 0.25, 0.25, 0.34, 0.42, 0.53, 0.22, 0.58, 0.64, 0.3, 0.53, 0.59, 0.44, 0.67, 0.94, 0.27, 0.38, 0.61, 0.66, 0.75, 0.56, 0.64, 0.41, 0.42, 0.67, 0.78, 1.05, 0.67, 0.45, 0.47, 0.69, 0.81, 1.09, 0.31, 0.7, 0.5, 0.7, 0.84, 0.73, 0.53, 0.53, 0.7, 0.86, 0.33, 0.58, 0.78, 0.55, 0.09, 0.72, 0.78, 0.56, 0.19, 0.14, 0.73, 0.64, 0.81, 0.28, 0.33, 0.77, 0.7, 0.31, 0.3, 0.78, 0.64, 0.58, 0.36, 0.77, 0.55, 0.75, 0.67, 0.41, 0.39, 0.62, 0.81, 0.78, 0.59, 0.7, 0.38, 0.44, 0.67, 0.83, 0.84, 0.61, 0.73, 0.53, 0.84, 0.77, 1.03, 0.38, 0.42, 0.72, 0.67, 0.88, 0.89, 0.36, 1.16, 0.77, 0.11, 0.08, 0.69, 0.08, 0.08, 0.14, 0.14, 0.06, 0.14, 0.12, 0.08, 0.91, 0.95, 0.42, 1.3, 0.41, 0.77, 0.17, 0.86, 0.88, 0.17, 0.97, 1.05, 0.56, 0.84, 0.86, 0.22, 0.88, 0.97]

ILAO*:
Tiempo requerido: 0.592
Nodos expandidos: 269

RLAO*:
Tiempo requerido: 1.906
Nodos expandidos: 2196

BLAO*:
Tiempo requerido: 1.397
Nodos expandidos: 1782

VI:
Tiempo requerido: 3.217
Numero de iteraciones: 89
-------------------------------------------------------
Problema 3
-------------------------------------------------------
LAO*:
Tiempo requerido: 47.243
Nodos expandidos: 534
Porcentajes del conjunto Z: [0.02, 0.03, 0.05, 0.06, 0.08, 0.03, 0.06, 0.05, 0.09, 0.08, 0.12, 0.11, 0.16, 0.14, 0.17, 0.16, 0.27, 0.28, 0.3, 0.31, 0.03, 0.03, 0.03, 0.03, 0.06, 0.09, 0.08, 0.14, 0.12, 0.19, 0.23, 0.14, 0.27, 0.19, 0.3, 0.2, 0.22, 0.33, 0.33, 0.23, 0.34, 0.41, 0.05, 0.06, 0.25, 0.36, 0.44, 0.06, 0.12, 0.27, 0.38, 0.38, 0.47, 0.19, 0.28, 0.39, 0.56, 0.5, 0.2, 0.14, 0.3, 0.62, 0.55, 0.27, 0.2, 0.69, 0.36, 0.25, 0.7, 0.39, 0.28, 0.38, 0.31, 0.31, 0.41, 0.34, 0.59, 0.08, 0.42, 0.38, 0.08, 0.06, 0.09, 0.05, 0.11, 0.41, 0.48, 0.16, 0.09, 0.42, 0.52, 0.44, 0.19, 0.23, 0.47, 0.56, 0.31, 0.47, 0.59, 0.5, 0.39, 0.17, 0.52, 0.45, 0.25, 0.53, 0.53, 0.66, 0.58, 0.55, 0.58, 0.31, 0.45, 0.69, 0.59, 0.44, 0.36, 0.61, 0.61, 0.86, 0.86, 0.62, 0.59, 1.19, 0.44, 0.41, 0.08, 0.73, 0.5, 0.64, 0.67, 0.12, 0.45, 0.17, 0.8, 0.55, 0.66, 0.5, 0.22, 0.27, 0.81, 0.67, 0.27, 0.36, 1.34, 0.59, 0.36, 0.45, 0.52, 0.41, 1.36, 0.44, 0.56, 0.42, 0.25, 1.38, 1.16, 0.41, 0.58, 0.81, 0.62, 1.22, 0.66, 0.62, 0.64, 0.69, 0.39, 0.48, 0.64, 0.66, 1.27, 0.09, 0.72, 0.08, 0.06, 0.44, 0.09, 0.06, 0.11, 0.16, 0.09, 0.12, 0.55, 0.52, 0.69, 0.77, 0.66, 0.59, 0.16, 0.19, 1.23, 0.7, 0.8, 0.66, 0.28, 0.3, 0.47, 0.67, 0.84, 0.72, 0.83, 0.7, 0.55, 0.67, 0.7, 0.41, 0.31, 1.36, 0.84, 0.84, 0.75, 0.41, 0.52, 2.08, 0.67, 0.59, 0.86, 0.55, 1.61, 0.81, 0.62, 0.52, 0.88, 0.88, 0.61, 1.5, 0.62, 0.38, 0.89, 0.45, 1.44, 0.66, 0.67, 0.41, 2.23, 0.88, 1.38, 0.91, 0.67, 0.7, 2.0, 0.7, 1.39, 0.94, 2.16, 2.14, 0.91, 1.23, 0.48, 0.09, 0.11, 0.66, 0.94, 2.23, 2.25, 0.92, 0.42, 1.52, 0.22, 0.69, 2.36, 2.39, 0.55, 1.47, 0.23, 0.97, 0.62, 0.31, 0.7, 2.48, 0.58, 1.47, 0.25, 0.98, 0.3, 0.67, 0.7, 0.72, 2.59, 0.8, 0.47, 0.58, 0.73, 0.94, 0.73, 1.27, 0.67, 0.39, 0.42, 0.56, 0.77, 0.75, 1.19, 0.89, 0.7, 0.64, 0.77, 1.03, 1.23, 0.92, 0.67, 0.78, 0.59, 1.06, 1.44, 0.78, 0.64, 0.98, 0.83, 1.09, 1.0, 0.66, 0.81, 0.11, 0.12, 0.72, 0.11, 0.12, 1.09, 0.08, 0.16, 0.11, 0.16, 0.14, 0.11, 0.2, 0.12, 1.09, 1.23, 0.84, 0.47, 0.86, 1.34, 0.2, 1.06, 0.91, 1.39, 0.34, 1.14, 0.95, 0.31, 0.73, 0.48, 1.59, 1.22, 0.69, 0.39, 0.98, 0.78, 0.62, 0.97, 1.28, 0.56, 0.81, 0.75, 1.34, 1.03, 0.69, 0.8, 0.8, 0.64, 1.39, 0.55, 1.02, 1.12, 0.72, 0.86, 1.06, 1.19, 0.8, 0.89, 0.52, 0.88, 1.19, 1.08, 1.22, 0.89, 0.92, 1.23, 1.06, 1.25, 2.2, 0.89, 0.12, 1.27, 1.11, 1.09, 0.14, 0.84, 2.3, 0.41, 1.12, 0.91, 1.3, 1.16, 2.36, 1.22, 0.44, 1.2, 1.33, 1.2, 0.31, 1.81, 0.66, 1.56, 0.97, 1.34, 1.34, 0.53, 0.47, 2.59, 1.59, 1.16, 1.38, 0.56, 1.36, 0.48, 1.03, 0.8, 2.0, 1.48, 1.08, 1.61, 1.61, 1.34, 0.78, 0.72, 0.78, 1.06, 1.97, 1.84, 1.59, 1.73, 0.56, 1.73, 1.48, 1.39, 0.88, 1.09, 2.33, 2.34, 1.75, 1.69, 2.5, 0.58, 0.56, 3.91, 1.41, 1.78, 2.22, 0.75, 0.7, 2.23, 0.66, 1.8, 1.84, 1.8, 1.42, 1.59, 2.73, 0.88, 0.78, 1.08, 1.83, 1.88, 1.84, 0.91, 2.36, 2.3, 1.91, 2.47, 1.44, 1.84, 0.81, 0.19, 0.14, 0.91, 0.16, 0.11, 1.11, 0.17, 0.11, 0.16, 0.16, 0.16, 0.16, 0.22, 0.17, 0.16, 0.25, 2.38, 1.89, 2.33, 2.02, 2.41, 1.83, 1.89, 0.84, 0.72, 1.02, 0.2, 0.94, 1.12, 0.89, 0.2, 2.53, 2.06, 0.88, 1.89, 1.92, 1.28, 0.97, 1.14, 1.16, 0.34, 0.95, 2.56, 4.36, 1.06, 1.19, 1.97, 1.22, 0.5, 0.39, 1.02, 4.42, 1.31, 1.19, 1.22, 2.64, 0.56, 1.98, 1.38, 4.42]

ILAO*:
Tiempo requerido: 2.835
Nodos expandidos: 586

RLAO*:
Tiempo requerido: 2.438
Nodos expandidos: 2442

BLAO*:
Tiempo requerido: 1.495
Nodos expandidos: 1887

VI:
Tiempo requerido: 3.347
Numero de iteraciones: 91
-------------------------------------------------------
Problema 4
-------------------------------------------------------
LAO*:
Tiempo requerido: 22.339
Nodos expandidos: 348
Porcentajes del conjunto Z: [0.02, 0.03, 0.03, 0.05, 0.05, 0.06, 0.09, 0.11, 0.12, 0.12, 0.14, 0.17, 0.03, 0.05, 0.05, 0.03, 0.06, 0.09, 0.12, 0.12, 0.16, 0.17, 0.2, 0.22, 0.06, 0.06, 0.11, 0.12, 0.14, 0.14, 0.14, 0.16, 0.19, 0.16, 0.34, 0.23, 0.28, 0.3, 0.31, 0.33, 0.33, 0.33, 0.34, 0.36, 0.36, 0.05, 0.05, 0.05, 0.08, 0.09, 0.38, 0.41, 0.41, 0.42, 0.11, 0.09, 0.39, 0.44, 0.45, 0.48, 0.16, 0.16, 0.41, 0.47, 0.2, 0.55, 0.27, 0.42, 0.5, 0.59, 0.2, 0.44, 0.53, 0.64, 0.36, 0.45, 0.55, 0.45, 0.69, 0.36, 0.31, 0.47, 0.61, 0.38, 0.34, 0.48, 0.5, 0.48, 0.62, 0.39, 0.39, 0.38, 0.42, 0.5, 0.66, 0.52, 0.69, 0.44, 0.73, 0.45, 0.41, 0.53, 0.5, 0.53, 0.41, 0.73, 0.47, 0.78, 0.08, 0.42, 0.08, 0.61, 0.45, 0.55, 0.83, 0.89, 0.48, 0.11, 0.16, 0.48, 0.62, 0.81, 0.12, 0.56, 0.88, 0.53, 0.5, 0.2, 0.42, 0.58, 0.84, 0.53, 0.61, 0.59, 0.14, 0.94, 0.45, 0.28, 0.66, 0.61, 0.97, 0.64, 0.17, 0.48, 0.38, 0.94, 0.61, 0.19, 0.59, 1.31, 0.52, 0.45, 0.98, 0.98, 0.67, 1.38, 0.48, 0.55, 0.66, 1.0, 0.55, 1.47, 0.52, 1.03, 1.03, 0.88, 0.45, 0.75, 0.41, 1.03, 1.28, 1.05, 0.53, 0.09, 0.06, 0.12, 0.14, 0.11, 0.77, 0.12, 0.06, 0.12, 1.03, 1.06, 1.3, 0.55, 0.11, 1.05, 1.09, 0.58, 1.86, 0.19, 1.06, 1.12, 0.61, 1.81, 0.42, 0.22, 0.2, 0.56, 1.08, 1.16, 0.64, 2.0, 0.2, 0.47, 0.58, 1.09, 1.19, 0.64, 2.08, 0.25, 0.52, 0.58, 0.61, 1.11, 0.28, 0.67, 0.73, 0.56, 0.5, 0.73, 0.7, 1.14, 0.38, 0.62, 0.84, 0.62, 1.14, 0.62, 1.14, 1.12, 0.73, 1.16, 1.17, 0.72, 0.92, 1.19, 0.73, 0.5, 0.42, 0.44, 1.22, 1.14, 0.77, 0.75, 0.75, 0.14, 0.55, 0.47, 0.12, 0.11, 1.23, 0.77, 0.78, 0.78, 1.23, 0.59, 0.48, 0.17, 0.52, 1.02, 0.8, 0.8, 0.64, 1.88, 0.25, 0.2, 0.55, 1.38, 0.69, 2.02, 0.36, 0.55, 1.25, 1.41, 0.72, 1.91, 0.45, 0.42, 0.52, 1.31, 1.44, 0.73, 2.17, 0.53, 0.56, 0.61, 1.34, 1.47, 0.33, 0.8, 0.61, 0.62, 1.38, 1.02, 0.52, 0.3, 0.83, 0.67, 1.23, 0.42, 0.52, 1.09, 1.28, 0.56, 0.08, 0.47, 0.11, 0.11, 1.19, 0.66, 1.27, 0.16, 0.16, 0.16, 0.11, 0.2, 0.17, 0.14, 0.17, 0.69, 1.12, 1.31, 1.3, 0.81, 0.84, 0.62, 0.14, 1.34, 1.31, 0.84, 0.59, 1.34, 0.89, 0.64, 0.22, 0.73, 0.17, 1.36, 1.33, 0.8, 1.31, 0.64, 0.69, 0.72, 0.89, 1.45]

ILAO*:
Tiempo requerido: 1.341
Nodos expandidos: 379

RLAO*:
Tiempo requerido: 2.648
Nodos expandidos: 2675

BLAO*:
Tiempo requerido: 1.627
Nodos expandidos: 2042

VI:
Tiempo requerido: 3.317
Numero de iteraciones: 91
-------------------------------------------------------
Problema 5
-------------------------------------------------------
LAO*:
Tiempo requerido: 19.379
Nodos expandidos: 290
Porcentajes del conjunto Z: [0.02, 0.03, 0.05, 0.06, 0.08, 0.09, 0.11, 0.03, 0.05, 0.06, 0.06, 0.09, 0.09, 0.12, 0.12, 0.17, 0.2, 0.14, 0.23, 0.16, 0.25, 0.17, 0.27, 0.19, 0.19, 0.28, 0.03, 0.03, 0.03, 0.03, 0.06, 0.39, 0.09, 0.41, 0.11, 0.11, 0.42, 0.16, 0.16, 0.44, 0.2, 0.2, 0.44, 0.45, 0.23, 0.12, 0.47, 0.16, 0.27, 0.19, 0.3, 0.22, 0.33, 0.06, 0.08, 0.11, 0.39, 0.16, 0.17, 0.41, 0.44, 0.22, 0.23, 0.45, 0.27, 0.3, 0.23, 0.34, 0.45, 0.45, 0.41, 0.48, 0.16, 0.5, 0.45, 0.5, 0.23, 0.45, 0.05, 0.06, 0.27, 0.05, 0.05, 0.27, 0.52, 0.11, 0.08, 0.09, 0.11, 0.08, 0.25, 0.33, 0.55, 0.16, 0.12, 0.39, 0.31, 0.19, 0.16, 0.56, 0.56, 0.28, 0.58, 0.22, 0.25, 0.59, 0.31, 0.25, 0.62, 0.48, 0.38, 0.64, 0.59, 0.42, 0.53, 0.66, 0.67, 0.42, 0.5, 0.7, 0.5, 0.55, 0.45, 0.5, 0.5, 0.53, 0.64, 0.42, 0.56, 0.55, 0.36, 0.41, 0.72, 0.84, 0.08, 0.59, 0.45, 0.81, 0.56, 0.62, 0.14, 0.78, 0.47, 0.94, 0.61, 0.22, 0.22, 0.66, 0.47, 0.48, 0.86, 0.78, 0.69, 0.33, 0.97, 0.83, 0.48, 0.7, 0.39, 1.06, 0.77, 0.75, 0.28, 0.72, 0.41, 0.69, 1.17, 0.34, 0.72, 0.73, 0.48, 0.7, 0.92, 0.88, 0.75, 0.55, 0.58, 0.78, 0.91, 0.91, 0.77, 0.66, 0.66, 0.81, 0.95, 0.78, 0.81, 0.09, 0.75, 0.11, 0.11, 0.19, 0.2, 0.19, 0.09, 1.0, 0.53, 1.05, 0.75, 0.83, 0.77, 0.17, 0.83, 0.17, 0.66, 0.53, 0.81, 0.83, 0.84, 0.27, 0.27, 0.58, 0.75, 0.84, 0.88, 0.69, 0.7, 0.39, 0.38, 0.86, 0.81, 0.91, 0.91, 0.89, 0.73, 0.48, 0.48, 0.88, 0.84, 0.84, 0.95, 0.77, 0.89, 0.31, 0.95, 0.98, 0.78, 0.91, 1.23, 0.53, 0.55, 0.91, 1.0, 0.97, 0.83, 0.94, 1.34, 0.61, 0.61, 0.92, 1.03, 0.75, 1.12, 0.86, 0.72, 0.78, 1.19, 1.06, 1.06, 0.98, 0.8, 0.77, 0.78, 0.94, 1.09, 0.8, 0.86, 1.47, 0.52, 0.84, 0.84, 0.12, 0.95, 1.12, 0.7, 1.23, 0.53, 0.83, 0.17, 0.92, 0.17, 0.84, 0.59, 1.36, 0.97, 1.16, 0.86, 0.75, 0.97, 1.19]

ILAO*:
Tiempo requerido: 0.778
Nodos expandidos: 330

RLAO*:
Tiempo requerido: 1.988
Nodos expandidos: 2312

BLAO*:
Tiempo requerido: 1.519
Nodos expandidos: 1795

VI:
Tiempo requerido: 3.3
Numero de iteraciones: 91
-------------------------------------------------------
Problema 6
-------------------------------------------------------
LAO*:
Tiempo requerido: 23.766
Nodos expandidos: 313
Porcentajes del conjunto Z: [0.02, 0.03, 0.05, 0.06, 0.03, 0.03, 0.06, 0.06, 0.09, 0.09, 0.12, 0.12, 0.14, 0.14, 0.16, 0.16, 0.16, 0.27, 0.2, 0.22, 0.23, 0.23, 0.25, 0.27, 0.03, 0.03, 0.03, 0.05, 0.28, 0.09, 0.09, 0.3, 0.3, 0.12, 0.14, 0.31, 0.33, 0.17, 0.19, 0.36, 0.22, 0.16, 0.27, 0.31, 0.3, 0.23, 0.27, 0.28, 0.3, 0.31, 0.31, 0.06, 0.06, 0.34, 0.34, 0.12, 0.39, 0.38, 0.16, 0.44, 0.41, 0.2, 0.2, 0.47, 0.42, 0.25, 0.48, 0.25, 0.44, 0.2, 0.5, 0.36, 0.5, 0.31, 0.45, 0.25, 0.52, 0.48, 0.7, 0.33, 0.3, 0.53, 0.5, 0.75, 0.33, 0.34, 0.55, 0.52, 0.8, 0.34, 0.39, 0.05, 0.61, 0.05, 0.05, 0.06, 0.06, 0.45, 0.36, 0.5, 0.58, 0.44, 0.12, 0.55, 0.89, 0.39, 0.48, 0.14, 0.73, 0.61, 0.56, 0.95, 0.11, 0.48, 0.39, 0.16, 0.81, 0.58, 0.66, 0.62, 0.47, 0.86, 0.17, 0.27, 0.44, 0.47, 0.48, 0.59, 0.7, 1.11, 0.47, 0.28, 0.38, 0.72, 0.86, 0.58, 0.2, 0.77, 0.5, 0.45, 0.89, 0.53, 0.8, 0.23, 0.78, 0.47, 0.91, 0.91, 1.06, 0.38, 0.81, 0.94, 0.55, 1.11, 0.31, 0.44, 0.52, 0.83, 0.95, 0.55, 0.91, 0.33, 0.44, 0.59, 0.86, 0.09, 0.08, 0.08, 0.59, 0.98, 0.39, 0.44, 0.67, 0.88, 0.14, 1.12, 0.47, 0.47, 0.69, 0.72, 0.19, 0.19, 1.0, 1.09, 0.81, 0.8, 1.02, 0.89, 0.42, 0.44, 0.59, 0.33, 1.03, 1.44, 0.58, 0.89, 0.42, 1.05, 0.2, 0.88, 1.52, 0.58, 0.91, 0.45, 0.91, 0.44, 1.53, 0.67, 0.83, 0.52, 0.66, 0.95, 1.55, 0.64, 0.98, 0.53, 1.06, 0.56, 0.55, 0.86, 0.67, 0.89, 1.14, 0.66, 0.08, 0.09, 0.08, 0.06, 0.08, 0.12, 0.12, 0.11, 0.72, 0.73, 0.89, 1.2, 0.7, 0.14, 1.0, 1.11, 1.27, 0.72, 0.16, 0.7, 1.12, 1.09, 0.19, 1.33, 0.77, 0.8, 0.27, 1.06, 0.8, 1.48, 0.22, 0.86, 0.77, 1.53, 0.42, 0.41, 0.77, 1.64, 0.67, 0.44, 0.41, 1.58, 1.06, 0.64, 0.81, 1.55, 0.72, 1.61, 0.69, 0.66, 1.75, 0.83, 0.62, 1.64, 0.52, 0.73, 0.84, 1.52, 0.84, 0.67, 0.59, 0.58, 1.61, 1.67, 0.89, 1.61, 1.67, 0.12, 0.66, 0.91, 0.14, 0.14, 0.11, 1.52, 0.97, 0.66, 1.61, 1.67, 0.2, 1.62, 0.67, 0.78, 1.77, 1.7, 1.12, 0.28, 0.77, 0.78, 1.81]

ILAO*:
Tiempo requerido: 0.461
Nodos expandidos: 349

RLAO*:
Tiempo requerido: 1.797
Nodos expandidos: 2220

BLAO*:
Tiempo requerido: 1.521
Nodos expandidos: 1750

VI:
Tiempo requerido: 3.284
Numero de iteraciones: 90
-------------------------------------------------------
Problema 7
-------------------------------------------------------
LAO*:
Tiempo requerido: 20.966
Nodos expandidos: 302
Porcentajes del conjunto Z: [0.02, 0.03, 0.03, 0.03, 0.06, 0.08, 0.09, 0.09, 0.11, 0.12, 0.16, 0.17, 0.19, 0.2, 0.03, 0.03, 0.03, 0.03, 0.06, 0.09, 0.09, 0.09, 0.12, 0.16, 0.14, 0.19, 0.19, 0.22, 0.2, 0.23, 0.22, 0.22, 0.25, 0.28, 0.23, 0.23, 0.3, 0.23, 0.06, 0.06, 0.41, 0.09, 0.25, 0.12, 0.44, 0.14, 0.27, 0.27, 0.38, 0.16, 0.28, 0.3, 0.19, 0.17, 0.41, 0.3, 0.33, 0.23, 0.58, 0.19, 0.36, 0.62, 0.19, 0.38, 0.2, 0.64, 0.25, 0.41, 0.23, 0.3, 0.42, 0.33, 0.05, 0.06, 0.08, 0.42, 0.05, 0.42, 0.08, 0.11, 0.08, 0.45, 0.47, 0.11, 0.38, 0.27, 0.47, 0.5, 0.3, 0.16, 0.16, 0.39, 0.48, 0.45, 0.33, 0.22, 0.41, 0.5, 0.5, 0.66, 0.36, 0.27, 0.42, 0.52, 0.53, 0.64, 0.39, 0.14, 0.27, 0.44, 0.55, 0.81, 0.16, 0.41, 0.31, 0.45, 0.56, 0.56, 0.89, 0.34, 0.34, 0.38, 0.42, 0.5, 0.69, 0.58, 0.59, 0.44, 0.55, 0.38, 0.59, 0.62, 0.89, 0.25, 0.45, 0.61, 0.69, 1.09, 0.09, 0.09, 0.39, 0.7, 1.14, 0.19, 0.16, 0.52, 0.42, 0.28, 1.19, 0.22, 0.22, 0.55, 0.45, 0.33, 1.22, 0.31, 0.28, 0.58, 0.48, 0.38, 1.28, 0.33, 0.62, 0.52, 0.42, 0.66, 0.34, 0.55, 0.45, 0.61, 0.69, 0.38, 0.19, 0.58, 0.66, 0.72, 0.41, 0.45, 0.59, 0.75, 0.42, 0.97, 0.31, 0.5, 0.62, 0.75, 0.45, 0.47, 0.11, 0.08, 0.08, 0.06, 0.14, 0.09, 0.06, 0.64, 0.12, 0.17, 0.09, 0.09, 0.7, 0.86, 0.52, 0.72, 0.8, 0.2, 0.53, 0.16, 0.69, 0.75, 0.8, 0.55, 0.55, 0.28, 0.59, 0.27, 0.7, 0.83, 0.83, 0.61, 0.66, 0.59, 1.23, 0.33, 0.38, 0.72, 0.84, 0.86, 0.94, 0.86, 0.59, 0.44, 0.44, 1.09, 1.17, 1.09, 1.09, 0.61, 0.92, 0.39, 1.08, 0.55, 1.19, 1.12, 1.11, 0.97, 0.66, 0.44, 1.25, 0.47, 0.59, 1.2, 1.2, 1.16, 1.11, 0.66, 0.73, 0.48, 1.23, 0.64, 1.19, 1.16, 0.53, 0.64, 1.33, 0.92, 0.55, 1.25, 1.12, 0.97, 0.88, 0.69, 1.59, 0.58, 1.45, 1.16, 1.16, 1.02, 0.5, 0.12, 1.42, 0.12, 0.59, 1.19, 1.05, 2.05, 0.56, 0.23, 0.72, 0.56, 0.22, 1.16, 1.2, 0.89, 2.08, 0.53, 0.28, 1.19, 0.53, 1.0, 0.39, 1.22]

ILAO*:
Tiempo requerido: 1.286
Nodos expandidos: 367

RLAO*:
Tiempo requerido: 1.827
Nodos expandidos: 2294

BLAO*:
Tiempo requerido: 1.296
Nodos expandidos: 1650

VI:
Tiempo requerido: 3.308
Numero de iteraciones: 91
-------------------------------------------------------
Problema 8
-------------------------------------------------------
LAO*:
Tiempo requerido: 21.501
Nodos expandidos: 305
Porcentajes del conjunto Z: [0.02, 0.03, 0.03, 0.03, 0.06, 0.08, 0.09, 0.11, 0.11, 0.12, 0.14, 0.16, 0.17, 0.19, 0.03, 0.05, 0.03, 0.2, 0.08, 0.08, 0.22, 0.09, 0.11, 0.23, 0.11, 0.14, 0.25, 0.14, 0.12, 0.19, 0.28, 0.14, 0.27, 0.3, 0.31, 0.16, 0.31, 0.34, 0.33, 0.38, 0.19, 0.34, 0.2, 0.36, 0.05, 0.22, 0.05, 0.22, 0.22, 0.38, 0.28, 0.23, 0.08, 0.08, 0.3, 0.42, 0.31, 0.17, 0.12, 0.44, 0.3, 0.14, 0.34, 0.16, 0.44, 0.31, 0.39, 0.19, 0.45, 0.39, 0.22, 0.14, 0.47, 0.34, 0.23, 0.33, 0.19, 0.48, 0.44, 0.16, 0.36, 0.44, 0.22, 0.5, 0.44, 0.27, 0.38, 0.41, 0.28, 0.41, 0.2, 0.05, 0.05, 0.42, 0.06, 0.05, 0.06, 0.09, 0.09, 0.33, 0.44, 0.48, 0.48, 0.58, 0.52, 0.5, 0.3, 0.17, 0.16, 0.61, 0.42, 0.55, 0.23, 0.2, 0.61, 0.47, 0.22, 0.58, 0.28, 0.67, 0.61, 0.3, 0.34, 0.44, 0.7, 0.47, 0.39, 0.73, 0.52, 0.22, 0.64, 0.48, 0.42, 0.28, 0.61, 0.52, 0.31, 0.59, 0.61, 0.33, 0.62, 0.31, 0.62, 0.58, 0.72, 0.09, 0.06, 0.64, 0.42, 0.64, 0.64, 0.69, 0.77, 0.17, 0.11, 0.3, 0.39, 0.66, 0.7, 0.66, 0.73, 0.81, 0.25, 0.19, 0.67, 0.75, 0.67, 0.78, 0.48, 0.86, 0.33, 0.8, 0.69, 0.52, 0.42, 0.39, 0.52, 0.84, 0.64, 0.7, 0.34, 0.47, 0.36, 0.67, 0.69, 0.64, 1.03, 0.53, 0.42, 0.8, 0.48, 0.58, 0.66, 0.64, 0.61, 1.16, 0.67, 0.86, 0.62, 0.53, 0.64, 0.06, 1.23, 0.08, 0.08, 0.08, 0.11, 0.08, 0.09, 0.12, 0.09, 0.11, 0.09, 0.47, 0.11, 0.61, 1.34, 0.16, 0.12, 0.66, 0.69, 0.23, 0.33, 0.27, 0.92, 0.73, 0.61, 0.31, 0.34, 0.77, 0.83, 0.62, 0.34, 0.72, 0.78, 0.41, 0.36, 0.58, 0.8, 0.72, 0.77, 0.39, 0.83, 0.62, 0.48, 0.8, 0.72, 0.44, 1.08, 0.56, 0.81, 0.81, 0.91, 0.56, 0.72, 0.55, 1.12, 0.83, 0.7, 0.83, 0.86, 0.5, 1.14, 0.88, 1.22, 0.64, 0.84, 0.34, 0.45, 0.89, 0.89, 0.62, 0.89, 1.27, 0.12, 0.47, 0.72, 0.08, 0.36, 0.7, 0.77, 1.03, 0.19, 0.47, 0.91, 0.8, 0.16, 0.45, 0.45, 0.7, 0.67, 1.05, 0.78, 0.92, 0.92, 0.27, 0.52, 0.86, 0.62, 0.27, 0.98, 0.91, 1.22, 0.81, 0.95]

ILAO*:
Tiempo requerido: 0.71
Nodos expandidos: 376

RLAO*:
Tiempo requerido: 2.647
Nodos expandidos: 2616

BLAO*:
Tiempo requerido: 1.296
Nodos expandidos: 1568

VI:
Tiempo requerido: 3.283
Numero de iteraciones: 90
-------------------------------------------------------
Problema 9
-------------------------------------------------------
LAO*:
Tiempo requerido: 27.08
Nodos expandidos: 357
Porcentajes del conjunto Z: [0.02, 0.03, 0.05, 0.06, 0.08, 0.09, 0.03, 0.03, 0.06, 0.06, 0.09, 0.12, 0.16, 0.09, 0.19, 0.12, 0.2, 0.14, 0.22, 0.19, 0.16, 0.3, 0.17, 0.34, 0.03, 0.05, 0.05, 0.03, 0.36, 0.08, 0.38, 0.12, 0.12, 0.39, 0.16, 0.17, 0.41, 0.17, 0.19, 0.42, 0.25, 0.23, 0.44, 0.3, 0.27, 0.3, 0.23, 0.19, 0.25, 0.36, 0.2, 0.28, 0.06, 0.47, 0.12, 0.08, 0.45, 0.5, 0.19, 0.12, 0.52, 0.25, 0.17, 0.55, 0.23, 0.17, 0.53, 0.55, 0.34, 0.3, 0.55, 0.58, 0.42, 0.34, 0.56, 0.59, 0.45, 0.39, 0.56, 0.56, 0.61, 0.42, 0.61, 0.45, 0.05, 0.06, 0.08, 0.06, 0.05, 0.05, 0.06, 0.11, 0.61, 0.5, 0.62, 0.55, 0.2, 0.14, 0.56, 0.28, 0.2, 0.48, 0.23, 0.45, 0.83, 0.27, 0.36, 0.59, 0.89, 0.38, 0.34, 0.56, 0.61, 0.95, 0.5, 0.62, 1.02, 0.39, 0.55, 0.78, 0.61, 0.61, 0.58, 0.8, 0.64, 0.45, 0.42, 0.58, 0.8, 0.8, 0.06, 0.5, 0.55, 0.5, 0.81, 0.83, 0.61, 0.08, 0.55, 0.14, 0.39, 0.53, 0.78, 1.23, 0.78, 0.11, 0.73, 0.59, 0.23, 0.73, 0.61, 1.31, 1.38, 0.14, 0.75, 0.64, 0.64, 0.33, 0.95, 0.91, 1.34, 1.44, 0.69, 0.31, 0.31, 0.8, 0.92, 1.25, 0.78, 0.7, 0.38, 0.81, 0.52, 0.94, 1.3, 1.28, 1.03, 0.78, 0.42, 0.84, 1.5, 1.25, 0.62, 0.58, 1.5, 1.28, 1.3, 0.78, 0.62, 1.55, 1.56, 1.19, 0.81, 0.48, 0.11, 0.66, 0.08, 0.06, 0.12, 0.06, 0.16, 0.12, 0.11, 0.09, 0.06, 0.12, 1.61, 0.69, 0.55, 0.86, 0.12, 0.11, 1.25, 0.59, 1.08, 0.89, 0.78, 0.27, 0.28, 1.66, 0.64, 0.92, 0.39, 0.36, 1.67, 0.67, 0.72, 0.94, 0.45, 1.28, 0.69, 0.78, 1.03, 0.55, 0.48, 0.83, 0.72, 0.47, 1.7, 0.62, 0.98, 0.92, 1.7, 0.7, 0.78, 0.55, 1.19, 0.77, 1.7, 0.72, 0.8, 0.64, 1.33, 0.83, 1.7, 0.81, 0.69, 0.94, 1.5, 0.52, 1.7, 0.08, 1.09, 0.09, 1.5, 0.77, 1.44, 1.03, 1.67, 0.75, 0.62, 0.22, 1.7, 1.7, 0.89, 0.17, 0.92, 0.97, 0.95, 0.34, 0.42, 1.36, 1.34, 0.73, 1.03, 1.0, 0.53, 1.75, 1.75, 0.31, 1.02, 1.08, 0.66, 1.78, 1.8, 0.36, 0.95, 1.12, 0.59, 1.03, 1.55, 1.02, 0.92, 0.48, 1.09, 1.16, 1.05, 1.52, 0.88, 0.77, 0.84, 0.52, 1.03, 1.2, 1.06, 1.16, 0.7, 2.02, 1.16, 1.23, 0.08, 0.14, 0.14, 0.5, 1.16, 0.09, 0.16, 0.14, 0.19, 0.11, 0.22, 0.14, 0.11, 0.16, 0.12, 1.88, 1.06, 0.77, 1.12, 0.19, 1.14, 1.66, 1.95, 0.8, 1.89, 0.33, 0.91, 0.86, 1.22, 1.8, 1.91, 1.91, 0.44, 0.97, 1.02, 1.23, 1.88]

ILAO*:
Tiempo requerido: 1.153
Nodos expandidos: 389

RLAO*:
Tiempo requerido: 2.219
Nodos expandidos: 2378

BLAO*:
Tiempo requerido: 2.026
Nodos expandidos: 2054

VI:
Tiempo requerido: 3.303
Numero de iteraciones: 91
-------------------------------------------------------
Problema 10
-------------------------------------------------------
LAO*:
Tiempo requerido: 28.31
Nodos expandidos: 378
Porcentajes del conjunto Z: [0.02, 0.03, 0.05, 0.06, 0.08, 0.09, 0.11, 0.03, 0.06, 0.05, 0.09, 0.08, 0.12, 0.11, 0.16, 0.14, 0.19, 0.19, 0.2, 0.03, 0.05, 0.03, 0.08, 0.11, 0.08, 0.17, 0.19, 0.14, 0.25, 0.19, 0.28, 0.23, 0.31, 0.27, 0.34, 0.28, 0.36, 0.3, 0.3, 0.28, 0.31, 0.33, 0.33, 0.33, 0.06, 0.11, 0.64, 0.11, 0.34, 0.34, 0.36, 0.36, 0.38, 0.17, 0.38, 0.75, 0.25, 0.39, 0.39, 0.23, 0.22, 0.41, 0.42, 0.42, 0.3, 0.28, 0.42, 0.45, 0.47, 0.31, 0.31, 0.44, 0.48, 0.31, 0.34, 0.52, 0.52, 0.38, 0.05, 0.05, 0.42, 0.06, 0.09, 0.05, 0.45, 0.48, 0.55, 0.55, 0.41, 0.58, 0.14, 0.11, 0.47, 0.52, 0.56, 0.2, 0.16, 0.53, 0.64, 0.58, 0.58, 0.28, 0.25, 0.55, 0.66, 0.59, 0.39, 0.61, 0.67, 0.61, 0.42, 0.38, 0.64, 1.09, 0.45, 0.31, 0.42, 0.48, 1.17, 0.36, 0.45, 0.91, 0.52, 0.41, 0.48, 1.28, 0.06, 0.44, 0.52, 1.33, 0.16, 0.34, 0.44, 0.53, 0.08, 0.09, 0.09, 1.27, 0.48, 0.22, 0.53, 0.55, 0.53, 0.16, 0.55, 0.56, 0.25, 0.61, 0.67, 0.5, 0.53, 0.62, 0.64, 0.5, 0.67, 0.66, 0.58, 0.27, 0.33, 0.69, 0.75, 0.59, 0.34, 0.41, 0.66, 0.78, 0.66, 0.69, 0.61, 0.41, 1.45, 0.81, 0.62, 0.38, 1.2, 0.06, 0.08, 0.56, 0.06, 0.08, 0.09, 0.06, 0.14, 0.64, 0.33, 1.69, 0.58, 0.81, 0.55, 0.53, 0.14, 0.61, 0.59, 1.02, 0.77, 0.59, 0.28, 0.25, 0.5, 0.61, 1.59, 0.3, 0.61, 0.64, 0.78, 0.59, 1.64, 0.61, 0.84, 0.61, 1.64, 0.64, 0.66, 0.89, 0.62, 0.33, 0.25, 1.16, 0.59, 0.91, 0.7, 0.64, 0.47, 0.38, 1.19, 0.64, 0.94, 0.66, 0.45, 0.67, 0.97, 0.48, 0.69, 0.5, 0.69, 0.75, 0.69, 0.7, 1.03, 0.77, 0.09, 0.53, 0.34, 0.78, 0.7, 0.48, 1.09, 0.73, 1.11, 0.56, 0.11, 0.19, 0.14, 0.14, 0.86, 0.81, 0.72, 0.77, 1.16, 0.8, 0.8, 0.59, 0.61, 0.28, 0.89, 0.89, 0.73, 0.8, 1.23, 0.77, 0.47, 1.5, 0.62, 0.83, 0.31, 0.39, 0.67, 0.52, 1.06, 1.0, 0.91, 0.83, 0.83, 0.88, 0.3, 0.33, 0.73, 0.56, 1.28, 1.34, 1.39, 0.8, 0.33, 0.83, 0.84, 0.77, 0.36, 0.5, 0.62, 1.02, 1.39, 1.45, 0.84, 0.86, 0.7, 0.66, 1.42, 1.8, 0.88, 0.64, 0.88, 0.69, 0.64, 0.47, 0.72, 0.88, 1.03, 0.98, 0.91, 1.45, 0.91, 0.42, 0.78, 0.89, 0.55, 1.5, 1.27, 1.52, 0.08, 0.78, 0.8, 0.91, 0.08, 0.08, 0.84, 0.09, 0.11, 0.92, 0.08, 0.17, 0.69, 0.09, 0.16, 0.08, 0.11, 0.2, 1.53, 1.56, 1.73, 0.86, 2.16, 0.39, 0.11, 0.88, 0.94, 0.72, 1.89, 1.91, 1.56, 1.61, 0.48, 0.89, 0.97, 0.25, 0.95, 0.75, 0.59, 2.05, 1.67, 0.91, 1.05, 0.78, 0.64, 0.44, 1.34, 0.78, 1.81, 1.84]

ILAO*:
Tiempo requerido: 1.423
Nodos expandidos: 417

RLAO*:
Tiempo requerido: 2.248
Nodos expandidos: 2538

BLAO*:
Tiempo requerido: 1.92
Nodos expandidos: 2205

VI:
Tiempo requerido: 3.348
Numero de iteraciones: 90
-------------------------------------------------------
