Problema 1
-------------------------------------------------------
LAO*:
Tiempo requerido: 8.421
Nodos expandidos: 246
Porcentajes del conjunto Z: [0.03, 0.06, 0.08, 0.11, 0.14, 0.06, 0.06, 0.11, 0.11, 0.19, 0.25, 0.17, 0.31, 0.22, 0.33, 0.36, 0.39, 0.06, 0.06, 0.06, 0.08, 0.19, 0.17, 0.25, 0.14, 0.33, 0.22, 0.42, 0.28, 0.36, 0.42, 0.44, 0.47, 0.11, 0.11, 0.22, 0.22, 0.25, 0.33, 0.39, 0.44, 0.5, 0.56, 0.56, 0.39, 0.58, 0.89, 0.44, 0.44, 0.56, 0.61, 0.11, 0.08, 0.08, 0.17, 0.67, 0.19, 0.22, 0.67, 0.69, 0.69, 0.72, 0.39, 0.31, 0.78, 0.78, 0.44, 0.83, 0.83, 0.86, 0.64, 0.89, 0.89, 0.75, 0.92, 0.94, 0.83, 0.72, 0.94, 1.0, 0.89, 0.75, 0.97, 1.08, 0.64, 0.94, 0.75, 0.78, 0.78, 0.81, 0.81, 0.17, 0.14, 0.5, 1.08, 0.81, 0.86, 1.31, 0.31, 0.83, 0.83, 0.92, 0.86, 0.94, 1.47, 0.47, 0.39, 0.97, 0.86, 0.97, 1.0, 1.69, 0.58, 1.17, 0.89, 1.22, 0.89, 1.06, 1.17, 1.06, 1.25, 0.58, 1.67, 0.61, 1.08, 1.31, 1.22, 1.36, 1.75, 0.69, 1.25, 1.0, 1.39, 1.83, 0.78, 0.83, 1.14, 1.14, 1.39, 1.81, 2.06, 0.86, 1.17, 1.69, 1.92, 0.97, 0.14, 0.17, 0.14, 0.89, 0.11, 0.28, 1.19, 1.75, 1.67, 2.19, 0.22, 0.25, 1.03, 1.22, 1.81, 1.83, 1.81, 2.11, 0.44, 1.08, 1.19, 1.81, 0.39, 1.86, 1.86, 0.92, 2.31, 2.25, 0.53, 1.14, 1.08, 1.86, 1.97, 2.0, 2.31, 1.06, 1.19, 0.64, 1.92, 1.94, 3.97, 2.33, 0.67, 1.22, 0.67, 2.0, 2.14, 4.06, 1.08, 0.86, 1.25, 2.17, 0.83, 2.03, 2.28, 1.28, 2.39, 1.14, 1.08, 0.94, 2.0, 2.25, 2.17, 1.28, 2.64, 0.58, 1.19, 1.06, 0.72, 2.19, 2.08, 2.47, 1.08, 0.78, 0.14, 1.89, 1.11, 2.06, 2.33, 2.56, 0.17, 1.19, 2.14, 0.17, 0.19, 0.19, 0.81, 2.83, 1.94, 0.25, 2.44, 0.42, 2.94, 0.97, 4.67, 1.08, 0.53, 1.28, 1.28, 4.53]

ILAO*:
Tiempo requerido: 0.402
Nodos expandidos: 261

RLAO*:
Tiempo requerido: 1.067
Nodos expandidos: 1536

BLAO*:
Tiempo requerido: 0.78
Nodos expandidos: 1216

VI:
Tiempo requerido: 1.742
Numero de iteraciones: 91
-------------------------------------------------------
Problema 2
-------------------------------------------------------
LAO*:
Tiempo requerido: 11.927
Nodos expandidos: 336
Porcentajes del conjunto Z: [0.03, 0.06, 0.08, 0.11, 0.06, 0.08, 0.11, 0.17, 0.19, 0.22, 0.25, 0.28, 0.28, 0.31, 0.33, 0.08, 0.11, 0.11, 0.19, 0.25, 0.17, 0.22, 0.22, 0.31, 0.36, 0.33, 0.42, 0.33, 0.44, 0.36, 0.47, 0.47, 0.08, 0.39, 0.11, 0.61, 0.53, 0.19, 0.33, 0.42, 0.33, 0.33, 0.44, 0.47, 0.39, 0.58, 0.11, 0.44, 0.11, 0.19, 0.17, 0.44, 0.17, 0.64, 0.31, 0.44, 0.19, 0.22, 0.42, 0.31, 0.44, 0.44, 0.53, 0.44, 0.53, 0.58, 0.83, 0.61, 0.64, 1.0, 0.75, 1.0, 0.86, 0.97, 0.11, 0.17, 1.11, 0.14, 0.14, 0.14, 1.08, 1.06, 0.31, 1.17, 1.17, 1.19, 0.5, 1.19, 1.22, 1.25, 0.64, 1.28, 1.22, 1.25, 1.28, 0.42, 0.69, 1.25, 1.44, 1.33, 0.5, 0.78, 0.67, 1.33, 1.39, 1.39, 1.36, 1.36, 1.44, 1.47, 1.39, 0.75, 0.89, 1.5, 1.69, 1.56, 0.92, 1.42, 0.97, 1.56, 1.86, 1.44, 0.14, 0.22, 1.14, 0.14, 0.22, 0.22, 1.89, 1.58, 0.25, 0.22, 1.92, 1.61, 0.31, 1.11, 2.0, 1.61, 0.47, 0.25, 0.25, 1.17, 2.08, 0.44, 0.36, 1.22, 2.06, 0.5, 1.25, 1.33, 2.14, 1.28, 1.42, 0.97, 2.11, 1.5, 1.56, 0.81, 1.08, 2.25, 1.72, 0.97, 1.28, 1.06, 2.28, 1.69, 1.33, 1.47, 1.94, 1.28, 1.5, 0.22, 0.17, 0.17, 0.22, 0.17, 0.14, 0.22, 0.28, 0.25, 2.14, 1.11, 0.25, 2.22, 1.17, 1.69, 0.28, 0.39, 0.58, 2.31, 1.25, 1.75, 0.78, 2.36, 1.78, 0.89, 2.14, 1.28, 1.81, 0.56, 0.94, 1.44, 2.33, 1.36, 1.83, 0.78, 1.56, 2.39, 2.33, 0.56, 0.86, 1.42, 1.69, 1.94, 2.39, 1.44, 1.94, 2.39, 1.58, 1.06, 2.11, 0.19, 0.19, 1.58, 0.31, 0.14, 0.36, 0.25, 0.19, 2.25, 1.31, 1.56, 0.28, 1.33, 1.69, 0.39, 2.44, 0.5, 1.78, 1.36, 1.36, 1.81, 0.44, 2.56, 1.47, 0.94, 1.72, 0.5, 1.5, 1.53, 1.56, 1.53, 2.67, 0.81, 1.42, 1.94, 2.75, 0.53, 1.58, 1.19, 1.64, 1.67, 2.03, 2.86, 0.58, 1.03, 1.56, 1.64, 1.72, 1.78, 1.33, 2.11, 2.94, 1.69, 1.89, 1.39, 1.25, 1.42, 0.69, 1.67, 0.72, 1.75, 2.17, 3.5, 0.89, 1.75, 0.72, 2.03, 2.11, 2.5, 0.89, 1.67, 2.22, 0.69, 2.53, 2.22, 1.83, 2.03, 3.94, 0.22, 0.25, 0.39, 0.39, 0.28, 0.19, 0.17, 0.39, 0.31, 1.14, 2.33, 2.58, 2.53, 0.33, 1.86, 1.89, 2.22, 4.33, 0.42, 2.22, 2.28, 2.64, 1.36, 1.89, 1.94, 2.36, 1.53, 2.36, 0.78, 2.44, 1.64, 2.64, 2.72, 1.58, 2.42, 1.0, 3.31]

ILAO*:
Tiempo requerido: 0.832
Nodos expandidos: 397

RLAO*:
Tiempo requerido: 1.056
Nodos expandidos: 1479

BLAO*:
Tiempo requerido: 0.891
Nodos expandidos: 1267

VI:
Tiempo requerido: 1.478
Numero de iteraciones: 75
-------------------------------------------------------
Problema 3
-------------------------------------------------------
LAO*:
Tiempo requerido: 7.834
Nodos expandidos: 208
Porcentajes del conjunto Z: [0.03, 0.06, 0.08, 0.11, 0.14, 0.17, 0.19, 0.22, 0.25, 0.06, 0.06, 0.11, 0.11, 0.17, 0.17, 0.22, 0.28, 0.17, 0.33, 0.22, 0.39, 0.28, 0.44, 0.36, 0.39, 0.42, 0.06, 0.08, 0.06, 0.44, 0.11, 0.17, 0.47, 0.19, 0.19, 0.47, 0.28, 0.33, 0.36, 0.39, 0.44, 0.47, 0.53, 0.56, 0.61, 0.64, 0.67, 0.72, 0.72, 0.78, 0.78, 0.61, 0.94, 0.11, 0.11, 0.61, 0.81, 1.03, 0.19, 0.22, 0.83, 0.28, 1.14, 0.33, 0.86, 1.19, 0.42, 0.44, 0.89, 1.25, 0.53, 0.56, 0.92, 0.64, 0.67, 0.94, 0.94, 0.78, 0.97, 1.0, 0.89, 1.06, 0.53, 0.97, 1.08, 0.83, 1.03, 0.11, 0.08, 0.14, 0.14, 0.11, 1.11, 0.28, 1.11, 0.94, 0.36, 1.17, 0.97, 0.39, 0.5, 0.86, 1.19, 1.0, 0.64, 0.64, 1.22, 1.0, 1.03, 0.64, 0.92, 1.25, 1.89, 0.94, 0.78, 0.83, 1.28, 2.0, 0.83, 0.97, 1.03, 0.94, 1.14, 2.0, 1.0, 1.11, 1.06, 1.11, 1.56, 1.17, 1.31, 1.17, 1.36, 1.25, 1.22, 1.19, 1.08, 1.39, 1.14, 1.25, 1.25, 1.47, 1.19, 1.28, 0.86, 0.36, 0.39, 1.58, 1.31, 0.44, 0.94, 1.67, 1.33, 0.64, 0.56, 1.0, 1.78, 1.06, 0.83, 0.81, 1.83, 1.11, 0.72, 0.83, 0.97, 1.83, 0.53, 1.17, 1.33, 1.03, 2.0, 1.39, 1.19, 1.19, 1.03, 1.89, 2.19, 1.14, 0.11, 0.14, 0.14, 1.22, 0.17, 0.17, 0.22, 0.19, 1.47, 1.11, 0.17, 1.92, 0.72, 1.5, 0.22, 1.0, 0.19, 0.25, 1.25, 2.14, 0.75, 1.47, 1.5, 0.42, 0.36, 1.69, 1.0, 1.53, 0.5, 1.78]

ILAO*:
Tiempo requerido: 0.306
Nodos expandidos: 247

RLAO*:
Tiempo requerido: 1.013
Nodos expandidos: 1412

BLAO*:
Tiempo requerido: 0.556
Nodos expandidos: 935

VI:
Tiempo requerido: 1.42
Numero de iteraciones: 74
-------------------------------------------------------
Problema 4
-------------------------------------------------------
LAO*:
Tiempo requerido: 7.323
Nodos expandidos: 218
Porcentajes del conjunto Z: [0.03, 0.06, 0.08, 0.06, 0.08, 0.11, 0.11, 0.17, 0.14, 0.19, 0.17, 0.22, 0.31, 0.25, 0.39, 0.06, 0.06, 0.06, 0.06, 0.11, 0.17, 0.17, 0.25, 0.22, 0.28, 0.28, 0.36, 0.36, 0.42, 0.44, 0.47, 0.44, 0.5, 0.44, 0.5, 0.44, 0.5, 0.47, 0.53, 0.5, 0.56, 0.56, 0.53, 0.94, 0.11, 0.61, 0.11, 0.56, 0.58, 0.56, 1.11, 0.22, 0.19, 0.61, 0.81, 0.28, 0.69, 0.31, 0.64, 0.72, 1.28, 0.39, 0.19, 0.75, 0.86, 0.92, 0.42, 0.22, 0.75, 0.81, 0.92, 1.03, 0.25, 0.78, 0.86, 0.94, 0.81, 1.56, 1.08, 0.47, 0.64, 0.97, 0.5, 0.72, 1.0, 1.0, 0.64, 0.81, 1.03, 0.89, 0.11, 0.14, 0.14, 0.14, 0.14, 0.14, 0.17, 0.14, 1.08, 1.08, 1.08, 0.67, 1.03, 0.28, 1.08, 0.61, 1.14, 1.14, 1.11, 0.42, 0.36, 1.14, 0.67, 1.22, 1.19, 1.19, 0.5, 0.47, 1.17, 1.31, 0.69, 1.28, 1.28, 0.64, 0.61, 1.31, 1.03, 1.36, 0.72, 1.33, 1.44, 0.47, 0.83, 1.36, 1.5, 1.28, 0.92, 0.56, 1.39, 1.56, 1.33, 1.03, 1.14, 1.36, 0.67, 1.17, 1.36, 0.17, 0.72, 1.08, 0.25, 1.25, 0.81, 0.22, 1.19, 0.72, 0.44, 1.14, 1.36, 0.39, 0.81, 1.31, 0.56, 1.19, 1.47, 0.53, 1.39, 1.25, 0.78, 0.67, 1.5, 0.78, 0.81, 0.97, 0.89, 1.39, 0.94, 1.56, 1.06, 1.47, 1.17, 1.36, 1.61, 0.81, 1.17, 1.42, 1.67, 1.11, 0.97, 1.22, 1.25, 0.14, 1.44, 1.72, 1.25, 0.22, 0.19, 0.17, 0.19, 0.22, 0.19, 0.22, 0.19, 1.5, 1.25, 0.33, 1.75, 0.78, 0.89, 0.5, 1.64, 1.56, 0.39, 1.42, 1.08, 0.56, 0.94, 1.83]

ILAO*:
Tiempo requerido: 0.402
Nodos expandidos: 241

RLAO*:
Tiempo requerido: 0.96
Nodos expandidos: 1369

BLAO*:
Tiempo requerido: 0.495
Nodos expandidos: 1018

VI:
Tiempo requerido: 1.389
Numero de iteraciones: 72
-------------------------------------------------------
Problema 5
-------------------------------------------------------
LAO*:
Tiempo requerido: 6.705
Nodos expandidos: 209
Porcentajes del conjunto Z: [0.03, 0.06, 0.08, 0.11, 0.14, 0.06, 0.06, 0.11, 0.17, 0.11, 0.22, 0.22, 0.06, 0.06, 0.06, 0.06, 0.11, 0.17, 0.17, 0.22, 0.22, 0.33, 0.31, 0.22, 0.25, 0.44, 0.28, 0.28, 0.47, 0.31, 0.33, 0.42, 0.69, 0.33, 0.61, 0.42, 0.64, 0.44, 0.64, 0.11, 0.47, 0.67, 0.14, 0.47, 0.92, 0.22, 0.44, 0.69, 0.19, 1.03, 0.33, 0.53, 0.81, 0.22, 0.53, 0.44, 0.78, 0.25, 0.61, 0.53, 0.5, 0.58, 0.61, 0.58, 0.67, 0.64, 0.69, 0.08, 0.11, 0.14, 0.14, 0.11, 0.11, 0.22, 0.11, 0.78, 0.25, 0.25, 0.78, 0.31, 0.53, 0.39, 0.89, 0.58, 0.44, 0.53, 0.92, 0.64, 0.58, 0.67, 1.31, 0.94, 0.47, 0.67, 1.53, 0.64, 0.97, 0.69, 0.75, 0.64, 1.17, 1.17, 0.72, 0.75, 0.75, 0.89, 1.0, 0.67, 1.61, 1.61, 0.81, 0.86, 0.86, 1.17, 0.83, 1.03, 0.44, 1.42, 0.69, 0.86, 1.08, 2.11, 0.5, 1.44, 0.78, 0.89, 1.14, 0.5, 1.47, 0.22, 0.92, 0.89, 1.17, 1.08, 1.53, 0.33, 0.67, 0.44, 1.25, 1.25, 2.44, 0.53, 0.56, 0.78, 1.42, 1.28, 1.31, 0.86, 0.75, 1.17, 1.31, 1.31, 2.64, 0.92, 1.25, 0.83, 1.33, 1.42, 2.72, 0.53, 0.97, 1.36, 0.89, 1.36, 1.42, 2.81, 0.61, 1.33, 1.03, 0.94, 1.39, 1.53, 0.67, 0.86, 1.08, 1.28, 0.72, 0.89, 1.42, 0.19, 1.58, 1.58, 0.14, 0.11, 0.17, 0.25, 0.28, 0.22, 0.17, 0.22, 0.89, 0.81, 1.44, 1.67, 1.06, 0.89, 0.31, 0.28, 0.92, 1.72, 1.36, 1.72, 1.11, 0.94, 0.47, 0.44, 1.53, 1.0, 1.78]

ILAO*:
Tiempo requerido: 0.327
Nodos expandidos: 247

RLAO*:
Tiempo requerido: 0.858
Nodos expandidos: 1432

BLAO*:
Tiempo requerido: 0.56
Nodos expandidos: 998

VI:
Tiempo requerido: 1.384
Numero de iteraciones: 72
-------------------------------------------------------
Problema 6
-------------------------------------------------------
LAO*:
Tiempo requerido: 5.787
Nodos expandidos: 174
Porcentajes del conjunto Z: [0.03, 0.06, 0.06, 0.06, 0.11, 0.11, 0.14, 0.14, 0.17, 0.17, 0.25, 0.19, 0.19, 0.33, 0.22, 0.22, 0.42, 0.25, 0.25, 0.5, 0.39, 0.42, 0.44, 0.47, 0.06, 0.06, 0.06, 0.06, 0.11, 0.53, 0.17, 0.56, 0.19, 0.58, 0.61, 0.28, 0.28, 0.64, 0.36, 0.67, 0.44, 0.53, 0.44, 0.58, 0.47, 0.78, 0.64, 0.78, 0.08, 0.11, 0.64, 0.83, 0.14, 0.22, 0.72, 0.89, 0.19, 0.28, 0.83, 0.19, 0.39, 0.86, 0.5, 0.61, 0.89, 0.67, 0.31, 0.58, 0.72, 0.56, 0.67, 0.5, 0.58, 0.75, 0.69, 0.64, 0.78, 0.78, 0.72, 0.61, 0.81, 0.89, 0.81, 0.83, 0.08, 0.08, 0.67, 0.14, 0.14, 0.11, 0.11, 0.22, 0.08, 0.22, 0.92, 0.86, 0.69, 0.86, 0.22, 0.75, 0.94, 0.94, 0.92, 0.31, 0.89, 0.78, 0.33, 0.47, 1.0, 0.94, 0.39, 1.03, 0.81, 0.47, 1.06, 1.19, 1.19, 0.36, 1.08, 1.06, 0.53, 1.03, 0.83, 1.03, 1.22, 1.25, 1.11, 1.25, 0.86, 1.25, 1.56, 1.33, 0.97, 1.83, 0.89, 0.5, 0.72, 1.31, 1.53, 1.36, 1.42, 0.89, 0.92, 0.64, 1.33, 1.56, 1.22, 1.69, 1.53, 0.94, 1.36, 0.86, 1.47, 1.64, 0.67, 1.22, 1.53, 1.53, 1.25, 0.69, 1.28, 0.17, 0.97, 1.56, 1.47, 1.31, 2.19, 0.81, 1.83, 1.06, 0.25, 1.22, 1.25, 1.64]

ILAO*:
Tiempo requerido: 0.246
Nodos expandidos: 193

RLAO*:
Tiempo requerido: 1.016
Nodos expandidos: 1445

BLAO*:
Tiempo requerido: 0.606
Nodos expandidos: 1029

VI:
Tiempo requerido: 1.425
Numero de iteraciones: 72
-------------------------------------------------------
Problema 7
-------------------------------------------------------
LAO*:
Tiempo requerido: 5.74
Nodos expandidos: 191
Porcentajes del conjunto Z: [0.03, 0.06, 0.08, 0.11, 0.06, 0.06, 0.11, 0.11, 0.17, 0.17, 0.25, 0.06, 0.08, 0.08, 0.06, 0.17, 0.14, 0.28, 0.22, 0.25, 0.28, 0.31, 0.31, 0.33, 0.36, 0.33, 0.36, 0.42, 0.39, 0.39, 0.5, 0.44, 0.61, 0.11, 0.11, 0.64, 0.22, 0.22, 0.67, 0.33, 0.33, 0.36, 0.28, 0.39, 0.39, 0.28, 0.42, 0.44, 0.44, 0.33, 0.44, 0.5, 0.75, 0.56, 0.92, 0.58, 0.81, 0.39, 0.61, 1.17, 0.08, 0.11, 0.08, 0.14, 0.08, 0.44, 0.14, 0.08, 0.19, 1.36, 0.25, 0.22, 0.47, 0.28, 0.36, 0.86, 0.5, 0.89, 0.47, 0.53, 0.53, 0.81, 0.56, 0.56, 0.58, 0.53, 0.28, 0.58, 0.64, 0.64, 0.33, 0.97, 0.58, 0.61, 0.75, 0.42, 1.0, 0.64, 0.64, 0.81, 0.64, 0.78, 0.5, 0.64, 1.03, 0.67, 0.86, 1.44, 0.47, 0.69, 0.69, 1.11, 0.94, 0.5, 0.69, 0.75, 1.06, 0.81, 0.72, 1.42, 1.03, 0.81, 0.72, 0.17, 0.14, 1.47, 0.83, 0.83, 0.25, 0.78, 0.86, 2.08, 0.39, 0.36, 0.83, 1.06, 0.61, 0.44, 0.39, 0.89, 0.89, 1.11, 0.94, 0.94, 0.58, 0.69, 0.97, 0.97, 0.81, 1.17, 1.0, 1.03, 0.64, 0.64, 0.64, 1.25, 1.03, 1.08, 1.0, 1.33, 1.06, 0.75, 1.14, 0.69, 1.08, 0.75, 0.94, 0.19, 0.11, 0.11, 0.17, 0.11, 0.17, 0.25, 0.25, 0.17, 0.22, 1.11, 1.11, 0.22, 0.31, 0.75, 0.78, 1.14, 1.17, 0.61, 0.36, 1.78, 0.86, 0.81, 1.22]

ILAO*:
Tiempo requerido: 0.376
Nodos expandidos: 234

RLAO*:
Tiempo requerido: 1.126
Nodos expandidos: 1560

BLAO*:
Tiempo requerido: 0.581
Nodos expandidos: 1102

VI:
Tiempo requerido: 1.454
Numero de iteraciones: 73
-------------------------------------------------------
Problema 8
-------------------------------------------------------
LAO*:
Tiempo requerido: 8.487
Nodos expandidos: 228
Porcentajes del conjunto Z: [0.03, 0.06, 0.08, 0.11, 0.11, 0.14, 0.17, 0.19, 0.19, 0.22, 0.25, 0.25, 0.28, 0.28, 0.33, 0.06, 0.06, 0.06, 0.06, 0.11, 0.39, 0.11, 0.14, 0.42, 0.14, 0.17, 0.22, 0.44, 0.17, 0.25, 0.25, 0.47, 0.19, 0.33, 0.31, 0.5, 0.22, 0.5, 0.53, 0.25, 0.61, 0.25, 0.56, 0.28, 0.75, 0.39, 0.44, 0.5, 0.44, 0.5, 0.11, 0.08, 0.47, 0.47, 0.14, 0.53, 0.17, 0.53, 0.69, 0.28, 0.28, 0.58, 0.75, 0.36, 0.64, 0.19, 0.81, 0.44, 0.69, 0.86, 0.42, 0.56, 0.75, 0.92, 0.67, 0.81, 0.97, 0.72, 0.42, 0.86, 1.0, 0.75, 0.5, 0.89, 1.28, 0.78, 0.11, 0.56, 1.08, 0.08, 0.14, 0.17, 0.11, 0.75, 0.94, 0.56, 0.81, 0.64, 0.22, 0.19, 0.97, 1.42, 1.33, 0.33, 0.94, 0.69, 0.33, 0.97, 1.06, 0.36, 0.92, 0.72, 0.44, 1.53, 0.42, 0.92, 1.0, 0.53, 0.83, 0.75, 0.72, 1.03, 1.03, 0.64, 0.69, 1.61, 1.19, 0.81, 0.39, 1.06, 1.72, 0.81, 0.89, 1.08, 1.03, 0.61, 0.72, 1.94, 1.08, 1.08, 0.72, 2.0, 1.14, 2.0, 0.14, 0.14, 0.75, 1.08, 1.47, 0.22, 0.92, 2.11, 1.28, 0.39, 0.97, 0.39, 1.61, 1.33, 0.58, 0.47, 1.69, 1.42, 1.0, 0.72, 1.11, 1.03, 1.72, 1.44, 1.14, 0.72, 1.75, 1.75, 1.06, 1.94, 1.17, 0.83, 1.86, 1.5, 1.81, 0.78, 1.19, 1.19, 1.08, 1.69, 1.53, 1.92, 1.22, 0.83, 0.94, 1.25, 1.78, 1.56, 2.0, 1.06, 1.25, 0.97, 0.78, 1.44, 0.17, 0.14, 0.17, 0.25, 0.22, 1.14, 0.22, 0.14, 0.22, 0.14, 0.28, 2.17, 1.94, 1.25, 1.11, 1.5, 0.22, 2.19, 2.25, 1.11, 1.53, 1.53, 0.44, 1.39, 0.39, 1.17, 2.17, 2.31, 1.17, 1.58]

ILAO*:
Tiempo requerido: 0.355
Nodos expandidos: 268

RLAO*:
Tiempo requerido: 0.723
Nodos expandidos: 1291

BLAO*:
Tiempo requerido: 0.431
Nodos expandidos: 837

VI:
Tiempo requerido: 1.416
Numero de iteraciones: 73
-------------------------------------------------------
Problema 9
-------------------------------------------------------
LAO*:
Tiempo requerido: 5.366
Nodos expandidos: 159
Porcentajes del conjunto Z: [0.03, 0.06, 0.08, 0.11, 0.14, 0.17, 0.19, 0.22, 0.25, 0.28, 0.31, 0.06, 0.33, 0.11, 0.17, 0.11, 0.22, 0.17, 0.28, 0.28, 0.28, 0.22, 0.28, 0.25, 0.33, 0.31, 0.39, 0.06, 0.06, 0.06, 0.08, 0.44, 0.11, 0.14, 0.33, 0.5, 0.22, 0.39, 0.53, 0.31, 0.42, 0.17, 0.56, 0.19, 0.44, 0.69, 0.33, 0.36, 0.72, 0.42, 0.42, 0.75, 0.5, 0.31, 0.33, 0.39, 0.44, 0.08, 0.11, 0.53, 0.17, 0.22, 0.53, 0.25, 0.28, 0.58, 0.28, 0.36, 0.58, 0.47, 0.5, 0.61, 0.58, 0.53, 0.83, 0.67, 0.89, 0.56, 0.94, 0.44, 0.81, 0.64, 0.31, 0.97, 0.83, 0.69, 0.36, 1.0, 1.06, 0.08, 0.08, 0.14, 0.11, 0.08, 0.14, 0.14, 0.14, 0.39, 0.81, 1.03, 1.11, 0.25, 0.22, 0.44, 0.89, 1.06, 1.17, 0.39, 0.5, 1.08, 1.22, 0.36, 0.53, 0.56, 1.11, 1.28, 0.39, 0.5, 0.61, 1.14, 1.33, 1.08, 0.53, 0.67, 0.53, 1.17, 1.39, 0.61, 0.89, 1.19, 1.44, 0.69, 0.78, 0.94, 1.25, 0.75, 0.81, 0.83, 1.28, 1.28, 0.89, 0.89, 0.64, 1.06, 0.44, 0.94, 1.33, 0.92, 1.11, 0.17, 0.17, 0.14, 1.36, 0.53, 1.08, 1.28, 1.19, 0.28, 1.39]

ILAO*:
Tiempo requerido: 0.231
Nodos expandidos: 188

RLAO*:
Tiempo requerido: 0.969
Nodos expandidos: 1444

BLAO*:
Tiempo requerido: 0.471
Nodos expandidos: 859

VI:
Tiempo requerido: 1.418
Numero de iteraciones: 73
-------------------------------------------------------
Problema 10
-------------------------------------------------------
LAO*:
Tiempo requerido: 7.872
Nodos expandidos: 213
Porcentajes del conjunto Z: [0.03, 0.06, 0.08, 0.11, 0.14, 0.17, 0.19, 0.22, 0.06, 0.06, 0.11, 0.11, 0.17, 0.17, 0.22, 0.22, 0.28, 0.28, 0.33, 0.22, 0.25, 0.28, 0.28, 0.31, 0.31, 0.33, 0.06, 0.06, 0.11, 0.42, 0.36, 0.14, 0.47, 0.39, 0.19, 0.22, 0.53, 0.42, 0.28, 0.44, 0.31, 0.47, 0.47, 0.28, 0.36, 0.5, 0.53, 0.42, 0.47, 0.53, 0.58, 0.5, 0.53, 0.56, 0.64, 0.56, 0.58, 0.69, 0.31, 0.61, 0.33, 0.64, 0.08, 0.36, 0.56, 0.69, 0.17, 0.17, 0.39, 0.67, 0.75, 0.28, 0.42, 0.78, 0.31, 0.31, 0.69, 0.83, 0.39, 0.78, 0.31, 0.92, 0.72, 0.44, 1.0, 0.44, 0.92, 0.39, 1.08, 0.56, 0.92, 1.08, 0.64, 0.64, 1.25, 1.14, 0.67, 0.08, 0.72, 0.11, 0.17, 0.08, 0.14, 0.17, 0.17, 1.28, 0.61, 0.81, 0.11, 1.31, 0.22, 0.28, 1.33, 0.36, 0.42, 0.86, 0.42, 1.36, 0.33, 0.44, 0.94, 0.5, 1.39, 0.44, 0.47, 0.94, 1.25, 1.03, 1.08, 0.78, 0.58, 1.14, 1.19, 1.11, 0.44, 1.31, 1.22, 0.56, 1.42, 0.72, 0.53, 1.22, 1.5, 0.86, 0.17, 0.14, 1.25, 1.56, 0.92, 0.28, 0.19, 2.11, 0.97, 0.36, 0.36, 1.0, 0.44, 0.47, 1.42, 0.83, 1.28, 0.56, 0.5, 0.94, 0.47, 1.39, 1.03, 0.67, 1.47, 0.83, 0.53, 1.17, 0.81, 1.47, 0.56, 1.5, 1.08, 1.28, 0.58, 1.53, 1.25, 0.97, 1.53, 0.67, 1.56, 1.36, 1.31, 0.14, 0.11, 0.14, 0.11, 0.22, 0.22, 0.22, 0.19, 0.17, 0.25, 0.22, 1.53, 1.42, 1.25, 0.22, 0.17, 1.61, 0.89, 1.47, 1.47, 1.67, 1.5, 0.31, 0.92, 0.31, 1.64]

ILAO*:
Tiempo requerido: 0.317
Nodos expandidos: 245

RLAO*:
Tiempo requerido: 0.833
Nodos expandidos: 1444

BLAO*:
Tiempo requerido: 0.722
Nodos expandidos: 1237

VI:
Tiempo requerido: 1.522
Numero de iteraciones: 73
-------------------------------------------------------
