Problema 1
-------------------------------------------------------
LAO*:
Tiempo requerido: 37.525
Nodos expandidos: 412
Porcentajes del conjunto Z: [0.01, 0.02, 0.04, 0.05, 0.06, 0.02, 0.04, 0.04, 0.02, 0.05, 0.06, 0.07, 0.09, 0.1, 0.11, 0.11, 0.12, 0.14, 0.14, 0.14, 0.15, 0.15, 0.16, 0.16, 0.19, 0.19, 0.17, 0.22, 0.21, 0.04, 0.05, 0.19, 0.26, 0.23, 0.05, 0.09, 0.25, 0.2, 0.26, 0.11, 0.11, 0.33, 0.28, 0.12, 0.14, 0.36, 0.31, 0.14, 0.12, 0.15, 0.16, 0.05, 0.06, 0.23, 0.19, 0.06, 0.05, 0.07, 0.04, 0.06, 0.28, 0.07, 0.21, 0.07, 0.23, 0.1, 0.15, 0.35, 0.11, 0.19, 0.4, 0.17, 0.22, 0.2, 0.46, 0.2, 0.25, 0.35, 0.17, 0.36, 0.22, 0.31, 0.22, 0.36, 0.36, 0.2, 0.25, 0.36, 0.47, 0.38, 0.38, 0.19, 0.26, 0.46, 0.41, 0.4, 0.21, 0.26, 0.43, 0.41, 0.59, 0.25, 0.05, 0.46, 0.42, 0.65, 0.12, 0.1, 0.28, 0.48, 0.43, 0.65, 0.19, 0.14, 0.32, 0.51, 0.44, 0.21, 0.25, 0.33, 0.53, 0.2, 0.47, 0.22, 0.43, 0.35, 0.44, 0.47, 0.41, 0.23, 0.36, 0.48, 0.33, 0.48, 0.41, 0.37, 0.52, 0.38, 0.49, 0.37, 0.42, 0.51, 0.49, 0.38, 0.65, 0.53, 0.25, 0.23, 0.05, 0.54, 0.06, 0.06, 0.27, 0.06, 0.09, 0.11, 0.07, 0.07, 0.27, 0.26, 0.57, 0.56, 0.14, 0.09, 0.3, 0.53, 0.81, 0.22, 0.31, 0.37, 0.63, 0.25, 1.01, 0.16, 0.53, 0.51, 1.05, 0.23, 0.42, 0.36, 0.27, 1.07, 0.36, 0.46, 1.09, 0.33, 0.48, 0.56, 0.64, 1.15, 0.35, 0.42, 0.37, 0.57, 0.7, 0.41, 0.53, 0.73, 0.54, 0.54, 0.54, 0.42, 0.1, 0.28, 0.75, 0.06, 0.06, 0.07, 0.57, 0.57, 0.32, 0.78, 0.63, 0.17, 0.15, 0.59, 0.58, 0.4, 0.79, 0.69, 0.21, 0.63, 0.48, 0.96, 0.44, 0.3, 0.8, 0.31, 0.51, 1.1, 0.32, 0.48, 0.37, 0.52, 1.14, 0.65, 0.4, 0.52, 0.57, 1.16, 0.35, 0.52, 0.56, 0.35, 0.42, 1.22, 0.69, 0.57, 0.52, 1.22, 0.44, 0.73, 0.58, 0.54, 1.23, 1.23, 0.1, 0.79, 0.59, 0.1, 0.77, 0.09, 0.12, 0.11, 0.06, 0.11, 0.1, 0.14, 0.16, 0.12, 0.25, 0.1, 0.64, 0.57, 1.32, 0.8, 0.19, 0.12, 0.6, 0.33, 0.59, 0.85, 0.7, 0.3, 0.73, 0.19, 0.41, 0.72, 0.67, 0.47, 0.7, 0.75, 0.31, 0.68, 0.69, 0.74, 0.56, 0.4, 0.38, 0.69, 0.69, 0.77, 0.75, 0.53, 0.59, 0.79, 0.77, 0.52, 1.16, 0.64, 0.37, 0.43, 0.67, 0.91, 1.11, 0.56, 0.68, 0.78, 0.4, 0.68, 0.59, 0.94, 0.69, 1.28, 0.79, 0.42, 0.51, 0.77, 0.96, 0.8, 0.74, 0.42, 0.54, 0.81, 0.99, 0.79, 1.32, 0.75, 0.43, 0.65, 0.63, 0.09, 0.1, 0.09, 0.88, 0.1, 1.01, 1.14, 0.49, 0.75, 0.63, 0.83, 0.22, 0.17, 0.44, 0.68, 1.01, 0.81, 0.86, 0.21, 1.32, 0.81, 0.3, 0.46, 0.67, 0.85, 0.68, 1.53, 0.26, 0.41, 0.86, 0.47, 0.86, 0.72, 0.59, 1.56, 0.85, 0.51, 0.51, 0.48, 0.88, 0.88, 0.64, 0.9, 0.65, 1.38, 0.58, 0.89, 0.9, 1.15, 0.42, 0.7, 0.65, 0.8, 0.9, 0.93, 0.79, 0.86, 0.73, 1.32, 0.41, 0.91, 0.95, 0.79, 1.22, 1.36, 0.57, 0.43, 0.96, 0.77, 1.37, 0.74]

ILAO*:
Tiempo requerido: 2.035
Nodos expandidos: 459

RLAO*:
Tiempo requerido: 3.361
Nodos expandidos: 3286

BLAO*:
Tiempo requerido: 3.345
Nodos expandidos: 2671

VI:
Tiempo requerido: 4.32
Numero de iteraciones: 91
-------------------------------------------------------
Problema 2
-------------------------------------------------------
LAO*:
Tiempo requerido: 39.289
Nodos expandidos: 421
Porcentajes del conjunto Z: [0.01, 0.02, 0.02, 0.04, 0.04, 0.05, 0.07, 0.06, 0.1, 0.12, 0.02, 0.02, 0.02, 0.02, 0.05, 0.06, 0.06, 0.09, 0.09, 0.11, 0.1, 0.07, 0.2, 0.12, 0.23, 0.14, 0.26, 0.28, 0.28, 0.3, 0.31, 0.31, 0.33, 0.31, 0.05, 0.32, 0.05, 0.32, 0.09, 0.33, 0.35, 0.11, 0.12, 0.14, 0.14, 0.16, 0.15, 0.14, 0.16, 0.16, 0.23, 0.17, 0.19, 0.15, 0.31, 0.19, 0.26, 0.32, 0.17, 0.26, 0.19, 0.04, 0.05, 0.04, 0.07, 0.07, 0.04, 0.09, 0.4, 0.07, 0.28, 0.36, 0.07, 0.22, 0.63, 0.14, 0.23, 0.3, 0.68, 0.19, 0.14, 0.25, 0.68, 0.17, 0.22, 0.26, 0.26, 0.15, 0.6, 0.27, 0.28, 0.28, 0.25, 0.62, 0.28, 0.31, 0.35, 0.25, 0.28, 0.3, 0.38, 0.27, 0.33, 0.31, 0.41, 0.38, 0.31, 0.32, 0.43, 0.43, 0.4, 0.46, 0.21, 0.41, 0.06, 0.05, 0.47, 0.47, 0.43, 0.11, 0.23, 0.12, 0.48, 0.46, 0.26, 0.16, 0.16, 0.49, 0.49, 0.47, 0.28, 0.21, 0.23, 0.51, 0.52, 0.78, 0.31, 0.26, 0.25, 0.48, 0.52, 0.54, 0.68, 0.31, 0.33, 0.3, 0.49, 0.36, 0.91, 0.35, 0.51, 0.35, 0.83, 0.38, 0.38, 0.35, 0.52, 0.93, 0.4, 0.36, 0.91, 0.43, 0.89, 0.49, 0.06, 0.6, 0.85, 0.62, 0.06, 0.07, 0.11, 0.1, 0.09, 0.1, 0.12, 0.1, 0.07, 0.72, 0.62, 0.1, 0.51, 0.93, 0.1, 0.52, 0.77, 0.54, 0.68, 0.62, 0.12, 0.94, 0.54, 0.95, 0.15, 1.4, 0.64, 0.65, 0.72, 0.58, 0.98, 0.25, 0.56, 0.25, 1.41, 0.65, 1.01, 0.23, 0.99, 0.58, 1.51, 0.26, 0.69, 0.69, 0.52, 0.36, 0.59, 0.56, 0.53, 1.56, 0.42, 0.56, 0.54, 0.86, 0.73, 1.11, 1.16, 0.62, 0.8, 0.27, 0.59, 0.74, 1.14, 0.77, 0.64, 0.33, 0.59, 1.73, 0.47, 0.75, 1.16, 1.15, 1.14, 0.36, 0.67, 0.79, 1.73, 0.6, 0.49, 1.14, 0.79, 2.09, 1.75, 0.1, 0.63, 0.53, 1.2, 2.14, 0.65, 0.38, 1.78, 0.15, 0.58, 1.21, 2.17, 0.41, 0.67, 1.79, 0.62, 0.99, 1.22, 1.77, 0.7, 0.43, 0.58, 1.8, 0.32, 0.28, 1.0, 1.23, 1.79, 0.58, 0.19, 0.67, 1.81, 0.99, 1.06, 1.25, 0.42, 1.48, 0.99, 0.56, 0.86, 0.9, 0.7, 0.44, 0.38, 1.26, 1.63, 0.69, 0.56, 0.7, 0.78, 0.77, 0.79, 1.85, 0.51, 0.48, 0.56, 1.17, 1.52, 0.67, 1.05, 1.15, 1.56, 0.73, 0.58, 0.57, 0.65, 0.74, 1.6, 0.64, 1.06, 1.06, 1.17, 1.88, 0.67, 0.67, 1.53, 0.9, 0.85, 1.9, 1.19, 0.09, 1.54, 0.06, 0.42, 0.1, 0.1, 0.81, 0.15, 0.74, 0.14, 0.16, 0.19, 0.16, 0.12, 0.17, 0.19, 0.14, 0.09, 0.72, 1.11, 0.89, 2.43, 0.84, 1.91, 0.11, 0.96, 1.95, 0.74, 1.25, 1.93, 0.88, 0.9, 0.19, 0.75, 0.23, 1.14, 2.05, 1.26, 1.94, 1.2, 0.16, 1.07, 0.78, 0.3, 1.02, 2.46, 1.86, 0.98, 1.27, 1.95, 0.83, 0.4, 0.36, 0.7, 1.01, 1.89, 1.2, 2.06, 0.83, 0.48, 0.36, 1.15, 0.74, 1.04, 2.64, 0.99, 0.56, 1.06, 2.07, 0.54, 0.51, 1.27, 2.73, 0.67, 0.86, 1.09, 0.57, 0.51, 1.3, 0.73, 0.78, 0.67, 2.74, 0.64, 1.11, 0.78, 1.93, 1.32, 0.88, 2.75]

ILAO*:
Tiempo requerido: 1.964
Nodos expandidos: 481

RLAO*:
Tiempo requerido: 3.299
Nodos expandidos: 3129

BLAO*:
Tiempo requerido: 2.306
Nodos expandidos: 2465

VI:
Tiempo requerido: 4.354
Numero de iteraciones: 91
-------------------------------------------------------
Problema 3
-------------------------------------------------------
LAO*:
Tiempo requerido: 44.718
Nodos expandidos: 440
Porcentajes del conjunto Z: [0.01, 0.02, 0.04, 0.05, 0.06, 0.02, 0.02, 0.05, 0.06, 0.07, 0.06, 0.1, 0.09, 0.12, 0.1, 0.14, 0.11, 0.11, 0.15, 0.12, 0.21, 0.19, 0.16, 0.2, 0.17, 0.17, 0.21, 0.02, 0.02, 0.02, 0.02, 0.05, 0.19, 0.32, 0.05, 0.06, 0.23, 0.36, 0.11, 0.11, 0.38, 0.15, 0.14, 0.4, 0.17, 0.41, 0.2, 0.15, 0.22, 0.19, 0.25, 0.22, 0.22, 0.22, 0.25, 0.05, 0.05, 0.25, 0.09, 0.09, 0.27, 0.26, 0.12, 0.28, 0.44, 0.15, 0.07, 0.46, 0.23, 0.31, 0.51, 0.48, 0.09, 0.23, 0.3, 0.56, 0.27, 0.19, 0.3, 0.58, 0.21, 0.33, 0.33, 0.38, 0.35, 0.19, 0.36, 0.38, 0.17, 0.36, 0.38, 0.17, 0.54, 0.36, 0.4, 0.04, 0.05, 0.04, 0.04, 0.09, 0.21, 0.07, 0.09, 0.06, 0.59, 0.57, 0.1, 0.38, 0.43, 0.25, 0.25, 0.4, 0.59, 0.46, 0.83, 0.27, 0.27, 0.17, 0.17, 0.64, 0.63, 0.15, 0.41, 0.48, 0.31, 0.3, 0.42, 0.54, 0.65, 0.3, 0.35, 0.25, 0.59, 0.43, 0.37, 0.54, 0.22, 0.35, 0.98, 0.38, 0.68, 0.31, 0.44, 0.37, 1.02, 0.42, 0.17, 0.69, 0.36, 0.41, 1.07, 0.44, 0.62, 0.49, 0.42, 0.73, 0.44, 0.77, 0.74, 0.37, 0.22, 0.91, 0.22, 0.62, 0.49, 0.74, 0.94, 0.62, 0.52, 0.1, 0.77, 0.67, 0.54, 0.17, 0.52, 0.32, 0.49, 0.83, 0.2, 0.22, 0.36, 0.33, 0.88, 0.26, 0.28, 0.4, 0.4, 0.26, 0.2, 0.9, 0.42, 0.46, 0.27, 0.43, 0.44, 0.47, 0.47, 0.67, 0.46, 0.48, 1.11, 0.51, 0.22, 0.72, 0.19, 1.0, 0.23, 0.41, 0.05, 0.06, 0.49, 0.07, 0.74, 0.07, 0.06, 0.06, 0.09, 0.14, 0.11, 0.11, 0.25, 1.17, 0.58, 0.78, 0.1, 0.52, 0.3, 1.19, 0.6, 0.8, 0.15, 0.2, 0.33, 0.93, 0.28, 0.91, 0.57, 0.19, 0.19, 0.36, 0.74, 0.98, 0.7, 0.31, 0.42, 0.68, 0.27, 0.26, 1.02, 0.83, 0.33, 0.84, 0.26, 0.31, 0.44, 1.07, 0.84, 0.86, 0.32, 0.36, 0.49, 0.46, 1.12, 0.89, 0.41, 0.4, 0.64, 1.2, 0.9, 0.44, 0.51, 0.52, 1.25, 0.94, 0.38, 1.28, 0.81, 0.63, 0.33, 0.3, 0.4, 1.33, 0.07, 0.77, 0.32, 0.63, 0.32, 0.1, 1.37, 0.12, 0.81, 0.33, 0.77, 0.43, 0.19, 0.44, 0.81, 0.25, 0.49, 0.85, 0.81, 0.3, 0.86, 0.52, 0.74, 0.31, 0.37, 1.1, 0.84, 0.84, 0.4, 0.6, 0.9, 0.4, 0.85, 1.01, 0.49, 1.14, 0.93, 0.91, 0.43, 0.9, 0.47, 0.95, 0.64, 0.21, 0.94, 0.65, 1.02, 0.51, 0.2, 0.95, 0.85, 1.17, 0.07, 0.1, 0.53, 0.14, 1.32, 0.14, 0.09, 0.19, 0.16, 0.14, 0.1, 0.19, 0.11, 0.12, 0.98, 0.95, 1.25, 0.54, 0.6, 0.43, 0.1, 0.15, 1.38, 0.22, 0.32, 0.99, 0.99, 0.62, 0.75, 0.15, 0.27, 1.44, 0.38, 0.99, 1.0, 0.98, 0.57, 0.41, 0.83, 1.43, 0.33, 0.26, 0.46, 1.02, 1.01, 0.91, 0.6, 1.02, 0.69, 1.42, 0.53, 0.47, 0.33, 1.47, 1.05, 0.75, 0.56, 0.73, 0.54, 0.44, 1.48, 1.48, 1.49, 0.51, 0.32, 1.05, 0.57, 1.06, 0.7, 0.46, 0.89, 0.81, 0.7, 1.52, 0.64, 1.43, 0.94, 1.09, 0.69, 0.46, 0.6, 1.12, 1.12, 1.05, 1.11, 1.09, 1.09, 0.47, 0.43, 0.73, 1.74, 1.27, 1.3, 1.06, 1.06, 0.73, 1.16, 1.59, 1.23, 0.64, 1.47, 1.48, 1.01, 0.54, 1.31, 1.09]

ILAO*:
Tiempo requerido: 1.638
Nodos expandidos: 485

RLAO*:
Tiempo requerido: 3.263
Nodos expandidos: 2949

BLAO*:
Tiempo requerido: 2.314
Nodos expandidos: 2146

VI:
Tiempo requerido: 4.397
Numero de iteraciones: 91
-------------------------------------------------------
Problema 4
-------------------------------------------------------
LAO*:
Tiempo requerido: 38.876
Nodos expandidos: 406
Porcentajes del conjunto Z: [0.01, 0.02, 0.04, 0.05, 0.06, 0.06, 0.09, 0.1, 0.11, 0.02, 0.02, 0.02, 0.05, 0.05, 0.05, 0.1, 0.12, 0.16, 0.09, 0.19, 0.1, 0.12, 0.14, 0.12, 0.04, 0.05, 0.07, 0.1, 0.12, 0.12, 0.15, 0.2, 0.19, 0.23, 0.21, 0.26, 0.22, 0.27, 0.23, 0.26, 0.23, 0.28, 0.04, 0.23, 0.05, 0.25, 0.25, 0.28, 0.26, 0.06, 0.07, 0.04, 0.06, 0.07, 0.06, 0.31, 0.27, 0.26, 0.28, 0.53, 0.28, 0.09, 0.06, 0.32, 0.3, 0.36, 0.38, 0.27, 0.1, 0.11, 0.35, 0.33, 0.35, 0.68, 0.14, 0.1, 0.28, 0.28, 0.35, 0.41, 0.35, 0.7, 0.3, 0.31, 0.19, 0.15, 0.31, 0.42, 0.36, 0.47, 0.43, 0.33, 0.16, 0.22, 0.33, 0.43, 0.86, 0.32, 0.36, 0.27, 0.25, 0.17, 0.38, 0.49, 0.38, 0.96, 0.3, 0.38, 0.19, 0.52, 0.4, 0.59, 0.32, 0.43, 0.2, 0.58, 0.62, 0.48, 0.35, 0.2, 0.65, 0.62, 0.47, 0.37, 0.05, 0.06, 0.74, 0.6, 0.41, 0.54, 0.12, 0.75, 0.64, 0.57, 0.17, 0.1, 0.58, 0.65, 0.59, 0.22, 0.14, 0.59, 0.67, 0.16, 0.27, 0.46, 1.2, 0.19, 0.33, 0.27, 0.44, 0.62, 0.69, 0.35, 0.15, 0.7, 0.35, 0.33, 0.72, 0.7, 0.38, 0.72, 0.62, 0.17, 0.09, 0.72, 0.37, 0.74, 0.07, 0.1, 0.09, 0.11, 0.07, 0.14, 0.12, 0.09, 0.59, 0.77, 0.79, 0.65, 0.48, 0.12, 0.14, 0.79, 0.68, 0.79, 0.16, 0.52, 0.2, 0.8, 0.8, 1.19, 0.7, 0.8, 0.21, 0.26, 0.81, 0.83, 1.27, 0.54, 0.81, 0.69, 0.33, 0.25, 0.33, 0.85, 1.32, 0.75, 0.83, 0.73, 0.4, 0.28, 1.37, 0.78, 0.84, 0.77, 0.32, 0.37, 1.42, 0.79, 0.85, 0.35, 0.35, 0.4, 1.43, 0.74, 0.25, 0.63, 0.86, 0.38, 0.41, 1.52, 0.83, 0.58, 0.74, 0.41, 0.4, 0.4, 1.52, 0.67, 0.41, 0.65, 0.42, 0.38, 0.41, 0.8, 0.07, 0.06, 0.85, 0.73, 0.69, 0.27, 0.48, 0.41, 0.15, 0.79, 0.11, 0.83, 0.51, 0.32, 0.83, 0.17, 0.73, 0.75, 0.81, 0.44, 0.53, 0.25, 0.78, 0.73, 0.73, 0.57, 0.43, 0.83, 0.8, 0.93, 0.23, 0.73, 0.9, 0.85, 0.47, 0.62, 0.57, 0.81, 0.28, 0.41, 0.91, 0.79, 0.48, 0.86, 0.65, 0.83, 0.83, 0.67, 0.42, 0.98, 0.69, 0.85, 0.84, 0.85, 0.69, 0.33, 0.52, 1.01, 0.79, 0.84, 0.93, 0.86, 0.98, 0.58, 0.37, 1.04, 0.78, 0.88, 0.86, 0.9, 1.01, 0.09, 0.11, 0.63, 0.11, 0.12, 0.12, 0.17, 0.12, 0.46, 0.07, 0.42, 0.16, 0.15, 0.12, 0.16, 0.12, 0.1, 1.22, 1.01, 0.65, 0.94, 0.88, 1.05, 0.94, 0.16, 0.51, 0.47, 1.25, 1.57, 0.89, 0.89, 1.07, 1.26, 0.25, 0.16, 0.51, 1.04, 1.23, 0.9, 0.91, 1.11, 1.21, 0.23, 0.32, 0.53, 0.57, 1.27, 0.3, 0.91, 0.94, 1.15, 1.17, 0.41, 0.9, 0.95, 0.74, 1.19, 0.58, 1.12, 0.49, 0.38, 0.94, 1.38, 0.69, 0.98, 0.99, 1.21, 0.86, 0.56, 0.48, 0.44, 0.98, 1.41, 0.75, 1.23, 0.89, 0.53, 0.64, 0.48, 1.43, 0.52, 0.79, 1.25, 0.94, 0.54, 1.58, 0.54, 1.04, 1.26]

ILAO*:
Tiempo requerido: 1.699
Nodos expandidos: 454

RLAO*:
Tiempo requerido: 3.088
Nodos expandidos: 3056

BLAO*:
Tiempo requerido: 2.346
Nodos expandidos: 2471

VI:
Tiempo requerido: 4.377
Numero de iteraciones: 91
-------------------------------------------------------
Problema 5
-------------------------------------------------------
LAO*:
Tiempo requerido: 28.26
Nodos expandidos: 328
Porcentajes del conjunto Z: [0.01, 0.02, 0.04, 0.04, 0.05, 0.06, 0.06, 0.09, 0.1, 0.11, 0.12, 0.14, 0.02, 0.02, 0.02, 0.05, 0.06, 0.06, 0.07, 0.07, 0.09, 0.09, 0.17, 0.1, 0.2, 0.15, 0.12, 0.16, 0.19, 0.17, 0.15, 0.19, 0.21, 0.33, 0.22, 0.22, 0.05, 0.23, 0.23, 0.05, 0.23, 0.07, 0.26, 0.27, 0.09, 0.11, 0.27, 0.12, 0.15, 0.28, 0.28, 0.3, 0.31, 0.15, 0.15, 0.31, 0.33, 0.17, 0.19, 0.32, 0.19, 0.21, 0.33, 0.27, 0.25, 0.35, 0.27, 0.05, 0.27, 0.05, 0.07, 0.07, 0.37, 0.26, 0.37, 0.31, 0.38, 0.31, 0.4, 0.53, 0.1, 0.26, 0.09, 0.28, 0.33, 0.4, 0.27, 0.15, 0.32, 0.36, 0.41, 0.41, 0.12, 0.28, 0.32, 0.43, 0.3, 0.32, 0.36, 0.7, 0.23, 0.47, 0.47, 0.41, 0.37, 0.19, 0.27, 0.49, 0.79, 0.36, 0.38, 0.51, 0.83, 0.38, 0.4, 0.25, 0.27, 0.54, 0.58, 0.43, 0.58, 0.28, 0.3, 0.58, 0.53, 0.48, 0.33, 0.32, 0.06, 0.59, 0.56, 0.93, 0.32, 0.26, 0.1, 0.06, 0.07, 0.51, 0.57, 0.58, 0.6, 0.53, 0.43, 0.16, 0.14, 0.58, 1.02, 0.43, 0.28, 0.6, 0.21, 0.2, 0.67, 0.63, 0.52, 0.25, 0.21, 0.7, 0.58, 0.54, 0.31, 0.33, 0.16, 0.22, 0.72, 0.54, 0.59, 0.36, 0.37, 0.27, 0.53, 0.67, 0.41, 0.28, 0.43, 0.59, 0.63, 0.64, 0.63, 0.31, 0.47, 0.52, 0.64, 0.73, 0.51, 0.52, 0.06, 0.56, 0.06, 0.06, 0.07, 0.09, 0.06, 0.09, 0.67, 0.67, 0.65, 0.65, 0.56, 0.56, 0.1, 0.07, 0.74, 0.7, 0.7, 0.68, 0.62, 0.15, 0.1, 0.43, 0.78, 0.72, 0.68, 0.43, 0.65, 0.2, 0.27, 0.8, 0.78, 0.21, 0.73, 0.2, 0.32, 0.73, 0.58, 0.35, 0.23, 0.36, 0.77, 0.77, 0.54, 0.3, 0.74, 0.58, 0.54, 0.28, 0.38, 0.91, 0.58, 0.58, 0.79, 0.33, 0.59, 0.31, 0.94, 0.64, 0.63, 0.53, 0.33, 0.95, 0.95, 0.69, 0.65, 0.35, 0.6, 0.96, 0.98, 0.69, 0.69, 0.77, 0.1, 0.09, 0.67, 0.65, 0.07, 0.09, 0.98, 1.0, 0.73, 0.72, 0.79, 0.54, 0.59, 0.72, 0.09, 0.1, 0.99, 1.02, 0.84, 0.64, 0.72, 0.81, 0.19, 0.21, 0.77, 1.0, 0.72, 0.77, 0.26, 0.72, 0.28, 1.0, 1.0, 0.73, 0.85, 0.35, 0.3, 0.75, 0.53, 0.33, 0.78, 1.02, 0.68, 0.88, 0.86, 0.77, 0.33, 0.35, 0.4, 0.62, 1.04, 0.57, 0.67, 0.94, 0.79, 0.41, 0.41, 0.59, 1.05, 1.43, 0.8, 0.44, 0.53, 0.41, 0.99, 0.72, 0.95, 0.96]

ILAO*:
Tiempo requerido: 1.479
Nodos expandidos: 396

RLAO*:
Tiempo requerido: 2.664
Nodos expandidos: 2909

BLAO*:
Tiempo requerido: 1.611
Nodos expandidos: 2025

VI:
Tiempo requerido: 4.351
Numero de iteraciones: 91
-------------------------------------------------------
Problema 6
-------------------------------------------------------
LAO*:
Tiempo requerido: 39.511
Nodos expandidos: 435
Porcentajes del conjunto Z: [0.01, 0.02, 0.04, 0.05, 0.02, 0.02, 0.05, 0.05, 0.07, 0.07, 0.1, 0.11, 0.12, 0.12, 0.14, 0.15, 0.15, 0.16, 0.17, 0.17, 0.2, 0.02, 0.02, 0.05, 0.2, 0.23, 0.06, 0.06, 0.21, 0.26, 0.1, 0.1, 0.22, 0.28, 0.14, 0.14, 0.23, 0.31, 0.11, 0.16, 0.25, 0.33, 0.26, 0.16, 0.15, 0.27, 0.27, 0.3, 0.17, 0.31, 0.21, 0.2, 0.31, 0.23, 0.04, 0.32, 0.27, 0.09, 0.06, 0.2, 0.31, 0.11, 0.09, 0.22, 0.35, 0.14, 0.25, 0.14, 0.11, 0.38, 0.27, 0.15, 0.42, 0.15, 0.3, 0.17, 0.14, 0.27, 0.33, 0.21, 0.21, 0.3, 0.36, 0.19, 0.22, 0.36, 0.26, 0.21, 0.04, 0.05, 0.32, 0.32, 0.42, 0.05, 0.05, 0.09, 0.05, 0.35, 0.31, 0.35, 0.41, 0.06, 0.37, 0.44, 0.12, 0.12, 0.38, 0.38, 0.17, 0.41, 0.4, 0.4, 0.36, 0.46, 0.41, 0.42, 0.56, 0.16, 0.22, 0.42, 0.44, 0.59, 0.2, 0.51, 0.28, 0.43, 0.47, 0.63, 0.54, 0.32, 0.44, 0.44, 0.49, 0.65, 0.26, 0.37, 0.46, 0.52, 0.67, 0.42, 0.54, 0.35, 0.35, 0.68, 0.07, 0.05, 0.56, 0.38, 0.79, 0.1, 0.1, 0.81, 0.17, 0.43, 0.17, 0.4, 0.84, 0.42, 0.52, 0.23, 0.43, 0.86, 0.48, 0.12, 0.57, 0.28, 0.47, 0.89, 0.53, 0.22, 0.35, 0.51, 0.91, 0.22, 0.48, 0.52, 0.41, 0.54, 0.94, 0.63, 0.25, 0.67, 0.46, 0.58, 0.96, 0.28, 0.59, 0.69, 0.52, 0.62, 0.31, 0.72, 0.58, 0.06, 0.05, 0.06, 0.07, 0.12, 0.05, 0.11, 0.1, 0.64, 0.09, 0.67, 0.12, 0.41, 0.58, 0.68, 0.12, 0.72, 0.4, 0.59, 0.69, 0.2, 0.78, 0.23, 0.41, 0.6, 0.6, 0.75, 0.4, 0.21, 0.7, 0.51, 0.31, 0.62, 0.77, 0.44, 0.51, 0.86, 0.44, 0.27, 0.62, 0.63, 0.78, 0.79, 0.46, 0.63, 0.67, 0.4, 0.43, 0.64, 0.81, 0.99, 0.4, 0.68, 0.49, 0.84, 0.74, 0.44, 0.7, 0.57, 0.85, 1.0, 0.57, 0.51, 0.38, 0.78, 0.73, 0.85, 0.95, 0.58, 0.53, 0.1, 0.56, 0.83, 0.59, 0.62, 0.89, 0.57, 0.16, 0.69, 0.12, 0.12, 0.64, 0.84, 0.6, 0.7, 0.58, 0.78, 0.16, 0.21, 0.83, 0.64, 0.43, 1.04, 0.73, 1.16, 0.59, 0.86, 0.95, 0.3, 0.58, 1.05, 0.59, 1.2, 0.62, 0.91, 1.09, 0.32, 0.37, 0.62, 1.09, 0.62, 0.77, 1.17, 0.4, 0.37, 0.44, 0.73, 0.9, 1.05, 0.68, 1.19, 1.26, 0.48, 0.9, 0.47, 0.77, 0.64, 0.84, 1.19, 0.25, 1.31, 1.01, 0.53, 0.48, 0.3, 0.75, 0.99, 1.05, 0.6, 0.78, 0.72, 0.58, 0.99, 0.74, 0.38, 1.35, 0.11, 0.07, 0.1, 0.75, 0.15, 0.11, 0.14, 0.6, 0.06, 0.09, 0.12, 0.14, 0.14, 0.11, 1.0, 0.78, 0.38, 1.01, 0.65, 1.25, 0.6, 0.19, 0.1, 1.0, 0.15, 0.63, 1.05, 0.58, 1.04, 0.67, 0.83, 0.64, 0.78, 0.64, 0.79, 0.79, 0.17, 0.21, 1.06, 1.05, 0.78, 0.89, 1.38, 0.8, 0.88, 0.8, 1.02, 0.65, 0.32, 0.73, 1.11, 1.19, 1.16, 0.89, 1.17, 1.48, 1.06, 0.94, 0.26, 0.42, 1.15, 1.15, 0.9, 1.12, 1.15, 1.33, 1.02, 1.21, 0.49, 1.19, 1.22, 1.28, 1.02, 1.79, 1.09, 1.17, 1.22, 1.06, 1.36, 1.51, 1.05, 1.22, 1.32, 0.48, 1.23, 1.14, 1.22, 1.4, 1.07, 1.26, 1.17, 0.62, 0.59, 1.01, 1.28, 1.21]

ILAO*:
Tiempo requerido: 1.774
Nodos expandidos: 514

RLAO*:
Tiempo requerido: 3.624
Nodos expandidos: 3125

BLAO*:
Tiempo requerido: 1.942
Nodos expandidos: 2118

VI:
Tiempo requerido: 4.392
Numero de iteraciones: 91
-------------------------------------------------------
Problema 7
-------------------------------------------------------
LAO*:
Tiempo requerido: 37.803
Nodos expandidos: 395
Porcentajes del conjunto Z: [0.01, 0.02, 0.04, 0.04, 0.05, 0.06, 0.07, 0.09, 0.1, 0.11, 0.12, 0.14, 0.02, 0.02, 0.02, 0.04, 0.16, 0.06, 0.06, 0.09, 0.07, 0.1, 0.09, 0.09, 0.12, 0.11, 0.14, 0.12, 0.15, 0.22, 0.16, 0.15, 0.26, 0.17, 0.17, 0.3, 0.23, 0.23, 0.23, 0.05, 0.05, 0.26, 0.25, 0.36, 0.07, 0.09, 0.19, 0.26, 0.38, 0.1, 0.11, 0.27, 0.41, 0.12, 0.15, 0.14, 0.48, 0.37, 0.17, 0.51, 0.23, 0.16, 0.43, 0.51, 0.21, 0.17, 0.44, 0.54, 0.26, 0.28, 0.58, 0.3, 0.32, 0.59, 0.4, 0.04, 0.35, 0.04, 0.05, 0.05, 0.06, 0.06, 0.62, 0.4, 0.1, 0.11, 0.63, 0.42, 0.14, 0.16, 0.23, 0.44, 0.17, 0.2, 0.2, 0.25, 0.46, 0.53, 0.22, 0.47, 0.32, 0.22, 0.6, 0.65, 0.27, 0.68, 0.32, 0.62, 0.35, 0.37, 0.64, 0.63, 0.37, 0.42, 0.65, 0.64, 0.47, 0.05, 0.07, 0.07, 0.68, 0.27, 0.67, 0.4, 0.14, 0.12, 0.7, 0.28, 0.69, 0.43, 0.19, 0.17, 0.72, 0.31, 0.7, 0.25, 0.22, 0.41, 0.73, 0.79, 0.44, 0.28, 0.26, 0.42, 0.74, 0.81, 0.36, 0.16, 0.75, 0.84, 0.37, 0.26, 0.77, 0.86, 0.95, 0.31, 0.33, 0.79, 0.9, 0.57, 0.68, 0.41, 0.8, 0.93, 0.6, 0.88, 0.05, 1.04, 0.06, 0.05, 0.09, 0.06, 0.05, 0.06, 0.07, 0.43, 0.07, 0.81, 0.42, 0.99, 0.38, 1.1, 0.14, 0.83, 1.01, 0.73, 0.74, 0.72, 0.17, 0.53, 0.2, 0.84, 1.04, 0.77, 0.68, 0.47, 0.75, 0.25, 0.26, 0.85, 1.06, 1.21, 0.33, 0.78, 0.26, 0.21, 0.75, 0.86, 1.09, 0.38, 1.26, 0.36, 0.3, 0.79, 1.04, 0.42, 0.96, 0.96, 0.73, 0.65, 0.43, 0.96, 0.4, 0.4, 0.35, 1.09, 0.51, 0.85, 0.51, 1.01, 1.12, 0.7, 0.58, 0.4, 1.16, 0.6, 0.63, 0.9, 0.47, 0.48, 0.7, 0.07, 0.09, 1.2, 0.31, 0.09, 0.93, 0.59, 0.33, 1.23, 0.95, 0.15, 0.74, 1.27, 0.98, 0.63, 0.22, 0.79, 1.31, 0.74, 0.8, 0.26, 0.83, 0.67, 0.3, 1.35, 0.75, 0.84, 0.51, 0.32, 0.36, 0.85, 1.38, 1.05, 0.54, 0.57, 0.4, 0.88, 0.36, 0.41, 1.42, 1.07, 0.88, 1.44, 0.51, 1.1, 0.54, 0.42, 0.63, 1.32, 0.73, 0.37, 0.42, 1.12, 0.6, 1.01, 0.9, 0.7, 1.49, 0.37, 1.14, 1.05, 0.94, 0.09, 0.1, 0.06, 0.8, 0.07, 0.14, 0.11, 0.09, 0.14, 1.51, 1.36, 0.4, 1.15, 0.54, 1.15, 1.09, 0.98, 0.67, 0.89, 0.15, 1.54, 0.81, 1.16, 1.12, 1.01, 0.62, 1.1, 0.77, 0.96, 0.2, 1.56, 0.95, 0.85, 1.35, 0.68, 0.88, 0.93, 0.84, 0.27, 1.07, 0.68, 0.83, 0.63, 1.2, 1.2, 1.1, 0.98, 0.88, 0.35, 0.36, 1.19, 0.72, 0.85, 1.2, 1.21, 0.72, 1.12, 1.07, 0.44, 0.43, 0.7, 0.79, 1.19, 1.21, 1.4, 1.23, 0.46, 0.52, 1.0, 0.77, 0.86, 0.48, 0.62, 1.22, 1.26, 1.44, 1.1, 0.46, 0.89, 1.31, 1.28, 1.37, 0.78, 1.46, 0.67, 1.07, 0.59, 0.56, 0.49, 0.9, 1.41, 1.35]

ILAO*:
Tiempo requerido: 1.751
Nodos expandidos: 483

RLAO*:
Tiempo requerido: 3.127
Nodos expandidos: 2989

BLAO*:
Tiempo requerido: 1.833
Nodos expandidos: 2091

VI:
Tiempo requerido: 4.402
Numero de iteraciones: 91
-------------------------------------------------------
Problema 8
-------------------------------------------------------
LAO*:
Tiempo requerido: 41.482
Nodos expandidos: 473
Porcentajes del conjunto Z: [0.01, 0.02, 0.02, 0.04, 0.04, 0.05, 0.05, 0.07, 0.06, 0.06, 0.14, 0.02, 0.02, 0.02, 0.05, 0.06, 0.05, 0.09, 0.09, 0.11, 0.12, 0.14, 0.15, 0.15, 0.16, 0.16, 0.17, 0.16, 0.17, 0.17, 0.19, 0.19, 0.2, 0.2, 0.2, 0.38, 0.26, 0.3, 0.04, 0.05, 0.09, 0.1, 0.14, 0.15, 0.19, 0.17, 0.21, 0.22, 0.27, 0.23, 0.32, 0.28, 0.35, 0.3, 0.36, 0.04, 0.06, 0.04, 0.06, 0.06, 0.06, 0.26, 0.37, 0.26, 0.05, 0.37, 0.37, 0.27, 0.38, 0.3, 0.4, 0.11, 0.15, 0.4, 0.35, 0.42, 0.38, 0.42, 0.35, 0.17, 0.41, 0.44, 0.46, 0.36, 0.78, 0.25, 0.22, 0.42, 0.46, 0.46, 0.36, 0.84, 0.27, 0.33, 0.43, 0.51, 0.6, 0.4, 0.33, 0.23, 0.44, 0.41, 0.95, 0.36, 0.42, 0.28, 0.46, 0.38, 0.46, 0.98, 0.38, 0.44, 0.32, 0.47, 0.37, 0.48, 1.05, 0.41, 0.47, 0.33, 0.48, 0.4, 1.09, 0.49, 0.48, 0.07, 0.07, 0.35, 0.06, 0.44, 1.12, 0.1, 0.51, 0.32, 0.36, 0.46, 1.22, 0.1, 0.17, 0.42, 0.37, 0.83, 0.47, 0.47, 0.16, 0.23, 0.48, 0.41, 0.41, 0.51, 1.3, 0.27, 0.52, 0.42, 0.43, 0.52, 1.35, 0.35, 0.54, 0.43, 0.52, 0.54, 0.93, 0.53, 0.56, 0.41, 0.44, 0.26, 0.54, 0.41, 0.57, 0.63, 0.46, 0.53, 0.35, 0.56, 0.56, 0.59, 0.52, 0.67, 0.47, 0.57, 0.62, 0.62, 0.47, 0.7, 0.05, 0.57, 0.05, 0.09, 0.48, 0.07, 0.09, 0.09, 0.11, 0.1, 0.38, 0.11, 0.67, 0.65, 0.51, 0.77, 0.64, 0.12, 0.41, 0.09, 0.69, 0.67, 0.62, 0.15, 0.51, 0.16, 0.43, 0.72, 0.68, 0.53, 0.84, 0.41, 0.22, 0.26, 0.43, 0.72, 0.67, 0.7, 1.09, 0.52, 0.46, 0.32, 0.46, 0.74, 0.53, 0.69, 0.68, 1.33, 0.38, 0.48, 0.77, 0.69, 0.91, 1.15, 0.51, 0.48, 0.25, 0.23, 0.44, 0.8, 0.95, 1.21, 0.28, 0.53, 0.47, 0.98, 0.3, 0.43, 0.4, 0.6, 1.0, 0.48, 0.42, 0.46, 0.63, 1.0, 0.31, 0.48, 0.46, 0.11, 0.48, 0.09, 0.09, 0.69, 0.46, 1.02, 0.11, 0.49, 0.54, 0.54, 0.15, 0.73, 0.47, 0.64, 0.19, 1.04, 0.56, 0.57, 0.57, 0.26, 0.53, 0.49, 0.77, 1.12, 0.49, 0.53, 0.53, 0.98, 0.25, 0.6, 1.19, 0.59, 0.52, 0.43, 0.84, 0.8, 1.06, 0.56, 0.57, 0.6, 0.6, 0.38, 0.54, 1.21, 0.84, 0.62, 1.06, 0.59, 0.64, 0.68, 1.36, 0.57, 0.48, 1.25, 0.88, 0.65, 1.06, 0.6, 0.67, 1.46, 0.26, 0.54, 0.49, 0.58, 1.28, 0.9, 0.75, 1.1, 1.14, 0.96, 0.56, 0.31, 0.62, 0.69, 0.69, 0.59, 1.31, 0.57, 1.31, 0.88, 1.2, 0.47, 0.56, 0.33, 0.72, 0.73, 1.07, 1.36, 0.48, 1.36, 1.4, 1.56, 1.16, 0.63, 0.47, 0.06, 0.1, 0.09, 0.64, 0.74, 0.77, 0.62, 0.11, 0.09, 0.16, 0.11, 0.16, 0.14, 0.15, 0.15, 1.33, 0.81, 1.19, 0.65, 0.77, 0.8, 0.65, 0.53, 0.11, 1.06, 0.53, 0.57, 1.14, 1.36, 1.25, 0.78, 0.96, 1.51, 0.64, 0.21, 1.31, 0.94, 1.37, 0.72, 1.27, 0.38, 0.74, 0.99, 1.54, 0.56, 0.31, 0.32, 1.38, 1.38, 1.37, 0.95, 0.73, 0.88, 1.31, 1.01, 1.58, 0.8, 0.78, 0.6, 0.41, 1.4, 1.42, 1.43, 0.99, 0.74, 1.05, 1.32, 2.28, 0.91, 0.42, 0.42, 1.41, 1.44, 1.35, 0.99, 1.35, 0.85, 0.7, 0.85, 1.67, 2.25, 0.25, 0.51, 0.33, 0.59, 0.51, 0.56, 1.47, 1.43, 1.47, 0.78, 1.37, 0.84, 0.81, 2.25, 0.57, 0.62, 0.63, 1.49, 1.52, 0.78, 1.4, 0.53, 0.59, 0.88, 0.88, 2.37, 0.72, 0.57, 0.67, 0.81, 1.54]

ILAO*:
Tiempo requerido: 1.61
Nodos expandidos: 537

RLAO*:
Tiempo requerido: 2.513
Nodos expandidos: 2794

BLAO*:
Tiempo requerido: 1.84
Nodos expandidos: 2043

VI:
Tiempo requerido: 4.347
Numero de iteraciones: 91
-------------------------------------------------------
Problema 9
-------------------------------------------------------
LAO*:
Tiempo requerido: 53.639
Nodos expandidos: 492
Porcentajes del conjunto Z: [0.01, 0.02, 0.04, 0.04, 0.05, 0.05, 0.07, 0.02, 0.02, 0.02, 0.02, 0.05, 0.06, 0.06, 0.09, 0.07, 0.11, 0.09, 0.1, 0.12, 0.1, 0.19, 0.19, 0.16, 0.2, 0.17, 0.21, 0.19, 0.32, 0.19, 0.22, 0.2, 0.36, 0.21, 0.23, 0.4, 0.23, 0.42, 0.05, 0.23, 0.05, 0.41, 0.09, 0.06, 0.35, 0.14, 0.26, 0.17, 0.27, 0.27, 0.17, 0.28, 0.3, 0.15, 0.3, 0.32, 0.21, 0.35, 0.17, 0.27, 0.2, 0.3, 0.22, 0.32, 0.23, 0.05, 0.06, 0.06, 0.07, 0.06, 0.07, 0.31, 0.11, 0.51, 0.16, 0.32, 0.14, 0.53, 0.21, 0.12, 0.36, 0.53, 0.19, 0.27, 0.38, 0.6, 0.21, 0.3, 0.41, 0.64, 0.22, 0.32, 0.43, 0.65, 0.27, 0.33, 0.46, 0.68, 0.21, 0.42, 0.46, 0.46, 0.56, 0.47, 0.47, 0.48, 0.25, 0.4, 0.47, 0.49, 0.43, 0.26, 0.06, 0.07, 0.9, 0.1, 0.14, 0.27, 0.52, 0.89, 0.15, 0.21, 0.53, 0.53, 0.98, 0.51, 0.54, 0.37, 0.94, 0.42, 0.56, 0.16, 0.26, 0.41, 1.05, 0.26, 0.31, 0.68, 1.01, 0.32, 0.3, 0.33, 0.73, 1.07, 0.32, 0.4, 0.47, 0.68, 0.9, 0.32, 0.44, 0.49, 0.69, 1.01, 0.43, 0.47, 0.05, 0.07, 0.1, 0.52, 0.06, 0.12, 0.07, 0.46, 0.47, 0.15, 0.07, 0.93, 0.51, 0.2, 0.48, 0.52, 0.35, 0.56, 0.53, 0.57, 0.3, 0.14, 0.49, 1.04, 0.2, 0.37, 0.52, 0.58, 0.59, 0.14, 0.89, 0.56, 0.42, 0.62, 0.44, 0.73, 0.22, 0.48, 0.75, 0.9, 0.59, 0.16, 0.58, 0.6, 0.53, 1.1, 0.58, 1.0, 0.17, 0.74, 0.83, 0.59, 1.12, 0.21, 0.6, 0.9, 0.62, 0.68, 0.88, 0.2, 0.62, 0.95, 0.64, 0.09, 0.1, 0.23, 0.93, 0.63, 0.98, 0.68, 0.17, 0.23, 1.09, 0.98, 0.64, 0.77, 0.72, 0.98, 0.27, 1.1, 0.43, 1.11, 0.91, 0.74, 0.23, 1.12, 0.22, 0.33, 1.2, 1.22, 1.04, 0.75, 1.16, 0.67, 0.42, 1.21, 1.25, 0.73, 0.72, 0.72, 1.16, 1.2, 0.57, 0.64, 1.22, 1.27, 1.19, 0.63, 0.81, 0.46, 1.09, 0.42, 0.59, 1.3, 1.22, 0.79, 0.84, 0.56, 1.22, 0.62, 1.31, 0.74, 0.89, 1.19, 0.47, 0.93, 0.63, 1.23, 0.64, 1.41, 1.37, 0.38, 1.16, 0.91, 0.1, 0.99, 0.07, 0.12, 0.11, 0.09, 0.09, 0.11, 0.12, 1.22, 0.14, 0.67, 0.07, 0.07, 0.07, 1.43, 1.26, 0.99, 1.21, 0.68, 0.16, 0.69, 1.02, 1.65, 0.63, 1.0, 1.0, 0.74, 0.26, 0.72, 0.73, 0.26, 1.28, 1.01, 1.01, 0.74, 0.79, 0.38, 0.22, 1.35, 1.02, 1.04, 1.86, 0.59, 0.77, 1.32, 0.43, 0.26, 1.23, 0.77, 2.02, 0.54, 0.99, 0.94, 0.86, 2.11, 0.84, 1.31, 1.31, 0.88, 0.51, 0.38, 0.78, 1.51, 1.02, 1.05, 1.62, 0.54, 1.32, 0.77, 1.27, 0.79, 0.6, 0.44, 2.17, 1.05, 1.07, 2.21, 0.6, 0.91, 0.8, 0.81, 1.33, 1.38, 0.53, 0.68, 1.84, 0.64, 1.36, 1.06, 1.41, 1.12, 0.85, 0.96, 0.95, 1.38, 0.78, 1.26, 0.73, 1.09, 0.4, 1.15, 2.38, 1.62, 0.88, 1.57, 0.57, 0.91, 1.35, 0.88, 0.88, 0.9, 1.72, 0.12, 1.19, 0.1, 0.65, 1.59, 0.07, 0.12, 1.65, 0.86, 1.04, 1.09, 1.57, 0.46, 1.6, 1.6, 0.72, 0.14, 0.64, 1.6, 1.14, 0.84, 1.12, 2.09, 0.98, 0.37, 0.91, 1.63, 0.79, 0.15, 0.15, 0.32, 0.88, 0.89, 1.44, 1.25, 1.02, 1.63, 0.84, 2.63, 0.23, 0.84, 0.74, 0.41, 2.38, 0.96, 1.02, 1.0, 1.59, 0.37, 2.67, 0.38, 0.89, 0.94, 2.53, 0.62, 2.98, 1.09, 1.65, 0.51, 0.96, 2.33, 0.35, 0.98, 0.74, 0.33, 1.1, 0.48, 1.68, 2.43, 0.84, 1.06, 0.28, 1.46, 1.12, 0.94, 1.75, 0.62, 2.74, 0.93, 0.26, 1.14, 0.98, 1.7, 0.67, 1.59, 0.67, 2.49, 1.07, 0.83]

ILAO*:
Tiempo requerido: 2.217
Nodos expandidos: 539

RLAO*:
Tiempo requerido: 2.918
Nodos expandidos: 3073

BLAO*:
Tiempo requerido: 2.289
Nodos expandidos: 2415

VI:
Tiempo requerido: 4.315
Numero de iteraciones: 91
-------------------------------------------------------
Problema 10
-------------------------------------------------------
LAO*:
Tiempo requerido: 25.263
Nodos expandidos: 297
Porcentajes del conjunto Z: [0.01, 0.02, 0.04, 0.05, 0.06, 0.07, 0.09, 0.02, 0.02, 0.05, 0.05, 0.07, 0.07, 0.1, 0.1, 0.12, 0.12, 0.15, 0.1, 0.11, 0.12, 0.12, 0.15, 0.02, 0.02, 0.02, 0.02, 0.05, 0.16, 0.07, 0.17, 0.1, 0.14, 0.11, 0.17, 0.21, 0.23, 0.19, 0.26, 0.12, 0.28, 0.16, 0.31, 0.19, 0.3, 0.05, 0.17, 0.31, 0.1, 0.06, 0.36, 0.19, 0.12, 0.32, 0.11, 0.4, 0.2, 0.15, 0.33, 0.16, 0.42, 0.42, 0.17, 0.21, 0.35, 0.44, 0.48, 0.21, 0.36, 0.26, 0.47, 0.53, 0.37, 0.23, 0.23, 0.23, 0.49, 0.58, 0.23, 0.38, 0.25, 0.27, 0.52, 0.63, 0.25, 0.36, 0.4, 0.32, 0.31, 0.6, 0.26, 0.41, 0.04, 0.42, 0.33, 0.04, 0.33, 0.06, 0.06, 0.07, 0.06, 0.09, 0.06, 0.65, 0.49, 0.32, 0.07, 0.11, 0.35, 0.75, 0.49, 0.4, 0.16, 0.36, 0.79, 0.56, 0.42, 0.21, 0.17, 0.38, 0.8, 0.27, 0.22, 0.41, 0.37, 0.32, 0.25, 0.41, 0.26, 0.42, 0.42, 0.32, 0.33, 0.3, 0.43, 0.44, 0.33, 0.4, 0.42, 0.37, 0.44, 0.47, 0.42, 0.37, 0.37, 0.42, 0.46, 0.49, 0.44, 0.47, 0.47, 0.52, 0.36, 0.47, 0.06, 0.07, 0.48, 0.54, 0.28, 0.42, 0.37, 0.49, 0.57, 0.8, 0.53, 0.58, 0.12, 0.43, 0.19, 0.48, 0.59, 0.68, 0.93, 0.15, 0.47, 0.6, 0.7, 0.91, 0.46, 0.2, 0.49, 0.49, 0.3, 0.51, 0.62, 0.73, 0.81, 0.27, 0.3, 0.53, 0.58, 0.7, 0.63, 0.75, 0.52, 0.38, 0.42, 0.64, 0.56, 0.64, 0.62, 0.54, 0.44, 0.47, 0.65, 0.8, 1.09, 0.96, 0.49, 0.53, 0.43, 0.79, 0.46, 0.67, 0.56, 0.54, 0.05, 0.06, 0.07, 0.09, 0.11, 0.11, 0.11, 0.47, 0.05, 0.1, 0.09, 0.68, 0.68, 0.46, 0.58, 0.46, 0.6, 0.16, 0.12, 0.51, 0.69, 0.65, 0.6, 0.57, 0.56, 0.49, 0.22, 0.52, 0.7, 0.7, 0.69, 0.68, 0.63, 0.52, 0.32, 0.74, 0.22, 0.53, 0.53, 0.72, 0.73, 0.73, 0.57, 0.63, 0.48, 0.65, 0.54, 0.31, 0.73, 0.62, 0.75, 0.77, 0.68, 0.52, 0.67, 0.56, 0.56, 0.74, 0.78, 0.8, 0.68, 0.7, 0.57, 0.33, 0.36, 0.58, 0.58, 0.41, 0.54, 0.56, 0.75, 0.84, 0.8, 0.84, 0.59, 0.59, 0.73, 0.58, 0.49, 0.83, 0.67]

ILAO*:
Tiempo requerido: 0.782
Nodos expandidos: 352

RLAO*:
Tiempo requerido: 2.693
Nodos expandidos: 2704

BLAO*:
Tiempo requerido: 1.543
Nodos expandidos: 1983

VI:
Tiempo requerido: 4.315
Numero de iteraciones: 91
-------------------------------------------------------
