Problema 1
-------------------------------------------------------
LAO*:
Tiempo requerido: 13.954
Iteraciones requeridas: 272
Nodos expandidos: 272
Porcentajes del conjunto Z: [0.02, 0.04, 0.04, 0.04, 0.08, 0.1, 0.12, 0.04, 0.04, 0.06, 0.12, 0.08, 0.1, 0.12, 0.24, 0.27, 0.29, 0.29, 0.31, 0.33, 0.35, 0.35, 0.37, 0.35, 0.06, 0.41, 0.08, 0.37, 0.12, 0.39, 0.18, 0.16, 0.41, 0.2, 0.43, 0.45, 0.27, 0.27, 0.49, 0.35, 0.33, 0.08, 0.08, 0.39, 0.08, 0.1, 0.45, 0.12, 0.16, 0.51, 0.12, 0.43, 0.24, 0.14, 0.49, 0.27, 0.22, 0.2, 0.51, 0.53, 0.35, 0.55, 0.39, 0.31, 0.59, 0.61, 0.43, 0.61, 0.35, 0.63, 0.41, 0.47, 0.63, 0.45, 0.63, 0.41, 0.08, 0.49, 0.08, 0.1, 0.65, 0.53, 0.18, 0.2, 0.29, 0.29, 0.53, 0.33, 0.35, 0.59, 0.37, 0.39, 0.63, 0.41, 0.45, 0.69, 0.45, 0.63, 0.73, 0.47, 0.67, 0.65, 0.41, 0.63, 0.14, 0.49, 0.08, 0.08, 0.12, 0.14, 0.16, 0.78, 0.84, 0.84, 0.16, 0.67, 0.14, 0.88, 0.88, 0.27, 0.9, 0.33, 0.9, 0.33, 0.98, 0.92, 0.92, 0.92, 0.35, 0.71, 0.45, 1.06, 0.96, 0.94, 0.94, 0.43, 0.71, 0.78, 1.14, 0.94, 0.76, 1.0, 0.96, 0.86, 1.22, 0.82, 1.04, 0.63, 0.88, 1.31, 1.1, 0.61, 0.98, 0.47, 0.69, 1.39, 1.16, 1.06, 0.55, 1.41, 1.16, 0.1, 1.08, 0.18, 0.14, 0.73, 0.16, 1.45, 1.18, 0.24, 1.06, 0.31, 0.92, 0.78, 1.49, 1.1, 1.2, 0.37, 0.43, 0.98, 0.8, 1.53, 1.16, 1.02, 0.45, 0.53, 0.71, 0.82, 0.82, 1.55, 1.06, 0.49, 0.53, 0.86, 0.84, 1.57, 0.84, 1.1, 1.02, 0.67, 1.1, 0.88, 0.45, 1.1, 1.18, 0.71, 1.06, 0.55, 1.12, 0.61, 1.45, 1.16, 0.47, 0.94, 1.16, 1.08, 1.14, 0.98, 1.06, 0.14, 0.16, 0.18, 0.12, 0.16, 0.18, 0.2, 0.9, 0.65, 1.24, 0.86, 1.1, 0.2, 0.94, 1.31, 0.94, 0.31, 0.98, 1.35, 0.71, 1.0, 0.43, 1.02, 0.73, 1.59, 0.76, 1.06, 0.53, 0.57, 0.78, 1.61, 1.12, 0.67, 0.63, 1.65, 1.59, 0.8, 0.9, 1.18, 1.0, 0.76, 1.04, 1.69, 0.86, 1.22, 0.51, 1.04, 1.71, 1.71, 1.12, 0.94, 1.29, 1.76]

ILAO*:
Tiempo requerido: 0.987
Iteraciones requeridas: 318
Nodos expandidos: 318

RLAO*:
Tiempo requerido: 0.499
Iteraciones requeridas: 45
Nodos expandidos: 1315

BLAO*:
Tiempo requerido: 0.545
Iteraciones requeridas: 35
Nodos expandidos: 924

VI:
Tiempo requerido: 2.051
Iteraciones requeridas: 88

Problema 2
-------------------------------------------------------
LAO*:
Tiempo requerido: 16.798
Iteraciones requeridas: 282
Nodos expandidos: 282
Porcentajes del conjunto Z: [0.02, 0.04, 0.06, 0.04, 0.04, 0.08, 0.08, 0.12, 0.12, 0.14, 0.14, 0.24, 0.18, 0.18, 0.2, 0.22, 0.04, 0.06, 0.04, 0.1, 0.16, 0.22, 0.2, 0.27, 0.22, 0.22, 0.27, 0.27, 0.29, 0.29, 0.51, 0.31, 0.53, 0.08, 0.55, 0.16, 0.1, 0.18, 0.16, 0.22, 0.18, 0.31, 0.37, 0.27, 0.06, 0.06, 0.08, 0.08, 0.08, 0.1, 0.59, 0.18, 0.63, 0.27, 0.14, 0.65, 0.24, 0.67, 0.67, 0.35, 0.69, 0.43, 0.71, 0.65, 0.49, 0.76, 0.55, 0.31, 0.78, 0.78, 0.61, 0.35, 0.8, 0.37, 0.8, 0.78, 0.12, 0.39, 0.39, 0.84, 0.37, 0.43, 0.41, 0.24, 0.12, 0.88, 0.8, 0.31, 0.49, 0.22, 0.92, 0.69, 0.37, 0.51, 0.94, 0.76, 0.53, 0.96, 0.82, 0.98, 0.57, 0.59, 0.51, 0.84, 1.08, 0.61, 0.59, 0.33, 0.9, 1.14, 0.63, 0.39, 0.63, 0.94, 1.16, 0.12, 0.43, 0.71, 0.69, 0.14, 0.08, 0.1, 0.16, 0.1, 0.12, 1.06, 0.12, 0.71, 0.73, 1.1, 0.31, 0.71, 0.76, 0.76, 0.14, 0.43, 1.04, 0.55, 1.39, 0.37, 0.45, 0.29, 0.76, 1.43, 0.45, 0.47, 0.8, 1.06, 0.86, 1.1, 0.53, 1.08, 0.49, 0.59, 0.88, 1.12, 0.84, 1.1, 0.76, 0.63, 1.18, 1.18, 0.39, 0.65, 1.59, 0.88, 1.2, 0.45, 0.69, 1.69, 0.94, 0.12, 0.76, 0.12, 0.73, 0.51, 0.1, 1.76, 0.78, 1.22, 0.27, 0.78, 0.22, 0.55, 1.86, 0.71, 0.84, 1.27, 0.59, 1.94, 0.49, 0.86, 0.31, 0.63, 0.82, 1.41, 1.31, 0.9, 0.67, 2.04, 1.33, 1.04, 0.94, 1.33, 1.37, 0.96, 0.63, 0.53, 2.18, 0.73, 0.65, 0.35, 2.22, 0.45, 0.69, 0.71, 0.14, 0.16, 0.16, 1.2, 0.2, 0.16, 0.14, 0.22, 1.02, 0.14, 0.2, 0.2, 0.82, 0.16, 0.39, 1.24, 0.84, 0.82, 0.31, 1.88, 0.41, 0.63, 1.27, 1.27, 0.78, 0.86, 0.39, 0.39, 1.31, 1.29, 0.69, 1.12, 0.88, 1.37, 1.33, 0.45, 0.9, 0.73, 0.82, 1.06, 0.84, 0.43, 1.41, 1.96, 0.45, 0.76, 0.51, 0.98, 1.43, 2.02, 0.45, 0.59, 0.94, 1.04, 0.55, 0.78, 1.08, 1.84, 0.92, 0.8, 2.37, 1.16, 0.8, 1.1, 1.2, 1.16]

ILAO*:
Tiempo requerido: 0.766
Iteraciones requeridas: 324
Nodos expandidos: 324

RLAO*:
Tiempo requerido: 0.634
Iteraciones requeridas: 46
Nodos expandidos: 1430

BLAO*:
Tiempo requerido: 0.563
Iteraciones requeridas: 37
Nodos expandidos: 1060

VI:
Tiempo requerido: 1.997
Iteraciones requeridas: 86

Problema 3
-------------------------------------------------------
LAO*:
Tiempo requerido: 16.641
Iteraciones requeridas: 301
Nodos expandidos: 301
Porcentajes del conjunto Z: [0.02, 0.04, 0.06, 0.04, 0.04, 0.08, 0.08, 0.1, 0.12, 0.12, 0.16, 0.14, 0.2, 0.16, 0.24, 0.18, 0.29, 0.27, 0.29, 0.04, 0.06, 0.31, 0.06, 0.08, 0.33, 0.08, 0.16, 0.16, 0.14, 0.22, 0.18, 0.22, 0.06, 0.24, 0.06, 0.29, 0.12, 0.16, 0.35, 0.24, 0.37, 0.37, 0.29, 0.41, 0.39, 0.33, 0.24, 0.29, 0.33, 0.33, 0.39, 0.35, 0.06, 0.43, 0.08, 0.06, 0.08, 0.31, 0.12, 0.12, 0.35, 0.2, 0.29, 0.2, 0.39, 0.27, 0.41, 0.41, 0.47, 0.43, 0.18, 0.49, 0.45, 0.2, 0.29, 0.51, 0.47, 0.27, 0.65, 0.49, 0.37, 0.67, 0.33, 0.67, 0.08, 0.1, 0.08, 0.35, 0.1, 0.1, 0.69, 0.24, 0.2, 0.45, 0.31, 0.71, 0.49, 0.27, 0.33, 0.37, 0.76, 0.51, 0.29, 0.41, 0.29, 0.41, 0.53, 0.33, 0.35, 0.49, 0.31, 0.76, 0.57, 0.8, 0.61, 0.27, 0.71, 0.49, 0.41, 0.51, 0.35, 0.1, 0.47, 0.08, 0.1, 0.14, 0.18, 0.76, 0.8, 0.47, 0.45, 0.55, 0.82, 0.41, 0.43, 0.59, 0.27, 0.24, 0.84, 0.88, 0.57, 0.37, 0.29, 0.57, 0.88, 0.94, 0.61, 0.33, 0.9, 0.96, 0.39, 0.57, 0.37, 0.43, 0.92, 0.98, 0.39, 0.45, 1.12, 0.96, 0.76, 0.27, 1.02, 0.67, 0.98, 1.04, 0.69, 0.47, 1.22, 1.04, 1.0, 0.71, 0.51, 0.71, 1.27, 0.76, 1.0, 0.12, 0.16, 0.49, 0.16, 0.57, 0.16, 0.73, 0.14, 0.14, 1.29, 0.84, 1.27, 0.16, 0.61, 0.84, 0.69, 0.37, 0.33, 0.88, 0.92, 1.31, 0.41, 0.61, 0.71, 0.63, 0.8, 1.02, 0.98, 0.43, 0.51, 0.65, 0.84, 1.1, 1.04, 0.65, 0.65, 0.76, 0.51, 1.16, 0.88, 0.73, 0.53, 1.06, 0.73, 1.2, 0.65, 0.55, 1.06, 1.24, 0.76, 0.88, 0.12, 0.14, 0.12, 0.16, 0.14, 0.12, 0.73, 0.22, 0.57, 0.57, 1.39, 1.06, 0.69, 0.84, 0.12, 0.63, 1.35, 0.61, 1.53, 1.63, 1.1, 0.27, 0.29, 1.35, 0.78, 0.63, 0.88, 1.57, 1.67, 1.12, 1.39, 0.39, 0.43, 0.98, 0.78, 0.73, 1.86, 1.59, 1.02, 0.49, 0.49, 1.12, 0.8, 1.92, 1.06, 1.63, 0.59, 0.61, 0.8, 0.8, 1.14, 1.98, 1.12, 1.69, 0.73, 0.8, 1.16, 0.98, 0.82, 0.84, 0.47, 1.71, 0.71, 1.06, 1.18, 0.76, 0.86, 1.35, 1.08, 1.76, 1.41, 0.76, 1.78]

ILAO*:
Tiempo requerido: 0.844
Iteraciones requeridas: 333
Nodos expandidos: 333

RLAO*:
Tiempo requerido: 0.734
Iteraciones requeridas: 46
Nodos expandidos: 1410

BLAO*:
Tiempo requerido: 0.529
Iteraciones requeridas: 35
Nodos expandidos: 960

VI:
Tiempo requerido: 2.248
Iteraciones requeridas: 91

Problema 4
-------------------------------------------------------
LAO*:
Tiempo requerido: 26.199
Iteraciones requeridas: 405
Nodos expandidos: 405
Porcentajes del conjunto Z: [0.02, 0.04, 0.04, 0.04, 0.08, 0.08, 0.1, 0.1, 0.18, 0.2, 0.22, 0.04, 0.06, 0.1, 0.1, 0.14, 0.16, 0.14, 0.2, 0.29, 0.37, 0.37, 0.39, 0.41, 0.43, 0.43, 0.43, 0.06, 0.45, 0.14, 0.12, 0.47, 0.2, 0.31, 0.35, 0.35, 0.39, 0.39, 0.06, 0.08, 0.08, 0.08, 0.1, 0.47, 0.43, 0.12, 0.12, 0.49, 0.53, 0.18, 0.45, 0.2, 0.57, 0.51, 0.27, 0.53, 0.33, 0.55, 0.51, 0.35, 0.59, 0.61, 0.31, 0.37, 0.43, 0.39, 0.39, 0.39, 0.69, 0.76, 0.39, 0.08, 0.43, 0.12, 0.08, 0.14, 0.18, 0.49, 0.49, 0.57, 0.55, 0.24, 0.22, 0.59, 0.59, 0.29, 0.33, 0.63, 0.65, 0.31, 0.39, 0.65, 0.33, 0.69, 0.71, 0.35, 0.37, 0.65, 0.41, 0.71, 0.8, 0.1, 0.1, 0.14, 0.16, 0.45, 0.12, 0.88, 0.22, 0.14, 0.57, 0.33, 0.27, 0.76, 0.37, 0.65, 0.37, 0.82, 0.71, 0.88, 0.47, 0.39, 0.78, 0.96, 0.84, 0.86, 0.47, 0.88, 0.8, 0.88, 0.47, 0.55, 0.88, 0.9, 0.61, 0.9, 0.12, 0.12, 0.9, 0.14, 0.51, 0.92, 0.94, 0.94, 0.53, 1.0, 1.0, 0.98, 1.14, 0.33, 0.59, 0.98, 0.35, 0.9, 0.67, 0.39, 1.0, 0.71, 1.27, 0.45, 0.47, 1.02, 1.04, 1.41, 0.53, 1.04, 1.45, 0.61, 1.06, 1.06, 0.67, 0.39, 1.47, 0.84, 1.1, 1.08, 0.53, 1.49, 0.57, 1.14, 1.1, 0.14, 0.12, 0.47, 0.9, 2.02, 1.53, 0.18, 1.53, 0.18, 0.22, 0.12, 0.2, 0.2, 1.2, 1.16, 0.92, 0.59, 2.08, 1.57, 1.55, 0.2, 0.16, 0.18, 1.2, 2.27, 1.61, 1.57, 0.57, 1.22, 1.22, 2.39, 1.65, 0.37, 1.02, 0.59, 1.27, 1.27, 2.37, 1.1, 0.33, 0.41, 1.9, 1.0, 0.78, 0.61, 0.61, 1.51, 0.53, 1.18, 0.69, 0.88, 0.63, 1.12, 0.53, 2.57, 0.41, 0.88, 0.73, 0.57, 2.49, 0.69, 0.57, 1.0, 1.67, 0.78, 2.76, 0.8, 0.8, 0.8, 1.18, 0.8, 0.84, 0.92, 2.84, 1.24, 0.8, 0.94, 0.8, 2.84, 0.14, 0.22, 1.27, 0.2, 0.49, 1.8, 0.82, 1.18, 1.29, 0.27, 1.86, 0.84, 0.61, 1.33, 0.43, 1.57, 1.27, 0.57, 0.86, 1.35, 0.29, 1.08, 1.53, 0.53, 0.59, 0.88, 1.33, 1.41, 0.82, 1.8, 0.37, 0.65, 1.94, 0.63, 1.12, 0.9, 1.88, 0.67, 2.08, 0.61, 1.16, 0.71, 2.12, 0.57, 1.18, 3.18, 0.61, 1.2, 0.47, 2.14, 2.14, 0.61, 1.0, 3.35, 2.2, 2.14, 1.22, 2.22, 0.98, 0.14, 0.2, 0.24, 2.16, 0.16, 0.2, 0.31, 0.18, 0.16, 0.31, 0.65, 1.24, 0.18, 1.18, 0.55, 0.2, 1.55, 3.65, 2.82, 0.33, 1.24, 2.55, 1.51, 0.61, 0.24, 2.92, 2.84, 1.55, 0.69, 0.47, 2.8, 1.57, 0.37, 0.55, 3.45, 0.82, 1.94, 2.59, 1.27, 1.59, 2.88, 2.04, 1.29, 1.61, 0.69, 0.73, 2.69, 2.55, 1.0, 0.61, 0.94, 2.06, 0.78, 2.92, 2.92, 0.67, 2.92, 1.1, 0.69, 1.98, 0.96, 1.96, 3.12, 3.12, 0.61, 2.59, 1.16, 1.35, 4.61, 1.04, 2.08, 3.2, 3.14, 0.8, 1.0, 1.24, 2.88, 2.24, 1.31, 0.98, 0.82, 1.29, 2.22, 1.47, 0.24, 4.8]

ILAO*:
Tiempo requerido: 1.575
Iteraciones requeridas: 428
Nodos expandidos: 428

RLAO*:
Tiempo requerido: 1.109
Iteraciones requeridas: 51
Nodos expandidos: 1704

BLAO*:
Tiempo requerido: 0.807
Iteraciones requeridas: 37
Nodos expandidos: 1037

VI:
Tiempo requerido: 2.08
Iteraciones requeridas: 86

Problema 5
-------------------------------------------------------
LAO*:
Tiempo requerido: 11.023
Iteraciones requeridas: 226
Nodos expandidos: 226
Porcentajes del conjunto Z: [0.02, 0.04, 0.06, 0.08, 0.1, 0.12, 0.04, 0.04, 0.08, 0.12, 0.12, 0.16, 0.04, 0.04, 0.06, 0.12, 0.1, 0.16, 0.14, 0.22, 0.18, 0.27, 0.22, 0.33, 0.29, 0.31, 0.33, 0.37, 0.35, 0.61, 0.41, 0.39, 0.39, 0.45, 0.41, 0.41, 0.71, 0.41, 0.41, 0.08, 0.06, 0.78, 0.1, 0.43, 0.1, 0.43, 0.8, 0.16, 0.45, 0.82, 0.29, 0.47, 0.47, 0.9, 0.37, 0.96, 0.43, 0.31, 0.47, 0.35, 0.51, 0.39, 0.55, 0.41, 0.59, 0.43, 0.06, 0.08, 0.06, 0.06, 0.12, 0.06, 0.61, 0.45, 0.18, 0.12, 0.47, 0.27, 0.2, 0.49, 0.47, 0.37, 0.27, 1.08, 0.37, 0.16, 0.51, 0.53, 0.53, 0.55, 0.55, 1.06, 1.12, 0.59, 0.27, 0.57, 0.55, 0.57, 0.86, 0.41, 0.43, 0.61, 0.57, 1.16, 0.47, 0.65, 0.65, 0.59, 1.49, 0.73, 0.69, 0.61, 0.41, 1.33, 0.82, 0.73, 0.59, 0.47, 0.63, 0.08, 0.12, 0.12, 0.43, 0.86, 0.78, 0.65, 0.18, 0.69, 0.22, 0.49, 0.92, 0.84, 0.67, 0.22, 0.73, 0.35, 0.53, 0.88, 0.69, 0.69, 0.37, 0.45, 0.63, 0.94, 0.51, 0.73, 0.71, 0.57, 0.53, 1.02, 0.76, 0.67, 1.06, 0.61, 0.59, 0.39, 0.8, 0.47, 1.1, 1.14, 0.84, 0.69, 0.84, 1.14, 0.71, 0.41, 0.65, 0.86, 0.49, 0.61, 0.1, 0.1, 0.88, 0.12, 0.12, 0.12, 0.18, 0.12, 0.14, 0.63, 0.9, 0.9, 0.14, 0.9, 0.82, 0.45, 0.96, 0.92, 0.71, 0.31, 0.29, 1.0, 0.55, 0.94, 0.94, 0.76, 0.8, 0.47, 0.39, 1.06, 1.0, 0.96, 0.63, 1.02, 0.65, 0.41, 0.41, 0.8, 1.02, 0.92, 0.67, 0.71, 0.84, 1.04, 1.04, 0.88, 0.84, 0.31, 0.61, 1.08, 1.06, 0.96, 0.53, 0.65, 0.94, 1.14]

ILAO*:
Tiempo requerido: 0.466
Iteraciones requeridas: 266
Nodos expandidos: 266

RLAO*:
Tiempo requerido: 0.442
Iteraciones requeridas: 42
Nodos expandidos: 1213

BLAO*:
Tiempo requerido: 0.371
Iteraciones requeridas: 34
Nodos expandidos: 870

VI:
Tiempo requerido: 2.245
Iteraciones requeridas: 91

Problema 6
-------------------------------------------------------
LAO*:
Tiempo requerido: 24.441
Iteraciones requeridas: 402
Nodos expandidos: 402
Porcentajes del conjunto Z: [0.02, 0.04, 0.04, 0.04, 0.08, 0.1, 0.12, 0.14, 0.04, 0.04, 0.04, 0.12, 0.1, 0.14, 0.18, 0.14, 0.16, 0.18, 0.2, 0.2, 0.24, 0.22, 0.29, 0.27, 0.08, 0.08, 0.16, 0.16, 0.18, 0.22, 0.2, 0.27, 0.31, 0.29, 0.33, 0.37, 0.33, 0.41, 0.35, 0.29, 0.49, 0.37, 0.31, 0.57, 0.39, 0.65, 0.06, 0.08, 0.1, 0.41, 0.06, 0.08, 0.08, 0.71, 0.2, 0.18, 0.73, 0.73, 0.27, 0.27, 0.78, 0.31, 0.35, 0.8, 0.8, 0.39, 0.84, 0.82, 0.43, 0.84, 0.41, 0.45, 0.86, 0.53, 0.88, 0.49, 0.57, 0.9, 0.55, 0.61, 0.57, 0.63, 0.12, 0.61, 0.65, 0.61, 0.24, 0.96, 0.67, 0.67, 0.31, 1.18, 1.06, 0.33, 0.39, 0.69, 0.88, 0.43, 0.35, 0.73, 0.51, 0.92, 1.18, 0.41, 0.82, 0.98, 0.41, 0.84, 0.45, 1.29, 0.45, 0.86, 0.86, 0.45, 1.33, 0.59, 0.98, 0.73, 0.08, 1.39, 1.35, 0.1, 0.51, 0.12, 0.1, 0.14, 0.1, 1.45, 0.55, 0.27, 0.67, 0.22, 0.92, 1.47, 1.47, 0.55, 0.29, 0.92, 1.51, 0.41, 0.49, 0.31, 1.08, 1.08, 0.49, 1.43, 1.1, 0.84, 0.57, 0.41, 1.88, 0.88, 0.61, 0.9, 0.47, 1.24, 0.92, 0.51, 0.65, 0.53, 1.06, 0.96, 1.14, 0.61, 0.98, 0.63, 0.86, 0.98, 0.63, 0.12, 0.1, 0.14, 1.0, 0.67, 0.67, 1.0, 0.31, 0.96, 1.57, 0.71, 0.76, 0.35, 0.33, 0.88, 1.06, 0.82, 0.47, 1.08, 0.35, 0.88, 0.57, 1.2, 1.1, 1.1, 0.96, 0.63, 0.45, 1.14, 1.12, 0.94, 1.24, 1.14, 1.14, 1.08, 0.65, 1.18, 1.16, 1.12, 0.55, 1.22, 1.18, 1.18, 0.14, 0.65, 0.14, 0.65, 0.1, 0.1, 0.16, 0.2, 0.16, 0.16, 0.14, 1.31, 1.24, 0.39, 1.02, 0.24, 0.43, 1.2, 1.27, 0.35, 0.82, 0.31, 0.33, 1.29, 1.29, 0.76, 1.39, 0.49, 0.9, 1.33, 1.69, 0.78, 0.51, 0.57, 0.94, 1.24, 0.96, 1.39, 0.65, 0.8, 1.04, 0.61, 1.51, 0.73, 0.59, 1.33, 1.31, 1.55, 0.8, 1.39, 1.18, 0.84, 0.65, 1.24, 1.24, 0.84, 1.06, 0.16, 1.82, 0.94, 0.16, 0.14, 0.16, 0.12, 0.88, 1.47, 0.37, 1.35, 0.14, 1.22, 0.88, 0.98, 0.2, 1.53, 1.04, 1.43, 0.45, 1.35, 1.27, 1.37, 1.06, 0.41, 0.57, 1.45, 1.37, 1.49, 1.2, 0.76, 0.69, 1.39, 1.35, 1.65, 0.84, 0.88, 1.53, 1.41, 0.94, 0.29, 1.78, 1.61, 1.2, 1.0, 1.43, 1.33, 1.67, 1.45, 1.22, 1.16, 1.39, 1.73, 1.47, 1.37, 0.18, 0.18, 0.14, 0.22, 0.2, 0.22, 0.24, 0.2, 0.14, 0.16, 1.49, 1.8, 1.29, 0.22, 0.47, 1.53, 0.18, 0.31, 0.9, 1.45, 1.57, 1.94, 1.55, 1.47, 2.08, 1.04, 1.86, 1.55, 1.31, 1.49, 1.88, 0.98, 1.16, 2.14, 1.45, 1.51, 0.63, 1.9, 1.9, 1.31, 2.16, 1.24, 0.51, 1.41, 1.53, 0.86, 1.92, 1.92, 2.24, 1.55, 1.12, 0.39, 1.43, 1.47, 1.76, 2.57, 1.47, 0.59, 1.94, 1.94, 1.65, 1.84, 1.04, 2.04, 2.04, 1.94, 0.57, 1.96, 1.51, 0.67, 1.51, 0.63, 1.71, 2.08, 1.67, 1.55, 2.04, 2.08]

ILAO*:
Tiempo requerido: 1.384
Iteraciones requeridas: 462
Nodos expandidos: 462

RLAO*:
Tiempo requerido: 1.037
Iteraciones requeridas: 48
Nodos expandidos: 1574

BLAO*:
Tiempo requerido: 0.611
Iteraciones requeridas: 39
Nodos expandidos: 1152

VI:
Tiempo requerido: 2.305
Iteraciones requeridas: 91

Problema 7
-------------------------------------------------------
LAO*:
Tiempo requerido: 13.89
Iteraciones requeridas: 256
Nodos expandidos: 256
Porcentajes del conjunto Z: [0.02, 0.04, 0.06, 0.08, 0.04, 0.04, 0.08, 0.08, 0.12, 0.12, 0.16, 0.18, 0.2, 0.2, 0.22, 0.24, 0.24, 0.29, 0.27, 0.29, 0.04, 0.04, 0.04, 0.12, 0.1, 0.18, 0.16, 0.24, 0.22, 0.22, 0.27, 0.24, 0.22, 0.31, 0.37, 0.29, 0.43, 0.33, 0.37, 0.14, 0.14, 0.22, 0.22, 0.31, 0.27, 0.37, 0.29, 0.47, 0.31, 0.57, 0.27, 0.37, 0.33, 0.39, 0.73, 0.06, 0.06, 0.39, 0.06, 0.06, 0.41, 0.08, 0.1, 0.78, 0.12, 0.14, 0.43, 0.8, 0.22, 0.27, 0.82, 0.29, 0.33, 0.84, 0.41, 0.41, 0.47, 0.45, 0.53, 0.55, 0.39, 0.65, 0.43, 0.43, 0.47, 0.08, 0.1, 0.47, 0.84, 0.29, 0.31, 0.49, 0.86, 0.41, 0.39, 0.51, 0.51, 0.71, 0.55, 0.51, 0.47, 0.57, 0.92, 0.88, 0.57, 0.92, 0.53, 1.27, 0.59, 0.41, 0.98, 0.96, 0.59, 1.35, 0.61, 0.59, 0.47, 0.98, 0.65, 1.45, 0.65, 0.45, 1.0, 0.63, 1.53, 0.08, 1.1, 0.86, 0.82, 0.78, 0.65, 0.1, 0.1, 0.12, 0.14, 0.12, 0.12, 0.1, 0.67, 0.47, 1.08, 0.67, 0.18, 0.82, 0.69, 0.18, 0.51, 1.65, 1.08, 0.63, 1.08, 0.29, 0.86, 0.71, 1.76, 0.53, 1.06, 0.9, 0.92, 0.76, 0.76, 0.88, 0.45, 0.37, 1.88, 1.14, 0.96, 0.78, 0.76, 0.49, 0.53, 1.98, 0.43, 0.82, 1.22, 0.61, 1.27, 2.14, 0.53, 0.43, 0.84, 1.33, 1.33, 0.61, 2.22, 1.35, 0.59, 0.88, 0.67, 2.29, 0.9, 0.49, 1.37, 1.37, 0.71, 2.37, 1.78, 0.51, 0.45, 0.78, 1.24, 1.49, 0.53, 0.78, 0.73, 0.14, 1.24, 1.86, 1.55, 1.61, 1.04, 0.18, 1.27, 1.63, 1.1, 0.37, 1.37, 0.27, 1.86, 0.8, 0.88, 0.9, 0.53, 0.82, 1.31, 1.08, 1.96, 0.57, 0.67, 1.8, 0.9, 0.94, 1.2, 0.67, 0.76, 0.96, 1.39, 0.86, 1.29, 0.49, 2.0, 0.96, 1.49, 0.98, 0.92, 0.9, 1.51, 0.59, 1.31, 2.02, 1.41, 1.04, 1.0, 0.67, 1.59, 2.0]

ILAO*:
Tiempo requerido: 0.663
Iteraciones requeridas: 274
Nodos expandidos: 274

RLAO*:
Tiempo requerido: 0.693
Iteraciones requeridas: 46
Nodos expandidos: 1428

BLAO*:
Tiempo requerido: 0.501
Iteraciones requeridas: 33
Nodos expandidos: 838

VI:
Tiempo requerido: 1.954
Iteraciones requeridas: 84

Problema 8
-------------------------------------------------------
LAO*:
Tiempo requerido: 23.826
Iteraciones requeridas: 405
Nodos expandidos: 405
Porcentajes del conjunto Z: [0.02, 0.04, 0.04, 0.04, 0.08, 0.04, 0.06, 0.1, 0.1, 0.12, 0.14, 0.16, 0.16, 0.2, 0.18, 0.24, 0.2, 0.29, 0.22, 0.33, 0.24, 0.27, 0.29, 0.31, 0.1, 0.12, 0.12, 0.14, 0.14, 0.31, 0.18, 0.18, 0.16, 0.45, 0.22, 0.53, 0.59, 0.27, 0.65, 0.31, 0.69, 0.06, 0.08, 0.06, 0.12, 0.35, 0.06, 0.35, 0.12, 0.16, 0.37, 0.16, 0.39, 0.39, 0.2, 0.43, 0.41, 0.24, 0.47, 0.27, 0.49, 0.27, 0.33, 0.49, 0.41, 0.08, 0.43, 0.14, 0.37, 0.45, 0.45, 0.2, 0.55, 0.18, 0.49, 0.22, 0.61, 0.41, 0.51, 0.73, 0.59, 0.59, 0.33, 0.67, 0.1, 0.73, 0.1, 0.14, 0.12, 0.12, 0.39, 0.12, 0.51, 0.45, 0.18, 0.49, 0.14, 0.2, 0.41, 0.2, 0.53, 0.24, 0.45, 0.29, 0.29, 0.59, 0.35, 0.61, 0.39, 0.57, 0.82, 0.41, 0.63, 0.31, 0.33, 0.61, 0.88, 0.43, 0.43, 0.63, 0.73, 0.9, 0.47, 0.45, 0.98, 0.65, 0.92, 0.82, 0.12, 0.45, 0.47, 1.06, 0.96, 0.73, 1.04, 1.12, 0.57, 0.16, 0.18, 0.96, 0.67, 0.98, 0.16, 1.37, 0.71, 0.98, 0.31, 0.31, 1.47, 0.35, 0.73, 0.39, 0.35, 1.16, 0.9, 0.49, 0.41, 1.53, 0.43, 0.94, 1.67, 0.78, 0.53, 0.1, 0.76, 0.14, 0.12, 1.06, 0.53, 0.12, 0.1, 0.12, 0.12, 0.14, 0.24, 0.61, 0.63, 0.16, 0.24, 1.16, 0.65, 0.18, 0.37, 0.22, 0.71, 1.18, 0.67, 0.8, 0.29, 1.2, 1.1, 0.33, 0.84, 0.43, 0.69, 1.22, 1.22, 0.41, 0.37, 1.16, 0.88, 0.76, 1.27, 1.24, 0.45, 0.9, 1.27, 0.57, 0.53, 1.14, 0.92, 1.86, 0.55, 1.29, 1.16, 1.29, 0.9, 1.29, 1.18, 1.04, 0.57, 1.27, 1.35, 1.33, 1.31, 0.98, 1.33, 1.06, 1.29, 1.33, 1.29, 0.14, 0.16, 1.41, 1.35, 1.41, 1.35, 0.22, 1.76, 0.24, 0.22, 1.39, 0.22, 0.71, 0.22, 0.65, 1.55, 1.45, 1.41, 0.18, 0.33, 2.04, 0.69, 1.47, 1.86, 0.43, 0.35, 1.82, 1.8, 1.18, 0.86, 1.43, 1.51, 1.51, 2.08, 0.49, 0.51, 0.76, 1.47, 0.92, 1.37, 1.55, 1.49, 2.8, 2.18, 1.51, 0.8, 1.69, 1.08, 0.98, 0.49, 2.2, 2.18, 0.96, 0.82, 2.08, 1.45, 2.16, 0.59, 2.24, 1.59, 0.84, 0.84, 0.84, 3.1, 2.22, 0.63, 1.61, 2.08, 0.9, 0.86, 3.22, 2.22, 0.65, 2.29, 0.22, 1.84, 0.12, 1.63, 0.12, 0.94, 0.16, 0.14, 0.16, 0.29, 0.88, 0.2, 0.88, 0.14, 0.18, 1.02, 3.31, 2.29, 2.35, 0.69, 0.29, 2.37, 0.92, 0.9, 1.04, 3.41, 2.31, 2.39, 2.39, 0.9, 0.45, 1.47, 0.29, 1.04, 0.73, 3.65, 0.31, 1.37, 0.29, 1.53, 0.73, 0.76, 1.06, 1.06, 1.49, 1.08, 0.45, 1.1, 1.08, 0.8, 0.9, 2.1, 1.78, 0.51, 1.76, 1.55, 0.65, 0.88, 1.16, 0.92, 1.14, 1.1, 1.82, 1.78, 0.73, 2.49, 0.55, 1.61, 1.22, 1.18, 1.69, 1.12, 1.8, 2.61, 0.71, 0.98, 1.29, 1.22, 1.67, 1.78, 0.55, 1.14, 1.84, 1.84, 2.94, 1.0, 1.35, 1.8, 1.27, 1.16, 1.88, 2.55, 1.86, 2.67, 1.06, 1.41, 0.9, 1.67, 1.31, 1.84]

ILAO*:
Tiempo requerido: 1.335
Iteraciones requeridas: 452
Nodos expandidos: 452

RLAO*:
Tiempo requerido: 0.819
Iteraciones requeridas: 49
Nodos expandidos: 1601

BLAO*:
Tiempo requerido: 0.799
Iteraciones requeridas: 39
Nodos expandidos: 1243

VI:
Tiempo requerido: 1.992
Iteraciones requeridas: 86

Problema 9
-------------------------------------------------------
LAO*:
Tiempo requerido: 22.297
Iteraciones requeridas: 356
Nodos expandidos: 356
Porcentajes del conjunto Z: [0.02, 0.04, 0.06, 0.08, 0.04, 0.08, 0.08, 0.12, 0.12, 0.16, 0.14, 0.18, 0.16, 0.2, 0.18, 0.22, 0.2, 0.24, 0.39, 0.22, 0.27, 0.45, 0.29, 0.33, 0.04, 0.04, 0.08, 0.06, 0.27, 0.31, 0.1, 0.06, 0.57, 0.33, 0.39, 0.1, 0.63, 0.39, 0.45, 0.16, 0.18, 0.33, 0.41, 0.2, 0.22, 0.73, 0.24, 0.24, 0.51, 0.29, 0.53, 0.33, 0.2, 0.55, 0.55, 0.31, 0.22, 0.61, 0.59, 0.63, 0.59, 0.24, 0.65, 0.35, 0.65, 0.08, 0.12, 0.39, 0.69, 0.41, 0.45, 0.16, 0.16, 0.71, 0.45, 0.27, 0.49, 0.24, 0.73, 0.45, 0.55, 0.35, 0.31, 0.59, 0.35, 0.37, 0.63, 0.43, 0.41, 0.57, 0.49, 0.47, 0.57, 0.57, 0.55, 0.61, 0.67, 0.06, 0.06, 0.1, 0.1, 0.69, 0.14, 0.67, 0.35, 0.14, 0.14, 0.73, 0.71, 0.78, 0.43, 0.22, 0.2, 0.78, 0.41, 0.76, 0.33, 0.82, 0.47, 0.57, 0.37, 0.35, 0.8, 0.57, 0.65, 0.43, 0.76, 0.57, 0.71, 0.45, 0.49, 0.84, 1.04, 0.57, 0.78, 0.55, 1.14, 0.41, 0.82, 1.14, 0.71, 0.61, 1.24, 0.53, 0.63, 0.67, 1.31, 0.65, 0.69, 0.16, 0.65, 0.12, 0.24, 0.86, 0.82, 0.24, 0.33, 0.94, 0.82, 0.84, 0.35, 0.51, 1.04, 0.51, 0.94, 0.78, 0.59, 0.43, 1.04, 0.8, 0.69, 0.51, 0.71, 0.82, 1.06, 0.82, 0.8, 0.59, 0.78, 0.65, 0.86, 0.84, 0.86, 0.71, 0.92, 0.88, 0.86, 0.84, 1.2, 0.1, 0.59, 0.12, 0.16, 0.94, 0.14, 1.02, 0.9, 1.33, 0.65, 0.92, 0.9, 0.24, 0.16, 1.08, 0.8, 1.02, 0.92, 0.94, 0.27, 0.73, 0.76, 0.78, 1.06, 0.94, 1.0, 0.76, 0.31, 0.43, 0.82, 1.1, 0.9, 0.43, 1.0, 0.78, 0.84, 1.08, 1.0, 0.8, 0.55, 0.9, 1.02, 1.16, 0.49, 0.94, 1.22, 0.78, 0.57, 1.14, 1.18, 1.0, 0.88, 1.2, 1.14, 0.96, 1.06, 1.0, 0.61, 1.0, 1.35, 1.02, 1.29, 0.1, 1.88, 1.37, 1.18, 1.12, 0.14, 0.69, 2.02, 1.22, 0.84, 1.24, 0.29, 2.24, 1.1, 1.47, 0.45, 0.45, 1.04, 0.78, 1.61, 1.16, 1.16, 0.61, 1.63, 0.96, 1.24, 0.73, 0.49, 2.45, 1.57, 0.69, 0.98, 0.73, 0.61, 2.55, 0.84, 1.27, 0.84, 0.73, 2.65, 1.35, 0.98, 0.14, 0.14, 0.59, 0.18, 0.14, 0.94, 1.04, 0.1, 0.14, 0.2, 0.96, 1.24, 0.2, 1.51, 0.24, 0.16, 0.16, 0.94, 0.88, 1.49, 0.27, 1.53, 1.02, 0.82, 1.55, 0.33, 1.55, 1.55, 1.29, 1.35, 0.49, 1.59, 1.59, 1.57, 1.31, 1.06, 0.98, 0.92, 1.65, 1.59, 1.31, 1.31, 1.73, 1.69, 0.86, 0.96, 1.65, 1.37, 1.37, 1.78, 0.76, 1.04, 1.41, 1.41, 0.61, 1.06, 0.86, 0.98, 1.45, 1.45, 1.35, 2.65, 1.49]

ILAO*:
Tiempo requerido: 1.404
Iteraciones requeridas: 402
Nodos expandidos: 402

RLAO*:
Tiempo requerido: 0.662
Iteraciones requeridas: 47
Nodos expandidos: 1355

BLAO*:
Tiempo requerido: 0.434
Iteraciones requeridas: 34
Nodos expandidos: 825

VI:
Tiempo requerido: 2.077
Iteraciones requeridas: 87

Problema 10
-------------------------------------------------------
LAO*:
Tiempo requerido: 21.799
Iteraciones requeridas: 355
Nodos expandidos: 355
Porcentajes del conjunto Z: [0.02, 0.04, 0.06, 0.08, 0.04, 0.04, 0.08, 0.12, 0.16, 0.1, 0.2, 0.22, 0.22, 0.27, 0.27, 0.27, 0.29, 0.29, 0.33, 0.31, 0.04, 0.04, 0.04, 0.08, 0.06, 0.39, 0.08, 0.1, 0.35, 0.43, 0.37, 0.18, 0.16, 0.47, 0.39, 0.24, 0.49, 0.29, 0.33, 0.24, 0.37, 0.31, 0.41, 0.39, 0.43, 0.33, 0.47, 0.35, 0.08, 0.39, 0.12, 0.47, 0.18, 0.22, 0.51, 0.22, 0.41, 0.27, 0.41, 0.29, 0.51, 0.41, 0.31, 0.59, 0.06, 0.08, 0.53, 0.06, 0.08, 0.14, 0.08, 0.39, 0.16, 0.45, 0.2, 0.2, 0.49, 0.18, 0.49, 0.57, 0.53, 0.29, 0.55, 0.35, 0.35, 0.57, 0.41, 0.59, 0.49, 0.43, 0.61, 0.51, 0.59, 0.53, 0.1, 0.63, 0.08, 0.14, 0.71, 0.2, 0.2, 0.78, 0.31, 0.39, 0.39, 0.57, 0.35, 0.41, 0.55, 0.59, 0.55, 0.84, 0.37, 0.61, 0.61, 0.92, 0.37, 0.69, 0.39, 0.67, 0.71, 0.84, 0.1, 0.12, 0.12, 0.18, 0.14, 0.76, 0.76, 0.47, 0.1, 0.1, 0.82, 0.8, 0.8, 0.78, 0.2, 0.22, 0.49, 0.8, 0.86, 0.84, 0.8, 0.31, 0.82, 0.37, 0.51, 0.92, 0.8, 0.37, 0.88, 0.51, 0.53, 0.84, 0.47, 0.96, 0.9, 0.47, 0.57, 0.55, 1.0, 1.31, 0.59, 0.69, 0.63, 1.41, 0.8, 0.65, 1.45, 0.8, 0.84, 0.53, 0.73, 0.69, 0.78, 0.14, 0.65, 0.49, 0.12, 0.82, 0.82, 0.78, 0.53, 0.29, 0.18, 0.9, 0.86, 0.57, 0.41, 0.88, 0.51, 0.98, 1.0, 0.9, 0.57, 0.61, 0.67, 1.04, 0.92, 0.67, 0.67, 0.73, 1.08, 1.43, 0.82, 1.1, 0.63, 1.1, 1.47, 0.76, 1.14, 1.12, 1.49, 0.53, 0.78, 0.69, 1.18, 1.14, 1.14, 0.14, 0.2, 1.65, 1.49, 0.57, 0.2, 0.16, 0.14, 0.16, 0.2, 0.22, 0.2, 0.82, 0.16, 1.24, 1.16, 0.88, 1.71, 1.51, 0.16, 0.33, 0.84, 0.92, 1.29, 1.18, 0.29, 1.84, 1.57, 0.78, 1.27, 0.88, 1.2, 1.9, 0.55, 1.67, 0.45, 0.8, 1.12, 1.37, 1.31, 1.31, 0.49, 1.61, 0.82, 0.57, 0.61, 1.53, 1.12, 1.24, 1.22, 0.65, 1.33, 0.76, 1.06, 2.06, 0.92, 0.67, 1.57, 1.33, 1.57, 0.69, 1.92, 1.59, 0.92, 1.41, 0.41, 1.43, 0.71, 0.98, 2.0, 1.61, 0.9, 0.73, 1.8, 1.24, 0.98, 0.94, 0.18, 1.39, 1.55, 0.16, 0.94, 1.06, 1.31, 0.59, 1.65, 0.22, 2.04, 0.37, 0.96, 1.06, 2.29, 1.33, 1.76, 0.39, 2.35, 1.18, 1.39, 0.47, 1.78, 0.67, 2.27, 1.2, 0.55, 0.63, 0.82, 1.67, 0.82, 2.49, 1.33, 1.53, 0.94, 1.39, 1.29, 0.69, 2.51, 1.57, 1.08, 1.41, 2.57, 2.53, 1.29, 1.18, 0.73, 1.63, 1.16, 1.49, 1.49, 2.67, 1.78, 2.55, 0.84, 0.67, 1.47, 1.31, 2.73]

ILAO*:
Tiempo requerido: 1.353
Iteraciones requeridas: 419
Nodos expandidos: 419

RLAO*:
Tiempo requerido: 0.825
Iteraciones requeridas: 50
Nodos expandidos: 1635

BLAO*:
Tiempo requerido: 0.766
Iteraciones requeridas: 35
Nodos expandidos: 980

VI:
Tiempo requerido: 2.129
Iteraciones requeridas: 91

Media tiempo LAO: 19.087
Media iteraciones LAO: 326.0
Media expansiones LAO: 326.0

Media tiempo RLAO: 0.745
Media iteraciones RLAO: 47.0
Media expansiones RLAO: 1466.5

Media tiempo ILAO: 1.078
Media iteraciones ILAO: 367.8
Media expansiones ILAO: 367.8

Media tiempo BLAO: 0.593
Media iteraciones BLAO: 35.8
Media expansiones BLAO: 988.9

Media tiempo VI: 2.108
Media iteraciones VI: 88.1

-------------------------------------------------------
