Problema 1
-------------------------------------------------------
LAO*:
Tiempo requerido: 34.668
Iteraciones requeridas: 433
Nodos expandidos: 433
Porcentajes del conjunto Z: [0.02, 0.03, 0.05, 0.06, 0.03, 0.03, 0.06, 0.08, 0.08, 0.09, 0.11, 0.12, 0.14, 0.03, 0.03, 0.03, 0.06, 0.09, 0.08, 0.11, 0.12, 0.16, 0.09, 0.19, 0.22, 0.2, 0.12, 0.28, 0.3, 0.06, 0.05, 0.11, 0.16, 0.09, 0.22, 0.27, 0.16, 0.27, 0.3, 0.33, 0.34, 0.06, 0.08, 0.06, 0.08, 0.09, 0.09, 0.38, 0.14, 0.12, 0.39, 0.39, 0.19, 0.2, 0.42, 0.42, 0.17, 0.41, 0.42, 0.28, 0.45, 0.42, 0.28, 0.52, 0.34, 0.3, 0.53, 0.38, 0.45, 0.42, 0.56, 0.44, 0.34, 0.58, 0.45, 0.44, 0.48, 0.45, 0.44, 0.06, 0.36, 0.48, 0.28, 0.45, 0.45, 0.81, 0.55, 0.2, 0.47, 0.27, 0.58, 0.48, 0.23, 1.0, 0.44, 0.28, 0.34, 0.31, 0.7, 0.33, 0.67, 0.47, 0.75, 0.31, 0.78, 0.38, 0.41, 0.06, 0.42, 0.09, 0.08, 0.09, 0.11, 0.09, 0.06, 0.12, 0.12, 0.12, 0.12, 0.78, 0.12, 0.78, 0.2, 0.22, 0.8, 0.28, 0.78, 0.61, 0.83, 0.33, 0.34, 0.84, 0.38, 0.7, 0.42, 0.84, 0.77, 0.39, 0.84, 0.36, 0.86, 0.58, 0.42, 0.64, 0.64, 0.12, 0.42, 0.44, 0.09, 0.39, 0.7, 0.17, 0.45, 0.77, 0.77, 0.77, 0.19, 0.48, 0.8, 0.28, 0.41, 0.5, 0.5, 0.5, 0.81, 0.53, 0.52, 0.8, 0.47, 0.53, 0.84, 0.83, 0.19, 0.56, 0.53, 0.33, 0.86, 0.86, 0.88, 0.2, 0.61, 0.59, 0.55, 0.64, 0.64, 0.89, 1.02, 0.66, 0.22, 1.19, 0.62, 0.7, 0.66, 0.98, 1.14, 0.92, 0.38, 0.69, 0.39, 0.73, 0.67, 1.12, 0.92, 0.42, 0.12, 0.95, 0.14, 0.16, 0.09, 0.17, 0.2, 0.7, 0.77, 0.78, 0.69, 0.47, 0.17, 0.16, 0.12, 1.22, 0.47, 0.89, 0.89, 0.16, 0.81, 0.72, 0.59, 1.0, 0.98, 1.31, 0.47, 0.69, 0.83, 0.83, 0.19, 1.03, 1.0, 0.5, 1.45, 1.38, 0.84, 0.84, 0.94, 0.22, 1.16, 1.56, 0.27, 0.83, 0.55, 0.31, 0.95, 0.61, 0.86, 1.19, 1.67, 1.3, 0.33, 0.58, 0.97, 0.91, 0.64, 0.52, 0.92, 0.56, 1.52, 0.41, 0.36, 0.98, 1.55, 0.64, 1.58, 0.47, 0.94, 1.0, 0.44, 0.7, 0.66, 1.06, 1.64, 0.95, 0.73, 0.67, 0.67, 1.92, 0.44, 0.98, 0.7, 1.23, 0.53, 0.69, 0.17, 0.11, 1.97, 0.53, 1.0, 0.72, 0.73, 1.19, 0.12, 1.67, 0.7, 0.58, 0.19, 0.55, 0.95, 0.69, 2.28, 1.3, 1.91, 0.23, 0.81, 0.2, 0.62, 0.31, 1.0, 2.45, 0.33, 0.67, 0.98, 0.81, 0.78, 0.38, 0.36, 1.45, 0.56, 0.86, 0.59, 0.83, 1.03, 0.48, 0.39, 1.47, 0.91, 0.84, 0.92, 1.47, 1.36, 0.58, 0.61, 0.95, 0.97, 1.73, 0.73, 0.94, 0.52, 0.58, 0.75, 1.27, 1.62, 1.55, 0.77, 1.34, 0.97, 0.69, 0.7, 1.42, 1.42, 1.28, 1.28, 0.97, 1.41, 1.52, 0.66, 0.19, 1.31, 1.33, 1.27, 0.91, 0.23, 0.22, 1.2, 0.17, 1.81, 1.78, 0.16, 0.2, 0.19, 0.11, 0.11, 0.11, 0.2, 0.22, 0.31, 0.22, 2.34, 0.48, 1.36, 1.08, 0.22, 0.91, 1.84, 1.8, 0.45, 0.83, 1.52, 0.86, 0.17, 1.47, 1.38, 1.88, 1.88, 0.81, 0.16, 1.81, 1.53, 0.62, 1.45, 1.14, 0.61, 1.92, 1.83, 0.92, 0.27, 0.22, 1.53, 0.72, 1.05, 1.47, 1.14, 0.56, 1.94, 1.83, 0.34, 0.38, 0.94, 1.61, 1.12, 2.53, 0.36, 2.84, 0.48, 0.72, 2.12]

ILAO*:
Tiempo requerido: 1.817
Iteraciones requeridas: 477
Nodos expandidos: 477

RLAO*:
Tiempo requerido: 0.97
Iteraciones requeridas: 52
Nodos expandidos: 1844

BLAO*:
Tiempo requerido: 0.764
Iteraciones requeridas: 43
Nodos expandidos: 1416

VI:
Tiempo requerido: 2.822
Iteraciones requeridas: 91

Problema 2
-------------------------------------------------------
LAO*:
Tiempo requerido: 23.174
Iteraciones requeridas: 319
Nodos expandidos: 319
Porcentajes del conjunto Z: [0.02, 0.03, 0.05, 0.06, 0.08, 0.09, 0.11, 0.03, 0.03, 0.06, 0.08, 0.09, 0.09, 0.12, 0.11, 0.14, 0.14, 0.17, 0.03, 0.03, 0.05, 0.03, 0.08, 0.11, 0.11, 0.14, 0.19, 0.09, 0.23, 0.16, 0.14, 0.19, 0.16, 0.2, 0.27, 0.17, 0.22, 0.31, 0.23, 0.06, 0.34, 0.09, 0.25, 0.11, 0.25, 0.39, 0.14, 0.12, 0.27, 0.42, 0.19, 0.19, 0.28, 0.19, 0.45, 0.3, 0.3, 0.33, 0.16, 0.33, 0.36, 0.33, 0.19, 0.39, 0.16, 0.34, 0.22, 0.42, 0.36, 0.19, 0.45, 0.05, 0.05, 0.05, 0.08, 0.2, 0.05, 0.47, 0.11, 0.11, 0.22, 0.25, 0.28, 0.44, 0.16, 0.2, 0.23, 0.5, 0.23, 0.25, 0.3, 0.56, 0.28, 0.28, 0.27, 0.64, 0.36, 0.69, 0.31, 0.19, 0.34, 0.33, 0.33, 0.36, 0.39, 0.38, 0.41, 0.39, 0.47, 0.22, 0.06, 0.5, 0.25, 0.53, 0.28, 0.48, 0.16, 0.17, 0.55, 0.2, 0.34, 0.27, 0.56, 0.58, 0.28, 0.38, 0.59, 0.42, 0.3, 0.28, 0.61, 0.45, 0.5, 0.62, 0.64, 0.36, 0.5, 0.66, 0.38, 0.8, 0.34, 0.55, 0.67, 0.67, 0.34, 0.41, 0.58, 0.7, 0.08, 0.42, 0.5, 0.08, 0.12, 0.09, 0.08, 0.09, 0.11, 0.11, 0.09, 0.08, 0.72, 0.55, 0.48, 0.69, 0.73, 0.58, 0.52, 0.25, 0.75, 0.62, 0.55, 0.22, 0.31, 0.27, 0.36, 0.77, 0.66, 0.31, 0.36, 0.56, 0.42, 0.78, 0.69, 0.58, 0.47, 0.31, 0.47, 0.8, 0.73, 0.59, 0.47, 0.73, 0.62, 0.81, 0.77, 0.52, 0.52, 0.64, 0.31, 0.53, 0.83, 0.8, 0.84, 0.39, 0.77, 0.86, 0.72, 0.38, 0.61, 0.59, 0.88, 0.75, 0.41, 0.09, 0.61, 0.09, 0.89, 0.75, 0.58, 0.47, 0.45, 0.17, 0.62, 0.78, 0.77, 0.62, 0.56, 0.5, 0.64, 0.81, 0.8, 0.45, 0.61, 0.69, 0.86, 0.66, 0.33, 0.84, 0.83, 0.73, 0.59, 0.91, 0.48, 0.28, 0.56, 0.88, 0.78, 0.95, 0.17, 0.7, 0.58, 0.53, 0.88, 0.91, 0.83, 0.52, 0.28, 1.0, 0.58, 0.73, 0.59, 0.94, 1.14, 0.58, 0.3, 0.89, 0.81, 1.03, 0.66, 0.62, 0.94, 1.27, 0.69, 1.05, 0.72, 0.64, 0.94, 1.53, 0.09, 0.16, 0.11, 0.2, 0.14, 1.31, 0.16, 0.17, 0.09, 0.48, 0.66, 0.66, 0.97, 0.95, 1.09, 1.62, 0.47, 0.52, 1.2, 0.14, 0.64, 0.84, 1.3, 1.09, 1.28, 0.69, 0.61, 1.23, 0.86, 1.31, 0.94, 0.64, 0.56, 0.2, 1.3, 1.12, 1.84, 0.66, 0.33, 1.3, 1.38]

ILAO*:
Tiempo requerido: 0.816
Iteraciones requeridas: 372
Nodos expandidos: 372

RLAO*:
Tiempo requerido: 1.11
Iteraciones requeridas: 51
Nodos expandidos: 1781

BLAO*:
Tiempo requerido: 0.717
Iteraciones requeridas: 42
Nodos expandidos: 1322

VI:
Tiempo requerido: 2.838
Iteraciones requeridas: 91

Problema 3
-------------------------------------------------------
LAO*:
Tiempo requerido: 31.329
Iteraciones requeridas: 395
Nodos expandidos: 395
Porcentajes del conjunto Z: [0.02, 0.03, 0.03, 0.03, 0.06, 0.03, 0.03, 0.05, 0.05, 0.09, 0.09, 0.12, 0.14, 0.16, 0.17, 0.16, 0.19, 0.17, 0.22, 0.23, 0.23, 0.27, 0.25, 0.3, 0.27, 0.31, 0.27, 0.06, 0.06, 0.34, 0.11, 0.12, 0.11, 0.16, 0.14, 0.19, 0.28, 0.22, 0.16, 0.34, 0.25, 0.17, 0.41, 0.27, 0.25, 0.28, 0.27, 0.2, 0.52, 0.3, 0.31, 0.44, 0.06, 0.31, 0.06, 0.06, 0.08, 0.39, 0.52, 0.12, 0.14, 0.19, 0.17, 0.23, 0.28, 0.33, 0.28, 0.36, 0.31, 0.33, 0.39, 0.62, 0.06, 0.08, 0.08, 0.72, 0.17, 0.73, 0.22, 0.17, 0.75, 0.3, 0.77, 0.77, 0.28, 0.38, 0.31, 0.34, 0.34, 0.36, 0.09, 0.08, 0.11, 0.08, 0.09, 0.09, 0.78, 0.16, 0.84, 0.23, 0.2, 0.33, 0.25, 0.77, 0.41, 0.27, 0.8, 0.78, 0.47, 0.28, 0.3, 0.81, 0.8, 0.8, 0.52, 0.31, 0.88, 0.83, 0.83, 0.83, 0.81, 0.48, 0.33, 0.95, 0.88, 0.84, 0.86, 0.83, 0.34, 0.56, 0.34, 1.03, 0.92, 0.95, 0.34, 0.94, 0.61, 0.36, 0.28, 0.97, 0.09, 0.95, 0.09, 0.64, 0.42, 1.14, 0.3, 0.98, 0.97, 0.45, 0.44, 0.19, 0.16, 1.19, 1.0, 0.48, 0.56, 0.48, 0.42, 0.98, 0.98, 0.47, 1.25, 0.44, 0.75, 1.08, 0.53, 0.52, 0.48, 0.34, 0.27, 1.28, 1.05, 0.53, 0.59, 0.58, 0.55, 0.3, 0.5, 1.28, 0.31, 1.16, 0.61, 1.23, 0.62, 0.58, 0.48, 0.34, 1.17, 1.19, 1.33, 0.56, 0.39, 0.72, 0.67, 0.59, 1.08, 0.77, 0.7, 0.48, 0.83, 0.44, 1.28, 0.98, 0.69, 0.81, 0.48, 0.38, 1.3, 1.61, 0.14, 0.09, 0.88, 0.83, 0.16, 0.53, 0.09, 0.17, 0.14, 0.12, 0.45, 0.12, 0.11, 1.31, 0.97, 1.69, 0.91, 0.89, 1.38, 0.77, 1.09, 1.05, 0.25, 1.92, 0.25, 1.06, 1.84, 0.3, 0.41, 1.03, 0.48, 1.08, 1.36, 0.33, 1.11, 1.11, 1.09, 1.28, 0.62, 0.47, 1.66, 1.19, 1.14, 0.41, 1.77, 0.78, 0.53, 1.25, 1.19, 0.47, 1.42, 1.8, 1.17, 0.69, 0.53, 1.86, 0.81, 1.28, 1.27, 0.91, 1.27, 0.11, 0.09, 0.55, 0.12, 0.98, 0.66, 1.95, 0.58, 0.12, 1.05, 0.2, 1.3, 1.3, 0.17, 0.47, 2.0, 0.58, 0.27, 1.33, 1.33, 1.09, 1.67, 0.5, 0.19, 1.36, 1.61, 0.33, 0.53, 1.33, 1.33, 0.95, 1.19, 0.47, 0.41, 1.69, 1.69, 1.09, 2.09, 0.64, 1.41, 1.36, 1.3, 1.77, 0.45, 1.12, 0.47, 0.83, 1.45, 1.41, 1.69, 0.61, 1.14, 0.55, 0.61, 2.27, 0.8, 1.48, 1.48, 1.42, 0.64, 1.16, 2.33, 0.5, 0.67, 1.56, 1.53, 1.45, 0.58, 1.39, 0.73, 0.83, 1.3, 0.16, 0.14, 0.17, 0.12, 0.11, 0.22, 0.14, 0.11, 0.16, 0.67, 0.62, 0.16, 0.17, 0.67, 0.25, 0.16, 0.14, 0.14, 1.42, 0.86, 0.75, 1.34, 0.16, 0.61, 1.58, 0.73, 0.17, 0.69, 1.62, 1.2, 1.7, 0.73, 0.73, 0.19, 1.64, 1.42, 1.75, 0.77, 0.72, 0.72, 0.64, 0.3, 1.66, 0.89, 1.67, 0.53, 1.78, 0.78, 1.59, 0.42, 1.56, 1.45]

ILAO*:
Tiempo requerido: 1.308
Iteraciones requeridas: 435
Nodos expandidos: 435

RLAO*:
Tiempo requerido: 1.101
Iteraciones requeridas: 54
Nodos expandidos: 1992

BLAO*:
Tiempo requerido: 0.97
Iteraciones requeridas: 42
Nodos expandidos: 1410

VI:
Tiempo requerido: 2.893
Iteraciones requeridas: 91

Problema 4
-------------------------------------------------------
LAO*:
Tiempo requerido: 35.291
Iteraciones requeridas: 456
Nodos expandidos: 456
Porcentajes del conjunto Z: [0.02, 0.03, 0.05, 0.03, 0.03, 0.06, 0.09, 0.03, 0.05, 0.05, 0.09, 0.11, 0.12, 0.14, 0.14, 0.16, 0.16, 0.28, 0.17, 0.17, 0.17, 0.34, 0.05, 0.06, 0.09, 0.11, 0.16, 0.14, 0.17, 0.23, 0.2, 0.25, 0.22, 0.23, 0.23, 0.23, 0.27, 0.28, 0.27, 0.25, 0.33, 0.34, 0.3, 0.05, 0.05, 0.06, 0.27, 0.08, 0.08, 0.06, 0.38, 0.33, 0.14, 0.06, 0.41, 0.41, 0.2, 0.16, 0.44, 0.42, 0.22, 0.47, 0.44, 0.25, 0.5, 0.45, 0.31, 0.53, 0.47, 0.25, 0.34, 0.56, 0.48, 0.59, 0.55, 0.25, 0.52, 0.3, 0.28, 0.55, 0.09, 0.06, 0.39, 0.08, 0.09, 0.47, 0.17, 0.16, 0.53, 0.23, 0.25, 0.28, 0.47, 0.31, 0.58, 0.38, 0.23, 0.5, 0.28, 0.42, 0.53, 0.3, 0.45, 0.67, 0.31, 0.5, 0.33, 0.61, 0.06, 0.09, 0.06, 0.53, 0.11, 0.06, 0.11, 0.08, 0.09, 0.72, 0.39, 0.58, 0.2, 0.09, 0.56, 0.3, 0.22, 0.58, 0.3, 0.44, 0.22, 0.58, 0.25, 0.45, 0.36, 0.61, 0.62, 0.59, 0.47, 0.48, 0.64, 0.3, 0.61, 0.52, 0.67, 0.67, 0.34, 0.62, 0.72, 0.64, 0.52, 0.31, 0.75, 0.66, 0.66, 0.61, 0.55, 0.62, 0.8, 0.55, 0.67, 0.69, 0.61, 0.84, 0.11, 0.7, 0.12, 0.56, 0.12, 0.11, 0.88, 0.64, 0.73, 0.59, 0.23, 0.22, 0.66, 0.73, 0.55, 0.33, 0.86, 0.47, 0.61, 0.39, 0.3, 0.56, 0.97, 0.41, 0.33, 0.53, 0.42, 1.02, 0.66, 0.58, 0.41, 0.64, 0.52, 0.69, 0.47, 0.45, 0.53, 0.67, 0.59, 0.84, 0.73, 0.53, 0.52, 0.89, 0.52, 0.75, 0.77, 0.56, 0.12, 0.11, 0.11, 0.55, 0.14, 0.17, 0.16, 0.16, 0.08, 0.2, 0.16, 0.14, 0.94, 1.19, 0.19, 0.66, 0.77, 1.02, 0.34, 1.02, 0.77, 0.61, 0.38, 1.03, 0.95, 1.09, 0.89, 0.39, 0.94, 0.72, 0.44, 0.52, 0.45, 0.58, 0.98, 0.55, 0.58, 0.66, 0.69, 0.73, 0.69, 0.8, 0.67, 0.81, 0.77, 0.73, 0.77, 0.84, 0.69, 0.8, 0.89, 0.75, 0.83, 0.78, 0.84, 0.88, 0.91, 0.84, 0.91, 0.91, 0.16, 0.12, 0.17, 0.83, 0.98, 0.27, 0.98, 0.97, 0.36, 0.84, 0.53, 0.97, 0.45, 1.06, 0.86, 0.5, 0.48, 1.02, 1.25, 0.52, 0.73, 0.67, 1.03, 1.28, 0.72, 1.05, 0.72, 0.75, 0.8, 1.44, 0.83, 0.8, 0.83, 0.89, 0.8, 0.56, 0.89, 0.61, 0.95, 0.14, 0.19, 0.2, 0.22, 0.23, 0.27, 0.2, 0.22, 0.19, 0.14, 0.92, 0.98, 0.92, 0.88, 0.94, 0.39, 0.72, 1.19, 0.3, 1.02, 0.94, 0.94, 1.2, 0.55, 0.89, 0.92, 0.89, 0.42, 1.03, 1.08, 1.0, 1.0, 0.95, 1.12, 1.23, 1.02, 0.56, 1.05, 1.12, 0.95, 1.0, 1.09, 1.03, 0.62, 1.09, 1.17, 1.19, 1.19, 1.27, 1.45, 1.28, 0.62, 1.0, 0.73, 1.02, 0.78, 1.22, 1.67, 1.22, 1.23, 1.3, 1.23, 1.12, 1.55, 1.28, 1.28, 0.78, 1.06, 0.88, 0.55, 1.06, 1.8, 1.33, 1.36, 1.3, 1.3, 0.92, 0.83, 1.06, 1.03, 1.83, 1.23, 1.36, 1.3, 0.97, 0.92, 1.09, 1.09, 1.09, 1.12, 0.97, 1.92, 1.42, 0.83, 1.28, 0.94, 0.2, 1.14, 1.12, 1.11, 1.05, 0.2, 0.14, 0.14, 1.72, 1.5, 0.81, 1.14, 1.42, 0.97, 0.27, 1.19, 1.05, 1.16, 2.17, 1.58, 0.97, 1.44, 1.05, 0.36, 1.16, 1.22, 0.34, 1.08, 1.12, 2.25, 1.62, 1.08, 1.06, 1.45, 0.95, 1.27, 1.25, 0.95, 0.58, 2.38, 0.88, 1.3, 0.98, 1.38, 1.48, 1.25, 1.25, 0.56, 1.19, 1.17, 2.41]

ILAO*:
Tiempo requerido: 3.133
Iteraciones requeridas: 509
Nodos expandidos: 509

RLAO*:
Tiempo requerido: 1.213
Iteraciones requeridas: 53
Nodos expandidos: 1919

BLAO*:
Tiempo requerido: 1.216
Iteraciones requeridas: 45
Nodos expandidos: 1525

VI:
Tiempo requerido: 2.96
Iteraciones requeridas: 91

Problema 5
-------------------------------------------------------
LAO*:
Tiempo requerido: 29.922
Iteraciones requeridas: 396
Nodos expandidos: 396
Porcentajes del conjunto Z: [0.02, 0.03, 0.05, 0.06, 0.08, 0.09, 0.11, 0.12, 0.14, 0.16, 0.17, 0.03, 0.03, 0.19, 0.06, 0.06, 0.2, 0.09, 0.09, 0.22, 0.12, 0.12, 0.23, 0.16, 0.16, 0.22, 0.25, 0.17, 0.2, 0.2, 0.23, 0.23, 0.28, 0.03, 0.03, 0.05, 0.09, 0.08, 0.27, 0.14, 0.12, 0.3, 0.19, 0.19, 0.31, 0.23, 0.34, 0.33, 0.3, 0.34, 0.36, 0.14, 0.36, 0.2, 0.38, 0.23, 0.19, 0.39, 0.25, 0.3, 0.41, 0.36, 0.05, 0.06, 0.42, 0.25, 0.11, 0.41, 0.42, 0.28, 0.17, 0.16, 0.33, 0.19, 0.31, 0.23, 0.38, 0.31, 0.31, 0.34, 0.19, 0.34, 0.25, 0.22, 0.36, 0.38, 0.05, 0.05, 0.39, 0.06, 0.06, 0.09, 0.34, 0.41, 0.14, 0.09, 0.39, 0.44, 0.41, 0.19, 0.45, 0.47, 0.44, 0.48, 0.22, 0.48, 0.45, 0.36, 0.27, 0.27, 0.55, 0.5, 0.42, 0.47, 0.25, 0.31, 0.59, 0.39, 0.36, 0.38, 0.39, 0.39, 0.61, 0.5, 0.45, 0.3, 0.48, 0.39, 0.62, 0.56, 0.47, 0.47, 0.45, 0.41, 0.61, 0.3, 0.48, 0.55, 0.42, 0.56, 0.39, 0.06, 0.09, 0.08, 0.27, 0.27, 0.45, 0.17, 0.56, 0.31, 0.48, 0.27, 0.5, 0.58, 0.25, 0.59, 0.41, 0.52, 0.31, 0.44, 0.62, 0.34, 0.34, 0.64, 0.5, 0.38, 0.41, 0.77, 0.72, 0.55, 0.42, 0.42, 0.66, 0.44, 0.81, 0.42, 0.48, 0.58, 0.5, 0.5, 0.53, 0.53, 0.83, 0.56, 0.06, 0.08, 0.08, 0.06, 0.11, 0.09, 0.08, 0.12, 0.55, 0.84, 0.84, 0.17, 0.72, 0.69, 0.12, 0.58, 0.56, 0.88, 0.86, 0.66, 0.83, 0.2, 0.59, 0.23, 0.91, 0.92, 0.77, 0.86, 0.81, 0.33, 0.28, 0.69, 0.97, 0.98, 0.47, 0.8, 0.56, 0.45, 0.5, 0.58, 0.66, 0.3, 0.39, 0.5, 0.66, 0.45, 0.38, 0.58, 0.58, 0.83, 0.69, 0.45, 0.61, 0.5, 0.64, 0.86, 0.5, 0.48, 0.7, 0.7, 0.88, 0.59, 0.72, 0.72, 0.16, 0.81, 0.09, 0.12, 0.11, 0.11, 0.94, 0.59, 0.89, 0.69, 0.73, 0.19, 0.23, 0.7, 1.09, 0.73, 0.33, 0.69, 0.23, 1.12, 0.41, 0.94, 0.39, 0.7, 1.14, 1.02, 0.55, 0.41, 0.42, 1.16, 1.09, 0.42, 0.47, 0.58, 0.77, 1.17, 0.44, 0.58, 1.19, 0.47, 0.44, 0.69, 0.5, 0.61, 0.53, 0.55, 0.72, 1.2, 0.64, 0.62, 0.58, 0.59, 0.11, 0.11, 1.22, 0.16, 0.11, 0.11, 0.16, 0.23, 0.62, 0.67, 0.66, 0.69, 0.75, 0.27, 1.23, 0.77, 0.78, 1.25, 0.33, 0.83, 0.84, 0.97, 0.92, 0.86, 1.14, 0.38, 0.58, 0.88, 1.0, 0.48, 0.41, 1.02, 0.88, 1.09, 0.88, 0.61, 0.58, 0.56, 1.31, 1.31, 0.88, 0.98, 1.34, 1.34, 0.92, 0.73, 0.78, 1.22, 0.91, 0.89, 1.38, 0.84, 1.03, 0.7, 0.94, 0.78, 1.38, 1.36, 0.64, 1.42, 1.38, 0.7, 0.8, 1.28, 0.72, 0.2, 0.14, 0.14, 0.12, 0.14, 1.34, 1.28, 0.73, 0.77, 0.91, 1.59, 0.25, 1.47, 1.36, 1.39, 0.83, 0.92, 0.31, 1.61, 0.83, 1.53, 1.94, 1.12, 0.97, 0.41, 0.5, 0.94, 0.94, 0.94, 0.88, 1.55]

ILAO*:
Tiempo requerido: 1.886
Iteraciones requeridas: 446
Nodos expandidos: 446

RLAO*:
Tiempo requerido: 1.152
Iteraciones requeridas: 52
Nodos expandidos: 1798

BLAO*:
Tiempo requerido: 0.67
Iteraciones requeridas: 38
Nodos expandidos: 1152

VI:
Tiempo requerido: 2.866
Iteraciones requeridas: 91

Problema 6
-------------------------------------------------------
LAO*:
Tiempo requerido: 48.774
Iteraciones requeridas: 568
Nodos expandidos: 568
Porcentajes del conjunto Z: [0.02, 0.03, 0.03, 0.05, 0.05, 0.08, 0.09, 0.11, 0.11, 0.14, 0.12, 0.17, 0.03, 0.03, 0.05, 0.03, 0.08, 0.08, 0.11, 0.14, 0.17, 0.2, 0.16, 0.25, 0.06, 0.06, 0.11, 0.11, 0.12, 0.16, 0.14, 0.14, 0.25, 0.19, 0.16, 0.31, 0.17, 0.39, 0.25, 0.19, 0.42, 0.2, 0.45, 0.45, 0.22, 0.48, 0.5, 0.48, 0.05, 0.06, 0.06, 0.05, 0.08, 0.23, 0.09, 0.05, 0.06, 0.58, 0.55, 0.14, 0.27, 0.58, 0.58, 0.2, 0.14, 0.61, 0.61, 0.27, 0.17, 0.64, 0.31, 0.2, 0.66, 0.25, 0.2, 0.28, 0.23, 0.3, 0.27, 0.5, 0.31, 0.3, 0.73, 0.42, 0.09, 0.09, 0.31, 0.27, 0.14, 0.45, 0.33, 0.91, 0.48, 0.16, 0.28, 0.34, 0.34, 1.0, 0.2, 0.2, 0.3, 0.56, 0.36, 0.23, 0.25, 0.59, 0.31, 0.38, 0.38, 0.31, 1.02, 0.22, 0.34, 0.33, 0.36, 1.05, 0.36, 0.39, 0.34, 0.45, 1.05, 0.42, 0.36, 0.28, 0.48, 1.38, 0.45, 0.45, 1.22, 0.33, 1.45, 0.48, 1.27, 0.09, 0.47, 0.36, 0.06, 0.09, 0.06, 0.12, 0.11, 0.06, 0.11, 0.17, 0.61, 0.5, 0.36, 0.41, 0.2, 0.14, 0.64, 0.52, 0.39, 0.3, 0.44, 0.53, 0.42, 0.2, 0.38, 0.55, 0.33, 0.45, 0.28, 0.45, 0.56, 0.55, 0.34, 0.48, 0.59, 0.58, 0.5, 0.62, 0.62, 0.59, 0.48, 0.67, 0.53, 0.52, 0.52, 0.66, 0.61, 1.16, 0.55, 0.39, 0.95, 0.92, 0.81, 1.16, 0.95, 0.88, 0.97, 0.97, 0.88, 0.73, 0.12, 0.11, 0.55, 1.0, 0.64, 0.23, 0.14, 1.27, 0.3, 0.25, 1.02, 0.5, 1.02, 0.77, 1.03, 1.05, 0.78, 1.28, 0.48, 0.34, 0.41, 0.56, 1.36, 0.83, 0.45, 0.38, 1.39, 0.31, 0.84, 0.33, 1.45, 0.88, 0.7, 0.64, 0.53, 0.91, 0.61, 0.66, 0.45, 0.95, 0.94, 0.62, 0.48, 1.0, 0.62, 0.97, 0.14, 0.64, 0.16, 0.64, 0.17, 0.67, 0.14, 0.09, 0.11, 0.11, 0.25, 0.19, 0.12, 1.06, 0.66, 0.8, 0.72, 0.69, 0.25, 1.11, 1.16, 0.83, 0.16, 0.75, 0.69, 0.67, 0.38, 1.92, 0.33, 0.81, 0.41, 0.48, 0.75, 0.72, 0.81, 1.03, 0.77, 0.81, 0.45, 0.52, 0.81, 0.61, 2.11, 0.86, 0.56, 0.89, 0.83, 0.66, 0.58, 2.23, 0.53, 0.92, 0.84, 0.36, 0.69, 0.62, 0.34, 1.61, 1.34, 1.55, 1.06, 0.39, 0.88, 0.91, 0.39, 1.58, 0.53, 0.94, 2.47, 1.17, 0.62, 1.41, 1.02, 0.97, 0.67, 0.67, 0.12, 0.14, 1.45, 0.16, 0.14, 1.05, 0.84, 0.69, 1.66, 0.3, 1.09, 1.73, 0.39, 1.64, 1.48, 1.14, 0.3, 0.53, 1.8, 1.55, 0.78, 1.16, 0.36, 0.83, 0.62, 1.77, 0.98, 1.56, 0.81, 0.59, 1.89, 0.41, 1.25, 0.73, 0.77, 0.64, 0.72, 0.84, 0.58, 0.77, 1.27, 1.08, 0.94, 0.75, 0.83, 0.98, 1.55, 1.58, 0.95, 0.95, 0.19, 1.06, 0.19, 0.2, 0.2, 0.14, 0.23, 0.22, 0.19, 0.17, 0.27, 0.25, 0.16, 1.56, 1.12, 1.16, 1.05, 2.7, 1.14, 1.17, 0.17, 1.11, 1.09, 0.44, 0.64, 1.5, 0.86, 2.78, 1.3, 0.36, 1.11, 0.58, 1.22, 1.11, 2.84, 1.12, 1.05, 0.97, 1.58, 0.52, 1.23, 1.38, 1.16, 1.14, 0.59, 1.33, 1.19, 1.45, 0.84, 0.94, 1.41, 1.22, 0.81, 1.39, 1.23, 1.53, 1.11, 0.92, 1.06, 1.56, 1.7, 1.03, 0.16, 1.14, 0.17, 0.17, 1.62, 0.17, 1.39, 1.03, 0.22, 1.2, 1.03, 0.97, 1.83, 0.19, 0.42, 1.66, 0.67, 0.59, 1.95, 1.22, 0.45, 1.14, 1.09, 2.94, 0.61, 0.7, 1.33, 2.58, 1.48, 1.67, 0.77, 0.83, 2.94, 1.25, 1.28, 2.92, 2.89, 0.8, 1.2, 2.98, 1.31, 3.0, 3.02, 3.0, 2.98, 1.23, 1.48, 1.05, 3.06, 3.06, 3.0, 0.8, 1.31, 1.2, 1.05, 1.0, 1.14, 3.11, 2.78, 2.69, 2.69, 0.97, 0.27, 1.11, 0.23, 0.23, 0.38, 0.27, 0.17, 0.27, 0.38, 1.61, 0.25, 0.27, 0.17, 1.09, 0.64, 3.14, 3.05, 3.03, 1.3, 1.23, 1.59, 0.98, 1.73, 0.28, 0.25, 1.02, 0.7, 1.3, 1.17, 3.19, 3.08, 3.05, 3.03, 1.05, 1.31, 1.09, 0.34, 1.75, 2.92, 0.67, 2.16, 1.38, 1.22, 3.12, 3.08, 1.09, 0.67, 1.33, 1.33, 0.98, 0.3, 1.89, 0.61, 2.2, 1.0, 3.33, 1.47, 1.23, 3.19, 1.27, 0.44, 1.36, 1.34, 1.14, 1.03, 2.33, 1.31, 2.84, 1.42, 1.47, 1.36, 1.27, 0.8, 0.7, 3.09, 1.47, 1.5, 3.12]

ILAO*:
Tiempo requerido: 3.196
Iteraciones requeridas: 628
Nodos expandidos: 628

RLAO*:
Tiempo requerido: 0.93
Iteraciones requeridas: 54
Nodos expandidos: 1947

BLAO*:
Tiempo requerido: 1.201
Iteraciones requeridas: 47
Nodos expandidos: 1595

VI:
Tiempo requerido: 2.846
Iteraciones requeridas: 91

Problema 7
-------------------------------------------------------
LAO*:
Tiempo requerido: 41.672
Iteraciones requeridas: 467
Nodos expandidos: 467
Porcentajes del conjunto Z: [0.02, 0.03, 0.05, 0.06, 0.03, 0.06, 0.09, 0.03, 0.03, 0.06, 0.05, 0.08, 0.08, 0.12, 0.11, 0.17, 0.12, 0.19, 0.14, 0.2, 0.2, 0.31, 0.22, 0.16, 0.36, 0.23, 0.2, 0.17, 0.42, 0.27, 0.2, 0.25, 0.36, 0.31, 0.33, 0.08, 0.34, 0.36, 0.12, 0.36, 0.09, 0.38, 0.38, 0.2, 0.14, 0.41, 0.2, 0.17, 0.3, 0.33, 0.34, 0.33, 0.39, 0.05, 0.05, 0.05, 0.08, 0.08, 0.08, 0.08, 0.39, 0.09, 0.39, 0.11, 0.08, 0.44, 0.42, 0.41, 0.41, 0.17, 0.16, 0.73, 0.48, 0.45, 0.23, 0.48, 0.48, 0.78, 0.47, 0.48, 0.81, 0.48, 0.56, 0.5, 0.5, 0.23, 0.25, 0.95, 0.53, 0.53, 0.52, 0.31, 1.02, 0.86, 0.38, 0.36, 1.03, 0.86, 0.06, 0.39, 1.06, 0.83, 0.12, 0.36, 0.09, 0.38, 0.17, 0.42, 0.45, 0.17, 0.25, 0.47, 0.45, 0.31, 0.19, 0.48, 0.42, 0.25, 0.62, 0.52, 0.2, 0.52, 0.22, 0.25, 0.84, 0.22, 0.55, 0.88, 0.33, 0.58, 0.34, 0.91, 0.08, 0.12, 0.11, 0.14, 0.59, 0.42, 1.17, 0.61, 0.19, 0.12, 0.94, 0.42, 1.23, 0.92, 0.2, 0.38, 0.41, 1.25, 0.27, 0.28, 0.47, 1.27, 0.34, 0.3, 0.5, 0.52, 1.28, 0.42, 0.38, 0.55, 1.2, 0.45, 0.42, 0.58, 0.52, 0.59, 0.56, 0.47, 1.09, 0.48, 0.34, 0.61, 0.61, 0.98, 0.38, 0.67, 0.73, 0.47, 0.44, 0.61, 0.09, 0.78, 0.48, 0.44, 0.62, 0.86, 0.48, 0.64, 1.06, 0.28, 0.95, 0.56, 0.19, 1.36, 0.72, 0.67, 0.38, 1.09, 0.48, 0.27, 1.52, 0.72, 0.73, 1.12, 0.47, 0.8, 1.64, 1.52, 0.81, 0.53, 0.56, 0.83, 0.83, 0.38, 1.38, 1.58, 1.23, 0.83, 0.38, 0.84, 1.44, 1.31, 1.64, 0.48, 0.62, 0.84, 0.3, 0.89, 1.41, 0.34, 1.69, 0.91, 1.97, 0.11, 0.11, 0.12, 0.19, 0.17, 0.92, 0.92, 0.77, 0.42, 2.02, 0.69, 1.09, 0.98, 0.97, 0.14, 0.64, 0.5, 1.0, 0.8, 1.09, 1.02, 1.03, 0.81, 0.25, 1.02, 0.83, 0.31, 1.03, 0.88, 0.83, 0.33, 0.88, 0.52, 1.05, 1.06, 0.92, 0.91, 0.39, 0.53, 0.59, 0.92, 0.8, 1.73, 0.95, 1.7, 0.97, 0.64, 0.59, 0.98, 0.97, 0.42, 1.02, 0.58, 1.47, 0.11, 0.98, 2.17, 0.12, 0.7, 1.0, 0.58, 1.0, 0.25, 0.77, 1.47, 0.64, 0.2, 1.03, 0.98, 0.84, 0.92, 1.11, 0.31, 1.03, 0.89, 1.61, 0.5, 0.53, 0.33, 1.05, 1.12, 0.53, 1.53, 0.48, 1.06, 1.0, 1.14, 1.2, 0.47, 1.11, 0.88, 1.08, 0.61, 1.16, 1.28, 0.92, 1.11, 0.27, 0.62, 0.7, 1.94, 0.45, 0.72, 1.12, 1.12, 1.92, 0.42, 0.67, 0.11, 0.14, 0.14, 0.17, 0.19, 0.98, 0.17, 1.38, 0.17, 1.33, 0.16, 0.92, 0.23, 1.02, 0.14, 0.12, 0.14, 0.89, 2.14, 1.11, 1.08, 0.64, 2.33, 1.09, 0.33, 0.98, 1.12, 0.67, 0.28, 1.3, 1.14, 0.41, 1.19, 0.33, 1.33, 1.28, 1.0, 0.5, 1.09, 0.47, 1.08, 1.23, 0.55, 1.36, 1.36, 0.52, 0.61, 1.23, 1.23, 1.22, 1.3, 0.67, 1.28, 1.2, 0.94, 1.83, 0.62, 1.31, 0.7, 1.41, 1.39, 1.31, 1.3, 1.3, 0.81, 1.44, 1.36, 1.36, 1.34, 0.73, 0.72, 1.42, 0.47, 1.41, 0.84, 0.81, 0.75, 1.45, 1.45, 0.2, 0.2, 1.05, 0.59, 2.59, 0.14, 0.86, 0.88, 0.17, 1.03, 0.7, 1.14, 1.47, 1.34, 0.89, 1.05, 0.39, 0.8, 1.06, 0.22, 1.48, 1.48, 0.34, 1.38, 0.98, 0.91, 2.83, 0.41, 1.5, 1.67, 0.91, 0.88, 1.09, 2.06, 1.3, 1.52, 1.52, 0.53, 0.55, 1.81, 0.94, 0.62, 0.8, 2.09, 1.55]

ILAO*:
Tiempo requerido: 2.261
Iteraciones requeridas: 551
Nodos expandidos: 551

RLAO*:
Tiempo requerido: 1.052
Iteraciones requeridas: 53
Nodos expandidos: 1834

BLAO*:
Tiempo requerido: 1.18
Iteraciones requeridas: 44
Nodos expandidos: 1441

VI:
Tiempo requerido: 2.83
Iteraciones requeridas: 91

Problema 8
-------------------------------------------------------
LAO*:
Tiempo requerido: 32.315
Iteraciones requeridas: 390
Nodos expandidos: 390
Porcentajes del conjunto Z: [0.02, 0.03, 0.05, 0.06, 0.03, 0.03, 0.06, 0.06, 0.08, 0.09, 0.11, 0.11, 0.14, 0.16, 0.03, 0.03, 0.05, 0.05, 0.09, 0.11, 0.12, 0.12, 0.17, 0.17, 0.17, 0.2, 0.23, 0.2, 0.28, 0.22, 0.31, 0.31, 0.38, 0.39, 0.06, 0.39, 0.06, 0.41, 0.11, 0.11, 0.42, 0.16, 0.17, 0.22, 0.22, 0.25, 0.23, 0.27, 0.27, 0.28, 0.3, 0.48, 0.31, 0.53, 0.05, 0.06, 0.36, 0.06, 0.06, 0.27, 0.44, 0.09, 0.62, 0.19, 0.19, 0.44, 0.41, 0.22, 0.2, 0.45, 0.28, 0.48, 0.2, 0.48, 0.48, 0.52, 0.31, 0.53, 0.3, 0.34, 0.55, 0.56, 0.39, 0.59, 0.44, 0.08, 0.08, 0.11, 0.42, 0.48, 0.2, 0.41, 0.53, 0.25, 0.3, 0.48, 0.31, 0.56, 0.56, 0.27, 0.48, 0.58, 0.59, 0.88, 0.34, 0.5, 0.59, 0.62, 0.62, 0.31, 0.89, 0.27, 0.66, 0.64, 0.95, 0.5, 0.31, 0.62, 0.77, 0.66, 0.33, 0.56, 0.25, 0.64, 0.81, 0.73, 0.09, 0.34, 0.11, 0.34, 0.11, 0.16, 1.11, 0.75, 0.69, 0.14, 0.36, 0.12, 1.12, 0.78, 0.77, 0.44, 0.39, 1.2, 0.47, 0.25, 0.41, 0.47, 0.78, 0.92, 0.5, 0.27, 0.8, 0.5, 0.42, 0.98, 0.34, 0.28, 0.53, 0.84, 0.53, 0.44, 0.38, 0.23, 1.08, 0.86, 0.56, 0.45, 1.09, 0.5, 0.88, 0.47, 0.33, 1.44, 0.53, 0.61, 0.09, 0.52, 1.33, 0.09, 0.12, 0.14, 0.56, 1.36, 0.14, 0.17, 0.45, 1.33, 0.72, 0.33, 0.81, 0.48, 0.72, 0.28, 0.52, 0.86, 0.3, 0.44, 0.81, 0.84, 0.33, 0.86, 0.52, 0.83, 0.84, 0.81, 0.42, 0.58, 0.88, 0.56, 0.66, 0.55, 0.91, 0.88, 0.53, 0.92, 0.89, 0.69, 0.55, 0.97, 0.91, 0.7, 0.12, 0.16, 0.2, 0.12, 0.2, 0.55, 1.0, 0.92, 0.8, 1.23, 0.84, 1.03, 0.94, 0.69, 0.95, 1.06, 0.19, 1.12, 1.06, 0.95, 0.81, 0.2, 0.84, 0.28, 0.86, 0.97, 0.47, 0.41, 0.94, 0.97, 0.92, 0.55, 0.95, 1.02, 1.0, 0.44, 0.86, 0.92, 1.05, 1.02, 0.94, 1.02, 0.7, 1.08, 1.03, 0.58, 0.92, 1.03, 0.97, 1.12, 0.95, 0.98, 0.64, 0.7, 0.81, 1.11, 0.67, 0.97, 1.0, 0.11, 0.75, 0.16, 0.11, 0.11, 0.14, 0.14, 0.12, 0.14, 0.16, 1.16, 0.98, 1.02, 0.19, 0.73, 0.78, 1.2, 1.45, 1.0, 0.22, 0.98, 1.16, 0.44, 1.06, 0.44, 1.19, 1.17, 0.53, 0.91, 1.05, 0.8, 1.14, 1.23, 1.08, 1.8, 0.64, 0.91, 0.56, 1.09, 1.11, 1.02, 0.75, 0.58, 1.05, 0.61, 1.14, 1.14, 0.59, 1.06, 0.67, 0.95, 1.17, 0.81, 0.72, 0.62, 0.72, 0.94, 1.2, 1.19, 1.11, 0.19, 0.78, 0.17, 0.16, 0.23, 0.7, 0.27, 0.25, 1.94, 0.77, 1.02, 1.2, 1.05, 0.16, 0.77, 1.16, 1.14, 1.03, 1.22, 1.22, 1.22, 0.75, 1.17, 1.05, 0.19, 1.16, 0.81, 1.09, 0.23, 1.64, 1.05, 1.27, 1.27, 1.23, 0.94, 1.16, 0.84, 1.44, 0.97, 1.06, 1.3, 1.05, 0.7, 0.31, 1.2, 1.02, 0.86, 0.47, 1.31]

ILAO*:
Tiempo requerido: 1.844
Iteraciones requeridas: 452
Nodos expandidos: 452

RLAO*:
Tiempo requerido: 0.827
Iteraciones requeridas: 52
Nodos expandidos: 1830

BLAO*:
Tiempo requerido: 1.062
Iteraciones requeridas: 46
Nodos expandidos: 1582

VI:
Tiempo requerido: 2.882
Iteraciones requeridas: 91

Problema 9
-------------------------------------------------------
LAO*:
Tiempo requerido: 31.449
Iteraciones requeridas: 383
Nodos expandidos: 383
Porcentajes del conjunto Z: [0.02, 0.03, 0.05, 0.06, 0.03, 0.05, 0.06, 0.08, 0.09, 0.12, 0.14, 0.16, 0.17, 0.17, 0.2, 0.19, 0.23, 0.25, 0.03, 0.03, 0.03, 0.08, 0.05, 0.27, 0.09, 0.28, 0.14, 0.08, 0.28, 0.12, 0.3, 0.16, 0.31, 0.19, 0.14, 0.33, 0.22, 0.17, 0.2, 0.22, 0.28, 0.3, 0.25, 0.31, 0.06, 0.41, 0.33, 0.12, 0.06, 0.45, 0.19, 0.09, 0.31, 0.19, 0.22, 0.36, 0.28, 0.16, 0.31, 0.39, 0.22, 0.28, 0.28, 0.34, 0.33, 0.05, 0.05, 0.06, 0.08, 0.06, 0.11, 0.08, 0.28, 0.09, 0.16, 0.28, 0.36, 0.23, 0.17, 0.34, 0.25, 0.27, 0.33, 0.3, 0.3, 0.38, 0.31, 0.42, 0.33, 0.34, 0.34, 0.44, 0.36, 0.55, 0.45, 0.36, 0.66, 0.42, 0.47, 0.47, 0.52, 0.39, 0.55, 0.52, 0.06, 0.09, 0.56, 0.11, 0.78, 0.55, 0.61, 0.19, 0.89, 0.27, 0.56, 0.62, 0.25, 0.28, 0.92, 0.58, 0.64, 0.31, 0.31, 0.95, 0.59, 0.77, 0.36, 0.2, 0.95, 0.66, 0.75, 0.98, 0.42, 0.67, 0.78, 1.05, 0.8, 0.41, 0.69, 0.7, 0.84, 0.47, 0.77, 0.09, 1.11, 0.16, 0.11, 0.12, 0.52, 0.52, 0.16, 1.05, 0.94, 0.66, 0.12, 1.03, 0.97, 0.94, 0.17, 0.61, 1.14, 0.27, 1.03, 0.33, 1.0, 0.97, 0.33, 0.73, 1.06, 1.03, 0.98, 0.64, 0.38, 1.09, 0.78, 0.45, 1.47, 0.66, 0.97, 1.19, 1.19, 0.41, 0.48, 0.83, 2.14, 0.95, 0.44, 1.22, 0.67, 1.2, 0.56, 0.88, 0.69, 2.22, 0.98, 1.38, 0.91, 0.75, 1.19, 1.39, 0.45, 2.31, 0.53, 1.39, 0.56, 0.56, 2.31, 0.61, 2.33, 0.17, 0.61, 1.16, 0.97, 2.34, 0.73, 0.89, 1.19, 0.27, 0.3, 2.36, 0.67, 0.75, 0.25, 1.22, 0.36, 0.81, 1.17, 0.81, 0.45, 0.88, 0.3, 1.2, 0.88, 1.19, 0.56, 1.12, 0.91, 0.73, 0.73, 1.16, 0.95, 0.8, 0.86, 0.83, 1.2, 0.81, 0.83, 1.34, 0.5, 1.58, 1.38, 1.36, 0.09, 0.14, 1.19, 0.84, 0.14, 0.17, 0.17, 0.12, 1.62, 1.38, 0.62, 1.62, 0.95, 1.25, 0.61, 0.86, 0.11, 1.66, 0.66, 1.39, 0.55, 2.55, 0.19, 1.34, 0.27, 1.27, 0.28, 1.44, 0.72, 1.36, 2.59, 1.45, 0.8, 0.41, 0.38, 1.28, 1.08, 2.11, 0.73, 2.7, 1.52, 0.34, 1.48, 1.47, 0.45, 1.11, 0.88, 1.5, 1.53, 1.44, 1.08, 0.5, 0.97, 1.48, 1.3, 2.98, 1.55, 1.59, 1.61, 1.55, 0.56, 0.56, 1.23, 1.08, 3.08, 1.58, 1.61, 1.64, 0.36, 1.56, 1.27, 1.3, 0.72, 0.75, 3.14, 1.7, 1.61, 2.7, 0.5, 0.67, 1.58, 1.39, 0.73, 3.25, 0.75, 1.78, 1.64, 2.72, 0.48, 0.69, 1.62, 1.22, 0.83, 3.11, 1.83, 0.64, 2.72, 0.16, 1.77, 1.64, 1.45, 0.11, 0.11, 1.02, 3.39, 1.88, 2.73, 0.58, 1.8, 1.66, 1.42, 0.2, 0.88, 3.47, 1.92, 1.23, 1.25, 0.33, 1.02, 0.8, 0.89, 3.52, 1.92, 1.28, 0.41, 1.06, 1.28, 0.48, 0.89, 0.94, 2.72]

ILAO*:
Tiempo requerido: 2.127
Iteraciones requeridas: 399
Nodos expandidos: 399

RLAO*:
Tiempo requerido: 0.943
Iteraciones requeridas: 51
Nodos expandidos: 1795

BLAO*:
Tiempo requerido: 1.117
Iteraciones requeridas: 37
Nodos expandidos: 1135

VI:
Tiempo requerido: 2.943
Iteraciones requeridas: 91

Problema 10
-------------------------------------------------------
LAO*:
Tiempo requerido: 27.485
Iteraciones requeridas: 358
Nodos expandidos: 358
Porcentajes del conjunto Z: [0.02, 0.03, 0.05, 0.06, 0.08, 0.09, 0.11, 0.12, 0.03, 0.03, 0.03, 0.06, 0.06, 0.09, 0.12, 0.11, 0.14, 0.14, 0.16, 0.17, 0.22, 0.17, 0.2, 0.27, 0.19, 0.22, 0.3, 0.2, 0.41, 0.36, 0.05, 0.36, 0.06, 0.38, 0.08, 0.39, 0.08, 0.08, 0.41, 0.17, 0.11, 0.22, 0.16, 0.27, 0.31, 0.2, 0.36, 0.23, 0.05, 0.05, 0.06, 0.06, 0.08, 0.11, 0.09, 0.09, 0.11, 0.42, 0.14, 0.12, 0.45, 0.48, 0.45, 0.16, 0.31, 0.22, 0.38, 0.44, 0.23, 0.27, 0.27, 0.08, 0.47, 0.12, 0.09, 0.42, 0.48, 0.14, 0.47, 0.55, 0.53, 0.16, 0.52, 0.55, 0.25, 0.53, 0.56, 0.56, 0.27, 0.31, 0.72, 0.61, 0.55, 0.27, 0.59, 0.58, 0.33, 0.55, 0.33, 0.66, 0.62, 0.39, 0.86, 0.56, 0.34, 0.69, 0.64, 0.36, 0.92, 0.72, 0.59, 0.06, 0.14, 0.66, 0.14, 0.48, 0.11, 0.14, 1.0, 0.56, 0.66, 0.58, 0.55, 0.3, 1.03, 0.86, 0.2, 0.16, 0.31, 0.91, 0.17, 0.56, 0.34, 0.22, 0.97, 0.28, 0.23, 0.64, 0.59, 0.36, 0.61, 1.0, 0.41, 0.39, 0.44, 0.59, 0.55, 0.52, 0.83, 0.48, 0.77, 0.61, 0.5, 0.09, 0.53, 0.11, 0.16, 0.34, 0.2, 0.19, 0.8, 0.38, 0.23, 0.23, 0.39, 0.36, 0.67, 0.72, 0.41, 0.72, 0.78, 0.44, 0.41, 1.14, 0.41, 0.8, 0.5, 0.89, 0.14, 0.59, 0.19, 0.41, 0.11, 0.14, 0.14, 0.7, 0.17, 0.2, 0.92, 0.62, 0.16, 0.73, 0.91, 0.88, 0.61, 0.19, 0.75, 0.77, 0.97, 0.55, 0.78, 0.38, 0.98, 0.98, 0.36, 0.33, 0.8, 0.8, 0.8, 0.41, 1.36, 1.0, 0.55, 0.83, 0.81, 0.34, 0.47, 0.95, 0.86, 0.81, 0.59, 0.73, 1.03, 0.36, 0.53, 0.92, 1.14, 0.48, 0.61, 1.05, 0.38, 0.56, 1.52, 0.95, 0.86, 1.06, 0.45, 0.58, 0.97, 1.05, 1.02, 0.44, 0.7, 0.58, 0.59, 1.61, 0.44, 0.8, 1.12, 1.12, 0.12, 0.61, 0.75, 0.95, 0.53, 0.12, 0.14, 1.14, 0.16, 0.78, 0.95, 0.59, 1.16, 1.16, 1.16, 0.27, 0.95, 1.22, 1.19, 1.38, 0.34, 1.3, 1.28, 0.3, 1.25, 0.44, 0.78, 0.3, 0.38, 0.83, 1.31, 1.27, 1.09, 0.52, 0.8, 1.36, 1.36, 0.39, 1.17, 0.56, 1.34, 0.83, 0.77, 1.38, 0.5, 1.14, 0.61, 0.94, 1.42, 1.39, 1.14, 0.44, 0.88, 0.88, 0.86, 0.66, 1.45, 1.2, 0.14, 0.2, 1.14, 0.92, 0.91, 0.88, 0.12, 0.59, 0.47, 0.2, 0.27, 0.73, 0.19, 0.16, 0.22, 0.7, 0.2, 1.41, 1.2, 0.97, 0.94, 0.91, 0.22, 0.77, 1.17, 0.95, 0.56, 1.27, 0.92, 0.2, 1.23, 1.22, 1.58, 1.3, 0.75, 1.02, 0.94, 0.94, 0.81, 1.44, 0.98, 0.98, 0.95, 1.3, 0.73, 1.03, 0.84, 0.38, 0.34, 1.52]

ILAO*:
Tiempo requerido: 1.723
Iteraciones requeridas: 400
Nodos expandidos: 400

RLAO*:
Tiempo requerido: 1.158
Iteraciones requeridas: 54
Nodos expandidos: 1946

BLAO*:
Tiempo requerido: 1.196
Iteraciones requeridas: 45
Nodos expandidos: 1566

VI:
Tiempo requerido: 2.821
Iteraciones requeridas: 91

Media tiempo LAO: 33.608
Media iteraciones LAO: 416.5
Media expansiones LAO: 416.5

Media tiempo RLAO: 1.046
Media iteraciones RLAO: 52.6
Media expansiones RLAO: 1868.6

Media tiempo ILAO: 2.011
Media iteraciones ILAO: 466.9
Media expansiones ILAO: 466.9

Media tiempo BLAO: 1.009
Media iteraciones BLAO: 42.9
Media expansiones BLAO: 1414.4

Media tiempo VI: 2.87
Media iteraciones VI: 91.0

-------------------------------------------------------
