Problema 1
-------------------------------------------------------
LAO*:
Tiempo requerido: 1.301
Nodos expandidos: 102
Porcentajes del conjunto Z: [0.11, 0.22, 0.22, 0.33, 0.44, 0.56, 0.67, 0.67, 0.89, 1.0, 1.0, 1.11, 1.22, 1.11, 1.22, 1.44, 1.33, 1.67, 1.56, 0.22, 0.44, 1.44, 1.89, 1.67, 0.56, 0.78, 1.67, 2.22, 1.89, 1.11, 1.78, 1.78, 2.44, 1.33, 1.89, 2.0, 1.89, 2.56, 2.56, 2.0, 2.22, 2.22, 3.22, 2.67, 2.44, 2.56, 3.33, 1.33, 2.89, 3.44, 3.44, 1.33, 1.56, 3.0, 3.56, 3.67, 3.56, 1.44, 1.78, 4.78, 3.89, 3.67, 0.56, 0.56, 0.67, 2.0, 4.89, 4.0, 4.11, 2.0, 2.22, 5.67, 4.33, 2.44, 5.78, 4.44, 4.44, 1.44, 3.11, 6.78, 5.11, 5.0, 3.33, 7.11, 5.33, 5.11, 3.33, 7.44, 3.44, 1.89, 7.56, 2.22, 7.67, 2.0, 2.56, 7.78, 4.33, 2.11, 0.78, 0.67, 0.78, 0.78]

ILAO*:
Tiempo requerido: 0.204
Nodos expandidos: 108

RLAO*:
Tiempo requerido: 0.148
Nodos expandidos: 319

BLAO*:
Tiempo requerido: 0.131
Nodos expandidos: 224

VI:
Tiempo requerido: 1.558
Numero de iteraciones: 462086
-------------------------------------------------------
Problema 2
-------------------------------------------------------
LAO*:
Tiempo requerido: 1.969
Nodos expandidos: 147
Porcentajes del conjunto Z: [0.11, 0.22, 0.22, 0.33, 0.44, 0.33, 0.44, 0.67, 0.44, 0.56, 0.89, 0.78, 0.56, 0.67, 1.11, 1.11, 0.67, 0.78, 1.33, 1.44, 1.33, 0.78, 0.78, 0.89, 2.0, 1.0, 1.0, 2.22, 1.11, 1.11, 0.22, 1.11, 2.44, 0.22, 1.33, 1.22, 1.22, 2.67, 2.56, 0.44, 1.44, 1.56, 1.33, 0.44, 1.33, 2.89, 2.89, 2.67, 1.78, 1.44, 0.67, 1.44, 3.22, 3.11, 2.78, 1.89, 1.89, 1.56, 3.33, 3.56, 3.33, 2.89, 2.0, 2.11, 2.0, 0.67, 0.78, 1.78, 1.78, 3.56, 3.89, 4.0, 2.11, 2.33, 2.33, 2.11, 0.78, 2.0, 4.11, 4.11, 4.11, 2.78, 3.0, 1.11, 4.44, 5.11, 4.56, 3.33, 3.11, 1.33, 5.56, 5.33, 4.67, 3.56, 0.33, 0.44, 1.56, 5.89, 5.56, 0.33, 3.67, 1.56, 0.44, 1.78, 6.22, 0.67, 3.78, 1.78, 0.89, 2.0, 6.33, 2.89, 0.78, 3.89, 2.0, 1.22, 2.22, 6.56, 0.89, 4.0, 4.0, 1.33, 6.67, 3.33, 4.22, 4.11, 1.89, 6.78, 5.56, 4.78, 11.44, 4.89, 1.22, 11.67, 5.0, 1.56, 11.89, 5.11, 0.44, 0.67, 0.67, 1.89, 12.11, 0.44, 5.22, 1.67, 2.22]

ILAO*:
Tiempo requerido: 0.243
Nodos expandidos: 152

RLAO*:
Tiempo requerido: 0.156
Nodos expandidos: 362

BLAO*:
Tiempo requerido: 0.13
Nodos expandidos: 298

VI:
Tiempo requerido: 1.501
Numero de iteraciones: 454894
-------------------------------------------------------
Problema 3
-------------------------------------------------------
LAO*:
Tiempo requerido: 2.101
Nodos expandidos: 167
Porcentajes del conjunto Z: [0.11, 0.22, 0.22, 0.44, 0.33, 0.56, 0.67, 0.44, 0.67, 0.89, 0.56, 0.78, 1.11, 1.0, 0.67, 0.67, 0.89, 1.33, 1.44, 1.44, 0.78, 2.0, 0.89, 2.11, 1.67, 1.67, 0.22, 1.78, 1.78, 0.22, 0.44, 1.89, 1.89, 0.56, 2.0, 2.0, 2.0, 0.56, 0.67, 2.11, 2.11, 2.11, 2.11, 0.78, 0.78, 2.22, 2.78, 2.22, 0.89, 2.33, 2.33, 2.89, 2.89, 2.33, 2.33, 1.0, 2.67, 2.44, 3.44, 3.44, 3.0, 2.44, 2.56, 2.44, 2.89, 3.67, 2.78, 2.78, 1.67, 3.0, 3.78, 3.78, 2.89, 3.11, 1.89, 3.11, 3.11, 0.33, 0.44, 3.89, 4.89, 1.89, 3.33, 2.11, 3.22, 3.33, 4.11, 5.11, 5.56, 2.33, 3.56, 3.44, 0.67, 4.22, 4.22, 5.22, 5.78, 2.56, 3.78, 0.89, 4.33, 4.56, 5.78, 6.0, 2.89, 2.78, 0.89, 3.89, 3.89, 1.11, 2.67, 6.33, 6.78, 3.0, 1.0, 4.0, 4.0, 2.78, 6.44, 7.33, 3.22, 1.11, 1.11, 4.11, 4.11, 7.0, 3.89, 3.44, 1.22, 1.22, 4.22, 4.22, 7.78, 2.44, 1.33, 4.33, 4.33, 4.33, 4.44, 7.89, 2.78, 1.44, 4.56, 4.56, 0.44, 0.67, 0.56, 8.0, 4.33, 3.11, 1.56, 4.67, 4.67, 0.56, 8.11, 4.56, 3.44, 1.67, 4.89, 4.78, 4.89, 8.33, 3.78, 1.78, 5.11, 4.89, 1.0]

ILAO*:
Tiempo requerido: 0.205
Nodos expandidos: 179

RLAO*:
Tiempo requerido: 0.137
Nodos expandidos: 366

BLAO*:
Tiempo requerido: 0.315
Nodos expandidos: 441

VI:
Tiempo requerido: 1.502
Numero de iteraciones: 453995
-------------------------------------------------------
Problema 4
-------------------------------------------------------
LAO*:
Tiempo requerido: 2.162
Nodos expandidos: 164
Porcentajes del conjunto Z: [0.11, 0.22, 0.33, 0.33, 0.44, 0.56, 0.44, 0.56, 0.78, 0.56, 0.67, 1.0, 0.89, 0.67, 0.78, 1.22, 1.22, 1.0, 0.78, 0.78, 0.89, 1.44, 1.56, 1.44, 1.56, 1.0, 1.0, 1.67, 1.89, 1.89, 2.11, 1.89, 1.11, 1.11, 1.89, 2.22, 2.33, 2.67, 0.22, 0.33, 1.22, 2.11, 2.56, 2.78, 2.44, 2.78, 0.33, 0.56, 1.33, 2.33, 3.22, 3.0, 3.89, 2.89, 0.78, 1.44, 2.56, 3.33, 3.56, 4.11, 1.0, 1.56, 2.78, 2.67, 3.44, 3.78, 4.0, 0.67, 1.22, 1.67, 3.0, 3.0, 4.33, 4.0, 3.89, 4.11, 4.11, 0.89, 1.44, 3.22, 4.78, 5.0, 4.0, 4.22, 4.33, 1.11, 1.67, 3.33, 4.89, 5.56, 4.11, 5.89, 4.56, 4.44, 1.22, 1.89, 5.56, 5.78, 5.67, 6.11, 6.33, 4.78, 1.33, 2.11, 6.56, 6.0, 5.78, 6.67, 6.67, 1.44, 1.56, 0.44, 0.44, 0.44, 6.89, 6.22, 7.0, 7.0, 0.78, 1.44, 7.22, 6.33, 7.11, 7.11, 1.67, 7.44, 9.78, 7.22, 7.22, 1.89, 10.78, 7.11, 7.11, 7.11, 0.78, 1.44, 2.11, 11.11, 7.44, 8.22, 7.56, 7.44, 4.44, 11.33, 8.22, 8.44, 4.33, 1.22, 1.89, 13.11, 4.67, 2.22, 13.0, 4.56, 1.67, 2.56, 13.11, 4.67, 1.89, 0.56, 0.67, 0.56, 0.67, 2.67]

ILAO*:
Tiempo requerido: 0.273
Nodos expandidos: 168

RLAO*:
Tiempo requerido: 0.104
Nodos expandidos: 316

BLAO*:
Tiempo requerido: 0.176
Nodos expandidos: 353

VI:
Tiempo requerido: 1.478
Numero de iteraciones: 445005
-------------------------------------------------------
Problema 5
-------------------------------------------------------
LAO*:
Tiempo requerido: 2.066
Nodos expandidos: 155
Porcentajes del conjunto Z: [0.11, 0.22, 0.22, 0.33, 0.44, 0.33, 0.44, 0.67, 0.67, 0.56, 0.56, 1.22, 0.67, 1.44, 1.33, 0.78, 1.67, 1.67, 1.44, 0.89, 1.89, 2.0, 1.89, 1.56, 1.0, 2.11, 2.33, 2.11, 0.22, 1.11, 2.33, 2.33, 2.67, 0.22, 1.33, 2.44, 2.89, 2.89, 0.44, 1.89, 3.11, 3.0, 0.67, 2.11, 2.11, 3.44, 3.22, 2.22, 2.33, 3.56, 3.67, 3.33, 0.89, 2.33, 2.56, 2.44, 3.67, 3.89, 3.89, 1.22, 2.78, 2.78, 3.78, 4.11, 4.22, 4.0, 1.78, 3.11, 2.89, 3.89, 4.33, 4.56, 4.11, 3.33, 3.0, 4.0, 4.89, 4.22, 4.22, 0.33, 3.56, 3.11, 4.11, 4.11, 5.0, 5.0, 4.33, 4.44, 0.33, 0.44, 2.0, 3.78, 6.56, 5.22, 5.56, 4.56, 0.44, 1.0, 2.22, 7.33, 6.67, 5.33, 5.89, 4.67, 4.67, 3.22, 0.56, 2.44, 7.56, 6.78, 5.44, 6.22, 4.78, 4.78, 3.44, 2.67, 7.78, 6.33, 4.89, 4.89, 3.67, 1.0, 2.89, 5.11, 3.78, 7.11, 5.0, 3.78, 5.11, 4.0, 7.22, 7.33, 3.89, 2.0, 5.11, 4.22, 7.33, 7.56, 7.56, 4.78, 4.0, 2.11, 12.22, 5.11, 4.11, 0.44, 2.22, 9.0, 6.56, 5.33, 4.22, 0.44, 0.44, 0.56, 2.89]

ILAO*:
Tiempo requerido: 0.236
Nodos expandidos: 167

RLAO*:
Tiempo requerido: 0.117
Nodos expandidos: 310

BLAO*:
Tiempo requerido: 0.242
Nodos expandidos: 372

VI:
Tiempo requerido: 1.459
Numero de iteraciones: 442308
-------------------------------------------------------
Problema 6
-------------------------------------------------------
LAO*:
Tiempo requerido: 1.601
Nodos expandidos: 120
Porcentajes del conjunto Z: [0.11, 0.22, 0.33, 0.44, 0.56, 0.67, 0.67, 0.78, 0.89, 0.78, 0.89, 1.11, 0.89, 1.0, 1.22, 1.0, 1.0, 1.11, 1.11, 1.33, 1.67, 1.22, 1.11, 0.22, 0.33, 1.33, 1.89, 2.0, 1.22, 0.56, 1.44, 1.44, 2.33, 2.11, 1.33, 0.78, 1.56, 1.56, 2.44, 2.56, 1.44, 1.0, 1.67, 1.67, 1.67, 2.56, 2.56, 2.67, 2.78, 1.56, 1.78, 1.78, 1.89, 2.78, 3.78, 3.78, 2.22, 2.22, 0.89, 3.89, 3.89, 1.22, 2.33, 2.33, 1.11, 4.11, 4.0, 1.56, 3.22, 2.44, 4.22, 4.33, 1.78, 3.44, 4.33, 4.44, 0.33, 0.33, 2.0, 3.56, 4.44, 4.44, 4.56, 1.67, 0.67, 2.22, 3.67, 4.56, 4.78, 5.11, 4.67, 1.78, 2.44, 3.78, 2.0, 5.56, 5.0, 1.22, 4.0, 5.78, 1.33, 2.11, 4.11, 5.89, 1.44, 4.22, 1.0, 6.0, 4.33, 2.22, 4.33, 1.56, 4.44, 1.89, 4.56, 6.22, 0.44, 0.56, 0.44, 2.22]

ILAO*:
Tiempo requerido: 0.18
Nodos expandidos: 129

RLAO*:
Tiempo requerido: 0.395
Nodos expandidos: 402

BLAO*:
Tiempo requerido: 0.265
Nodos expandidos: 281

VI:
Tiempo requerido: 1.496
Numero de iteraciones: 456692
-------------------------------------------------------
Problema 7
-------------------------------------------------------
LAO*:
Tiempo requerido: 2.727
Nodos expandidos: 194
Porcentajes del conjunto Z: [0.11, 0.22, 0.22, 0.33, 0.44, 0.33, 0.44, 0.67, 0.67, 0.44, 0.56, 0.89, 1.0, 0.56, 0.67, 1.11, 1.33, 1.11, 0.67, 0.78, 1.67, 1.56, 1.22, 0.78, 0.78, 0.89, 0.89, 1.78, 2.0, 1.78, 1.0, 1.11, 1.0, 1.11, 2.33, 2.44, 2.67, 1.89, 1.22, 0.22, 1.44, 2.89, 2.0, 1.33, 0.44, 0.33, 1.56, 3.0, 3.0, 1.44, 0.67, 1.78, 1.78, 3.11, 3.11, 1.56, 0.56, 1.89, 1.89, 3.33, 4.44, 1.67, 0.89, 2.0, 2.0, 3.44, 4.44, 0.67, 1.78, 2.11, 2.11, 2.11, 3.56, 4.33, 4.44, 1.0, 1.89, 1.22, 2.22, 2.22, 2.33, 2.22, 3.67, 4.22, 4.44, 1.33, 2.22, 2.44, 2.44, 2.56, 2.33, 3.78, 3.78, 5.11, 2.33, 1.56, 2.56, 2.56, 2.78, 2.44, 4.0, 4.33, 4.33, 1.33, 2.44, 0.33, 0.33, 1.78, 2.67, 2.67, 2.89, 3.0, 2.56, 4.11, 4.33, 4.56, 4.33, 1.56, 0.67, 0.44, 2.78, 3.22, 3.22, 3.78, 3.11, 4.78, 4.44, 1.67, 1.0, 0.56, 2.89, 3.56, 4.44, 3.78, 3.56, 5.11, 5.22, 1.78, 1.11, 1.0, 2.0, 3.0, 7.78, 6.44, 1.56, 1.44, 2.22, 3.11, 7.89, 6.56, 6.56, 2.0, 1.56, 3.22, 4.67, 4.67, 2.22, 3.89, 6.67, 6.78, 2.44, 2.22, 2.33, 3.33, 4.78, 4.89, 4.11, 6.78, 7.0, 2.78, 2.33, 6.33, 4.78, 2.44, 4.33, 7.22, 5.67, 2.78, 4.78, 6.44, 7.33, 0.56, 0.44, 1.89, 10.89, 7.22, 5.78, 0.89, 0.56, 11.0, 6.67, 1.78, 1.33, 0.78]

ILAO*:
Tiempo requerido: 0.406
Nodos expandidos: 199

RLAO*:
Tiempo requerido: 0.138
Nodos expandidos: 355

BLAO*:
Tiempo requerido: 0.141
Nodos expandidos: 317

VI:
Tiempo requerido: 1.483
Numero de iteraciones: 448601
-------------------------------------------------------
Problema 8
-------------------------------------------------------
LAO*:
Tiempo requerido: 2.051
Nodos expandidos: 160
Porcentajes del conjunto Z: [0.11, 0.22, 0.33, 0.33, 0.44, 0.56, 0.56, 0.78, 0.67, 0.67, 1.0, 1.0, 0.78, 0.78, 1.22, 1.33, 1.22, 0.89, 1.44, 1.67, 1.44, 1.0, 1.89, 1.56, 1.56, 1.11, 2.0, 1.78, 1.67, 0.22, 0.33, 1.22, 1.22, 2.11, 1.89, 2.0, 1.78, 1.33, 1.33, 2.22, 2.0, 2.22, 2.22, 0.56, 1.44, 1.44, 1.44, 1.44, 2.33, 2.56, 2.33, 1.56, 1.67, 2.0, 1.67, 3.0, 2.44, 2.67, 2.78, 2.44, 0.78, 1.78, 2.33, 3.33, 2.56, 2.78, 3.0, 0.89, 1.0, 1.89, 2.44, 4.11, 2.67, 4.78, 1.0, 1.22, 2.0, 4.33, 4.22, 2.78, 4.89, 1.11, 2.11, 4.56, 4.78, 2.89, 5.0, 5.0, 1.22, 2.22, 4.67, 5.22, 5.0, 5.44, 5.22, 5.11, 1.33, 0.33, 0.33, 0.44, 1.33, 4.33, 4.22, 6.44, 2.22, 5.44, 5.44, 2.44, 0.44, 0.56, 1.56, 5.22, 4.33, 5.67, 5.78, 3.44, 5.89, 2.56, 0.56, 1.0, 1.89, 7.0, 8.44, 2.67, 0.67, 0.67, 7.11, 8.56, 3.56, 0.78, 0.78, 0.89, 1.89, 7.22, 6.56, 5.11, 3.56, 1.67, 1.0, 1.22, 7.44, 8.89, 4.11, 1.56, 7.56, 9.0, 3.56, 3.56, 1.56, 11.44, 3.56, 1.78, 11.56, 5.89, 3.67, 3.67, 2.0, 0.44, 0.44, 1.44]

ILAO*:
Tiempo requerido: 0.204
Nodos expandidos: 171

RLAO*:
Tiempo requerido: 0.134
Nodos expandidos: 355

BLAO*:
Tiempo requerido: 0.151
Nodos expandidos: 309

VI:
Tiempo requerido: 1.522
Numero de iteraciones: 461187
-------------------------------------------------------
Problema 9
-------------------------------------------------------
LAO*:
Tiempo requerido: 2.4
Nodos expandidos: 188
Porcentajes del conjunto Z: [0.11, 0.22, 0.22, 0.33, 0.44, 0.56, 0.56, 0.67, 0.78, 0.78, 1.0, 0.89, 0.89, 1.22, 1.22, 1.11, 1.0, 1.56, 1.22, 0.22, 1.11, 1.78, 1.67, 1.33, 0.44, 0.33, 1.22, 2.0, 1.78, 1.44, 0.56, 0.56, 1.33, 2.11, 1.89, 2.0, 1.56, 1.56, 0.67, 1.44, 2.22, 2.78, 1.78, 1.67, 0.78, 0.78, 0.67, 1.56, 1.56, 2.33, 2.89, 3.11, 1.78, 0.89, 0.89, 1.67, 1.67, 2.44, 2.56, 3.33, 1.89, 1.0, 1.0, 1.0, 0.89, 2.0, 2.0, 2.67, 3.44, 2.0, 1.33, 1.22, 1.11, 1.11, 1.11, 2.22, 2.78, 2.78, 4.22, 2.33, 1.33, 1.78, 1.33, 1.22, 1.33, 2.33, 2.89, 3.0, 2.89, 4.33, 4.44, 0.33, 0.33, 2.0, 2.11, 1.56, 1.33, 1.56, 2.44, 3.0, 3.22, 3.33, 6.0, 4.67, 2.11, 2.56, 2.44, 1.78, 1.44, 0.44, 1.78, 2.56, 3.33, 6.11, 2.0, 4.89, 0.67, 3.0, 2.78, 2.0, 1.56, 0.78, 2.0, 4.89, 6.67, 6.78, 5.0, 0.89, 3.11, 3.11, 2.22, 1.67, 5.0, 6.78, 7.0, 7.0, 1.11, 3.44, 3.78, 2.44, 1.78, 0.78, 1.89, 5.11, 7.67, 8.0, 7.89, 1.33, 3.89, 2.67, 0.89, 2.11, 3.78, 2.67, 8.33, 8.22, 8.11, 1.56, 4.0, 3.78, 1.33, 2.33, 5.44, 9.67, 9.78, 10.0, 2.11, 12.33, 10.44, 10.33, 3.33, 10.56, 0.44, 0.44, 2.0, 1.67, 2.56, 11.33, 3.56, 10.67, 0.56, 0.56, 0.56, 2.0, 5.33, 13.89, 1.0, 2.33]

ILAO*:
Tiempo requerido: 0.334
Nodos expandidos: 195

RLAO*:
Tiempo requerido: 0.146
Nodos expandidos: 317

BLAO*:
Tiempo requerido: 0.168
Nodos expandidos: 332

VI:
Tiempo requerido: 1.531
Numero de iteraciones: 461187
-------------------------------------------------------
Problema 10
-------------------------------------------------------
LAO*:
Tiempo requerido: 1.856
Nodos expandidos: 143
Porcentajes del conjunto Z: [0.11, 0.22, 0.22, 0.33, 0.33, 0.44, 0.44, 0.56, 0.56, 0.67, 0.67, 0.67, 0.78, 0.89, 0.89, 1.0, 1.0, 1.0, 1.11, 1.11, 1.11, 0.22, 0.22, 1.22, 1.22, 1.22, 1.22, 1.22, 1.22, 0.44, 0.44, 1.33, 1.44, 1.44, 2.33, 0.67, 0.67, 1.44, 1.67, 1.56, 2.67, 0.89, 0.78, 1.56, 1.89, 1.67, 2.78, 1.22, 1.67, 2.11, 1.78, 1.78, 2.89, 2.89, 1.44, 1.78, 2.33, 2.33, 2.0, 3.11, 3.0, 1.67, 2.0, 2.44, 2.11, 2.22, 3.22, 3.33, 3.11, 1.89, 2.11, 2.56, 4.67, 4.44, 4.56, 4.56, 2.22, 3.11, 3.11, 4.67, 0.44, 0.33, 3.78, 3.22, 3.67, 3.67, 2.33, 0.56, 1.44, 4.11, 5.0, 5.11, 5.0, 0.89, 0.78, 1.67, 4.22, 5.11, 5.33, 5.33, 5.11, 1.22, 1.0, 1.89, 4.33, 5.22, 5.56, 5.78, 1.67, 4.44, 4.11, 5.78, 6.11, 5.89, 2.0, 2.0, 4.56, 4.56, 5.89, 6.67, 2.33, 2.22, 4.67, 4.89, 6.89, 2.67, 4.78, 2.78, 4.0, 5.0, 5.0, 0.67, 0.44, 5.11, 5.33, 0.67, 1.56, 5.22, 5.67, 5.78, 1.11, 0.89, 1.89]

ILAO*:
Tiempo requerido: 0.358
Nodos expandidos: 148

RLAO*:
Tiempo requerido: 0.227
Nodos expandidos: 353

BLAO*:
Tiempo requerido: 0.742
Nodos expandidos: 518

VI:
Tiempo requerido: 1.54
Numero de iteraciones: 461187
-------------------------------------------------------
