Problema 1
-------------------------------------------------------
LAO*:
Tiempo requerido: 104.519
Iteraciones requeridas: 809
Nodos expandidos: 809
Porcentajes del conjunto Z: [0.01, 0.02, 0.04, 0.02, 0.02, 0.04, 0.04, 0.07, 0.09, 0.1, 0.1, 0.12, 0.12, 0.11, 0.16, 0.15, 0.19, 0.2, 0.21, 0.04, 0.05, 0.05, 0.09, 0.06, 0.11, 0.06, 0.16, 0.1, 0.07, 0.11, 0.12, 0.14, 0.15, 0.33, 0.21, 0.16, 0.37, 0.17, 0.4, 0.04, 0.05, 0.04, 0.06, 0.07, 0.06, 0.2, 0.44, 0.21, 0.1, 0.47, 0.47, 0.22, 0.49, 0.48, 0.17, 0.23, 0.09, 0.54, 0.2, 0.56, 0.22, 0.57, 0.23, 0.16, 0.58, 0.35, 0.25, 0.25, 0.49, 0.41, 0.27, 0.41, 0.43, 0.27, 0.2, 0.59, 0.43, 0.05, 0.05, 0.21, 0.27, 0.67, 0.09, 0.23, 0.35, 0.06, 0.26, 0.07, 0.36, 0.36, 0.09, 0.09, 0.81, 0.4, 0.37, 0.12, 0.1, 0.42, 0.38, 0.56, 0.44, 0.4, 0.28, 0.15, 0.47, 0.47, 0.68, 0.19, 0.98, 0.46, 0.7, 1.01, 0.73, 0.19, 1.02, 0.07, 0.06, 0.09, 0.05, 0.09, 0.07, 0.09, 0.22, 0.09, 1.09, 0.14, 0.28, 0.25, 0.73, 1.11, 0.2, 0.4, 0.07, 1.06, 1.02, 0.26, 0.12, 0.42, 1.12, 1.11, 0.16, 0.44, 1.15, 0.31, 0.47, 1.1, 0.36, 0.17, 0.65, 1.19, 0.38, 0.21, 0.73, 1.17, 0.22, 0.53, 0.77, 1.21, 0.28, 0.78, 1.05, 0.07, 0.35, 0.07, 0.35, 0.8, 0.09, 1.09, 0.16, 0.38, 0.8, 0.16, 1.11, 0.12, 0.28, 0.17, 1.11, 0.19, 0.44, 1.2, 0.36, 0.49, 1.16, 0.41, 0.72, 1.27, 1.14, 0.44, 0.21, 1.3, 1.21, 0.73, 1.23, 0.48, 0.23, 1.35, 0.74, 1.25, 0.51, 1.37, 1.23, 1.26, 0.1, 0.1, 0.11, 0.12, 0.06, 0.07, 0.12, 0.12, 0.14, 0.12, 0.36, 0.11, 1.44, 1.16, 0.14, 0.88, 0.17, 1.46, 0.28, 0.09, 0.9, 0.9, 0.84, 0.37, 0.43, 1.38, 0.17, 0.28, 1.17, 0.19, 1.43, 1.16, 1.2, 0.51, 0.52, 1.44, 1.19, 1.22, 0.32, 0.22, 0.53, 0.72, 0.42, 0.4, 0.54, 0.23, 1.19, 0.37, 1.23, 0.68, 0.67, 0.56, 0.46, 0.38, 1.27, 0.68, 0.85, 0.46, 0.54, 1.21, 0.07, 0.1, 0.47, 0.7, 0.56, 0.36, 0.37, 1.35, 0.72, 0.15, 0.21, 0.48, 0.84, 0.42, 0.57, 1.41, 1.41, 0.21, 0.42, 0.54, 1.41, 0.88, 0.58, 0.12, 0.51, 1.43, 1.43, 1.44, 0.68, 0.84, 0.7, 0.17, 0.52, 0.65, 1.49, 0.65, 0.84, 0.3, 0.73, 0.23, 0.78, 0.65, 1.58, 1.51, 0.53, 0.28, 0.63, 0.91, 0.47, 1.63, 0.59, 1.68, 1.47, 0.52, 0.62, 0.6, 0.75, 0.75, 1.33, 1.23, 1.53, 0.73, 0.72, 0.7, 0.51, 0.41, 0.57, 1.42, 0.33, 1.48, 1.6, 0.8, 0.62, 1.46, 1.7, 0.54, 0.16, 0.12, 0.14, 0.16, 0.51, 0.81, 0.15, 0.81, 0.12, 0.14, 0.81, 0.16, 0.1, 0.17, 0.15, 1.16, 0.16, 0.72, 0.52, 0.85, 0.84, 1.75, 0.2, 1.01, 1.57, 1.38, 0.78, 0.89, 0.83, 1.62, 2.05, 0.11, 0.78, 1.63, 0.91, 0.84, 0.84, 0.62, 0.72, 1.83, 0.53, 1.37, 1.77, 0.23, 0.67, 0.98, 0.41, 0.75, 0.88, 1.86, 0.8, 1.33, 0.2, 1.84, 0.54, 0.77, 2.37, 0.98, 0.67, 1.64, 0.78, 0.78, 0.67, 2.15, 0.56, 0.8, 0.8, 0.51, 0.8, 0.78, 1.79, 0.84, 0.56, 1.83, 0.41, 0.85, 0.51, 1.73, 0.86, 1.89, 0.12, 0.4, 1.89, 0.51, 0.14, 0.09, 0.86, 1.65, 0.6, 0.23, 0.21, 0.56, 0.68, 0.88, 1.54, 0.83, 0.72, 1.85, 0.15, 0.64, 0.88, 0.56, 0.77, 0.22, 1.91, 0.9, 0.95, 0.3, 1.96, 0.91, 0.72, 1.65, 0.35, 2.1, 0.56, 0.69, 1.79, 0.57, 0.42, 0.77, 1.48, 1.09, 0.44, 0.69, 0.83, 1.54, 0.89, 0.74, 0.86, 0.16, 0.78, 0.49, 0.19, 0.2, 0.91, 0.25, 0.12, 0.22, 0.15, 0.21, 0.21, 0.12, 0.12, 0.17, 0.2, 0.17, 1.91, 0.2, 0.54, 0.79, 0.2, 0.17, 1.65, 0.25, 1.0, 0.27, 0.85, 0.83, 0.69, 1.01, 0.28, 0.84, 1.7, 0.23, 0.8, 1.19, 0.3, 0.91, 1.02, 0.81, 1.04, 0.75, 0.86, 1.68, 0.83, 0.22, 0.52, 0.94, 0.77, 1.52, 0.83, 1.35, 0.26, 0.95, 1.79, 0.58, 2.07, 0.32, 0.69, 0.96, 0.96, 1.81, 2.33, 1.9, 0.33, 0.59, 0.89, 1.04, 1.0, 0.99, 0.77, 1.83, 1.94, 1.91, 0.91, 1.06, 0.93, 1.01, 0.99, 0.9, 0.81, 1.84, 1.84, 2.01, 1.14, 0.88, 1.05, 0.84, 1.1, 1.86, 1.86, 1.86, 0.14, 0.12, 1.17, 0.16, 0.86, 0.16, 0.54, 0.11, 2.02, 2.0, 1.99, 1.04, 0.23, 1.06, 1.06, 1.22, 0.3, 1.88, 0.89, 2.1, 2.12, 2.06, 2.04, 1.07, 0.81, 0.32, 1.84, 1.81, 1.07, 1.75, 0.89, 0.7, 2.31, 2.25, 2.21, 2.12, 0.77, 1.11, 1.09, 1.09, 0.93, 1.93, 1.12, 0.35, 0.26, 2.9, 2.28, 1.11, 2.23, 1.05, 0.79, 0.85, 2.36, 1.67, 1.06, 0.35, 0.32, 1.94, 0.84, 2.05, 0.96, 0.77, 2.14, 2.02, 2.74, 1.19, 1.07, 0.8, 0.43, 2.0, 0.64, 1.95, 1.11, 1.11, 1.0, 2.86, 2.22, 2.23, 2.1, 1.11, 1.22, 0.98, 2.14, 1.12, 1.02, 0.95, 1.16, 0.88, 2.05, 0.54, 1.01, 2.85, 2.16, 2.8, 1.19, 1.17, 1.94, 2.06, 1.22, 1.01, 0.83, 0.89, 1.22, 2.69, 1.09, 0.77, 2.42, 0.35, 1.25, 1.23, 1.07, 1.19, 1.19, 0.8, 1.37, 0.81, 1.41, 0.22, 0.11, 0.26, 2.51, 1.27, 1.27, 1.25, 1.11, 0.15, 0.1, 0.2, 0.28, 0.3, 1.21, 1.2, 0.26, 0.86, 0.17, 0.27, 0.12, 0.22, 0.17, 0.25, 0.22, 0.21, 0.96, 1.56, 1.31, 1.3, 1.26, 1.46, 1.12, 2.65, 0.22, 0.22, 1.01, 0.9, 1.21, 1.25, 2.79, 1.52, 1.33, 1.35, 1.27, 1.14, 0.3, 1.15, 1.85, 1.02, 1.25, 1.25, 0.96, 3.33, 1.46, 1.3, 1.17, 2.83, 2.75, 0.3, 0.64, 1.01, 1.38, 1.3, 1.3, 2.95, 2.0, 1.09, 1.42, 1.19, 0.81, 0.42, 2.77, 1.16, 3.2, 1.75, 0.78, 2.26, 2.1, 1.22, 1.51, 1.19, 2.83, 0.37, 0.72, 1.25, 1.04, 1.44, 2.79, 0.59, 2.32, 3.15, 0.62, 1.05, 1.05, 3.11, 1.04, 0.63, 4.33, 0.83, 1.44, 1.16, 3.12, 0.81, 1.21, 0.91, 4.44, 0.91, 0.81, 1.49, 1.35, 1.17, 3.14, 1.23, 1.31, 0.21, 0.98, 0.19, 0.63, 4.57, 4.56, 0.21, 1.25, 1.7, 0.14, 4.64, 1.16, 4.63, 0.33, 1.85, 1.25, 1.25, 4.54]

ILAO*:
Tiempo requerido: 7.494
Iteraciones requeridas: 899
Nodos expandidos: 899

RLAO*:
Tiempo requerido: 2.605
Iteraciones requeridas: 64
Nodos expandidos: 2658

BLAO*:
Tiempo requerido: 2.173
Iteraciones requeridas: 51
Nodos expandidos: 1932

VI:
Tiempo requerido: 3.873
Iteraciones requeridas: 91

Problema 2
-------------------------------------------------------
LAO*:
Tiempo requerido: 47.685
Iteraciones requeridas: 453
Nodos expandidos: 453
Porcentajes del conjunto Z: [0.01, 0.02, 0.04, 0.05, 0.06, 0.07, 0.07, 0.09, 0.1, 0.1, 0.12, 0.11, 0.02, 0.02, 0.04, 0.04, 0.05, 0.06, 0.1, 0.09, 0.06, 0.14, 0.16, 0.09, 0.2, 0.11, 0.22, 0.26, 0.12, 0.3, 0.31, 0.3, 0.04, 0.3, 0.32, 0.09, 0.05, 0.33, 0.12, 0.35, 0.36, 0.1, 0.37, 0.14, 0.19, 0.38, 0.23, 0.42, 0.14, 0.43, 0.15, 0.31, 0.44, 0.16, 0.16, 0.33, 0.05, 0.06, 0.05, 0.05, 0.05, 0.06, 0.47, 0.41, 0.07, 0.19, 0.11, 0.48, 0.46, 0.16, 0.11, 0.2, 0.2, 0.51, 0.16, 0.23, 0.12, 0.46, 0.17, 0.25, 0.25, 0.15, 0.41, 0.58, 0.14, 0.53, 0.17, 0.56, 0.52, 0.54, 0.32, 0.16, 0.57, 0.36, 0.19, 0.58, 0.05, 0.38, 0.06, 0.05, 0.21, 0.59, 0.6, 0.12, 0.1, 0.37, 0.25, 0.62, 0.64, 0.15, 0.41, 0.14, 0.27, 0.65, 0.2, 0.16, 0.53, 0.17, 0.67, 0.26, 0.26, 0.53, 0.31, 0.21, 0.27, 0.57, 0.32, 0.64, 0.3, 0.63, 0.33, 0.68, 0.35, 0.17, 0.37, 0.07, 0.07, 0.06, 0.06, 0.1, 0.07, 0.59, 0.12, 0.6, 0.41, 0.65, 0.65, 0.37, 0.15, 0.27, 0.19, 0.69, 0.22, 0.22, 0.4, 0.31, 0.72, 0.25, 0.27, 0.35, 0.72, 0.37, 0.31, 0.54, 0.69, 0.74, 0.74, 0.57, 0.77, 0.77, 0.75, 0.33, 0.79, 0.77, 0.64, 0.26, 0.22, 0.36, 0.16, 0.67, 0.37, 0.38, 0.22, 0.35, 0.69, 0.37, 0.79, 0.12, 0.07, 0.07, 0.09, 0.35, 0.26, 0.48, 0.41, 0.41, 0.79, 0.4, 0.31, 0.14, 0.44, 0.73, 0.19, 0.36, 0.21, 0.46, 1.0, 0.41, 0.25, 0.25, 0.84, 0.49, 1.0, 0.3, 0.51, 0.85, 0.69, 0.86, 1.02, 0.73, 0.51, 0.38, 0.72, 0.3, 0.88, 1.06, 0.81, 0.36, 0.31, 0.73, 0.89, 0.86, 1.09, 0.74, 0.36, 0.78, 1.14, 0.35, 0.74, 0.93, 0.09, 0.1, 0.75, 0.23, 0.06, 0.1, 0.09, 0.11, 0.14, 0.12, 0.15, 0.11, 1.0, 0.49, 0.17, 0.42, 0.3, 0.69, 1.0, 0.43, 0.84, 0.53, 0.4, 0.7, 0.59, 0.32, 0.42, 0.88, 0.32, 0.36, 0.72, 0.72, 0.46, 0.68, 1.14, 0.73, 0.49, 0.37, 0.57, 0.86, 0.81, 1.19, 0.4, 0.47, 0.35, 0.94, 0.89, 0.52, 0.41, 0.94, 0.96, 1.19, 0.6, 0.72, 0.44, 0.95, 1.22, 0.79, 0.38, 0.95, 0.96, 0.98, 0.8, 0.09, 0.11, 0.98, 1.01, 0.88, 0.15, 0.4, 0.35, 0.98, 0.98, 0.84, 0.25, 0.2, 0.52, 0.41, 1.0, 0.85, 0.85, 0.58, 0.46, 0.48, 1.0, 0.9, 0.88, 0.31, 0.59, 0.47, 0.68, 1.01, 0.88, 0.89, 0.31, 0.77, 0.98, 0.9, 0.38, 0.78, 0.9, 1.02, 0.91, 0.41, 0.64, 0.96, 0.4, 0.33, 0.79, 0.93, 1.06, 1.0, 0.91, 0.41, 0.88, 0.46, 0.72, 0.77, 0.38, 1.0, 0.52, 1.23, 0.74, 0.43, 0.12, 0.8, 0.44, 0.11, 0.12, 0.12, 0.16, 0.14, 0.07, 0.15, 0.19, 0.17, 0.14, 0.19, 1.02, 1.25, 1.25, 0.72, 0.86, 0.21, 0.48, 0.88, 0.94, 1.3, 0.56, 1.26, 1.0, 0.98, 0.89, 0.49, 0.42, 1.32, 1.25, 1.07, 0.43, 1.05, 0.23, 0.7, 0.54, 0.43, 1.26, 1.37, 1.07, 0.56, 0.3, 0.49, 0.54, 1.42, 1.21, 0.36, 0.77, 0.56, 0.93, 1.1, 1.1, 0.46, 0.64, 0.94, 1.11, 1.11, 0.9, 1.02, 0.95, 0.95, 0.41, 0.96, 1.15, 1.14, 1.14, 1.12, 0.36, 0.49, 0.99, 1.0, 0.96, 1.07, 0.48, 0.89, 1.15, 1.15, 1.09, 1.25, 0.49, 1.0, 0.48, 0.95, 0.91, 0.51, 1.21]

ILAO*:
Tiempo requerido: 2.173
Iteraciones requeridas: 472
Nodos expandidos: 472

RLAO*:
Tiempo requerido: 1.481
Iteraciones requeridas: 59
Nodos expandidos: 2320

BLAO*:
Tiempo requerido: 1.282
Iteraciones requeridas: 45
Nodos expandidos: 1586

VI:
Tiempo requerido: 3.731
Iteraciones requeridas: 91

Problema 3
-------------------------------------------------------
LAO*:
Tiempo requerido: 48.237
Iteraciones requeridas: 473
Nodos expandidos: 473
Porcentajes del conjunto Z: [0.01, 0.02, 0.04, 0.02, 0.02, 0.05, 0.07, 0.02, 0.02, 0.02, 0.07, 0.07, 0.1, 0.11, 0.12, 0.12, 0.15, 0.16, 0.17, 0.19, 0.2, 0.04, 0.07, 0.09, 0.15, 0.17, 0.2, 0.19, 0.19, 0.21, 0.23, 0.07, 0.26, 0.22, 0.05, 0.06, 0.07, 0.25, 0.1, 0.23, 0.22, 0.16, 0.26, 0.27, 0.2, 0.23, 0.26, 0.27, 0.19, 0.35, 0.28, 0.23, 0.37, 0.3, 0.27, 0.42, 0.28, 0.42, 0.46, 0.09, 0.09, 0.48, 0.16, 0.49, 0.51, 0.23, 0.52, 0.52, 0.52, 0.26, 0.56, 0.53, 0.17, 0.17, 0.28, 0.54, 0.23, 0.54, 0.31, 0.28, 0.56, 0.33, 0.33, 0.57, 0.05, 0.07, 0.57, 0.07, 0.06, 0.09, 0.1, 0.35, 0.1, 0.33, 0.62, 0.6, 0.38, 0.38, 0.11, 0.47, 0.11, 0.59, 0.4, 0.19, 0.64, 0.27, 0.44, 0.14, 0.43, 0.25, 0.38, 0.28, 0.15, 0.15, 0.14, 0.3, 0.72, 0.17, 0.17, 0.16, 0.63, 0.19, 0.28, 0.22, 0.26, 0.21, 0.17, 0.46, 0.67, 0.63, 0.26, 0.23, 0.7, 0.65, 0.37, 0.72, 0.68, 0.37, 0.74, 0.48, 0.63, 0.11, 0.4, 0.51, 0.67, 0.12, 0.2, 0.68, 0.6, 0.27, 0.68, 0.25, 0.3, 0.74, 0.73, 0.72, 0.44, 0.33, 0.74, 0.75, 0.19, 0.73, 0.38, 0.79, 0.74, 0.22, 0.64, 0.27, 0.63, 0.67, 0.33, 0.26, 0.67, 0.38, 0.7, 0.49, 0.75, 0.06, 0.09, 0.09, 0.11, 0.09, 0.07, 0.14, 0.1, 0.14, 0.44, 0.32, 0.75, 0.83, 0.77, 0.48, 0.32, 0.86, 0.79, 0.52, 0.14, 0.32, 0.7, 0.8, 0.27, 0.33, 0.72, 0.73, 0.8, 0.48, 0.35, 0.17, 0.77, 0.75, 0.95, 0.41, 0.69, 0.21, 0.83, 0.78, 0.98, 0.73, 0.26, 0.86, 0.79, 0.64, 1.44, 0.81, 0.31, 0.86, 0.88, 0.69, 0.8, 1.06, 0.41, 0.72, 0.89, 0.27, 0.8, 0.8, 0.8, 1.51, 1.05, 0.99, 0.81, 0.8, 0.28, 0.09, 0.44, 1.02, 0.3, 0.69, 0.84, 0.84, 0.84, 0.12, 0.14, 0.31, 0.86, 0.85, 0.78, 0.15, 0.89, 0.38, 0.21, 0.53, 0.89, 0.89, 0.72, 0.86, 0.19, 0.9, 0.54, 0.85, 0.25, 0.85, 0.91, 0.17, 0.62, 0.89, 0.9, 0.9, 0.88, 0.22, 0.78, 0.62, 0.81, 0.93, 0.28, 0.8, 0.63, 0.86, 0.33, 0.94, 0.98, 0.94, 0.94, 0.79, 0.35, 0.65, 0.98, 0.96, 0.89, 0.8, 0.37, 0.67, 1.0, 0.98, 0.91, 0.94, 0.9, 0.11, 0.11, 0.81, 0.48, 0.68, 0.12, 0.22, 0.14, 0.12, 0.14, 0.15, 1.12, 1.02, 0.15, 0.9, 0.86, 0.84, 0.31, 0.16, 0.69, 1.14, 0.1, 0.85, 1.22, 0.89, 0.12, 0.35, 0.7, 0.52, 1.19, 1.21, 0.15, 0.86, 0.86, 0.37, 0.72, 1.23, 0.36, 1.23, 1.04, 0.88, 0.91, 0.32, 0.73, 0.59, 0.85, 0.77, 1.42, 0.94, 0.28, 0.63, 1.0, 0.22, 0.4, 0.8, 0.3, 0.25, 0.93, 0.65, 1.01, 1.11, 0.37, 0.32, 0.96, 0.42, 1.02, 1.16, 0.38, 1.01, 1.3, 0.91, 0.43, 0.95, 1.17, 0.44, 0.98, 1.22, 0.94, 1.19, 0.85, 0.12, 0.47, 1.0, 1.25, 0.22, 0.14, 1.23, 1.2, 1.05, 1.11, 0.16, 0.9, 1.02, 1.21, 1.27, 1.21, 0.35, 0.56, 0.23, 0.23, 1.28, 1.3, 1.22, 1.06, 1.23, 0.96, 0.32, 0.58, 0.38, 1.33, 1.25, 1.4, 0.65, 1.01, 0.46, 1.36, 0.42, 1.52, 1.26, 1.26, 0.51, 0.26, 1.2, 1.38, 0.43, 1.27, 1.15, 0.7, 1.04, 0.35, 1.22, 1.4, 1.28, 1.28, 1.16, 0.47, 0.47, 0.72, 1.02, 0.6, 1.02, 1.44, 1.31, 0.68, 1.3, 0.47, 1.21, 0.4, 1.09, 0.51, 0.51, 0.41, 1.48, 1.22, 1.33, 1.23, 0.43, 0.9, 0.16, 0.21, 0.15, 0.16, 0.17, 0.14, 0.17, 1.53]

ILAO*:
Tiempo requerido: 2.92
Iteraciones requeridas: 527
Nodos expandidos: 527

RLAO*:
Tiempo requerido: 2.048
Iteraciones requeridas: 63
Nodos expandidos: 2611

BLAO*:
Tiempo requerido: 1.699
Iteraciones requeridas: 51
Nodos expandidos: 1971

VI:
Tiempo requerido: 3.834
Iteraciones requeridas: 91

Problema 4
-------------------------------------------------------
LAO*:
Tiempo requerido: 91.119
Iteraciones requeridas: 720
Nodos expandidos: 720
Porcentajes del conjunto Z: [0.01, 0.02, 0.04, 0.05, 0.02, 0.02, 0.05, 0.05, 0.07, 0.07, 0.1, 0.11, 0.12, 0.14, 0.02, 0.04, 0.04, 0.07, 0.07, 0.11, 0.15, 0.14, 0.12, 0.25, 0.17, 0.15, 0.3, 0.19, 0.32, 0.33, 0.35, 0.33, 0.05, 0.35, 0.09, 0.06, 0.36, 0.12, 0.11, 0.38, 0.4, 0.14, 0.17, 0.16, 0.2, 0.19, 0.22, 0.2, 0.23, 0.41, 0.38, 0.21, 0.21, 0.47, 0.22, 0.04, 0.04, 0.05, 0.04, 0.04, 0.51, 0.07, 0.37, 0.23, 0.54, 0.38, 0.25, 0.17, 0.57, 0.41, 0.26, 0.12, 0.6, 0.27, 0.43, 0.17, 0.64, 0.28, 0.43, 0.2, 0.19, 0.67, 0.3, 0.22, 0.69, 0.25, 0.42, 0.27, 0.32, 0.32, 0.21, 0.35, 0.33, 0.23, 0.37, 0.38, 0.36, 0.05, 0.05, 0.06, 0.26, 0.14, 0.07, 0.41, 0.2, 0.14, 0.33, 0.28, 0.22, 0.48, 0.28, 0.51, 0.3, 0.26, 0.52, 0.36, 0.17, 0.38, 0.65, 0.41, 0.35, 0.88, 0.37, 0.46, 0.91, 0.05, 0.05, 0.43, 0.4, 0.07, 0.06, 0.06, 0.1, 0.06, 0.09, 0.26, 0.09, 0.95, 0.09, 0.58, 0.41, 0.49, 0.51, 0.96, 0.52, 0.1, 0.42, 0.77, 0.43, 0.43, 0.43, 0.43, 0.43, 0.22, 0.84, 0.56, 0.46, 0.46, 0.3, 0.54, 0.91, 0.54, 0.32, 0.32, 0.95, 0.35, 0.64, 0.17, 0.37, 0.38, 0.26, 0.42, 0.31, 0.47, 0.46, 0.27, 0.91, 0.06, 0.1, 0.52, 0.09, 0.49, 0.09, 1.02, 0.44, 0.54, 0.15, 0.17, 0.94, 0.37, 0.31, 0.56, 0.43, 0.26, 0.42, 0.89, 0.47, 0.3, 0.47, 1.17, 0.38, 0.33, 0.48, 0.51, 1.09, 0.37, 1.12, 0.49, 0.49, 0.41, 1.1, 0.27, 1.14, 0.62, 0.56, 0.58, 0.56, 0.49, 0.32, 0.59, 0.67, 0.59, 0.57, 0.73, 1.17, 0.6, 0.6, 0.65, 0.38, 0.62, 0.94, 0.63, 0.47, 0.09, 0.46, 0.63, 0.15, 0.68, 0.07, 0.15, 0.1, 0.12, 0.94, 0.84, 0.64, 0.56, 0.11, 0.09, 0.64, 0.89, 0.65, 0.59, 0.17, 0.65, 0.49, 0.79, 1.02, 0.6, 0.53, 0.19, 0.67, 0.28, 0.78, 0.65, 0.59, 0.2, 0.2, 0.32, 0.59, 0.67, 0.22, 0.23, 0.99, 0.46, 0.67, 0.78, 0.68, 0.68, 0.81, 0.54, 0.57, 0.84, 0.75, 0.75, 0.59, 0.36, 0.69, 0.69, 0.69, 0.84, 0.62, 0.75, 0.74, 0.59, 0.75, 0.47, 0.07, 0.07, 0.74, 0.75, 0.11, 0.7, 0.43, 0.84, 0.77, 0.94, 0.53, 0.63, 0.14, 0.86, 0.78, 0.78, 0.27, 0.51, 0.79, 0.67, 0.79, 0.88, 0.16, 0.62, 0.33, 0.98, 0.8, 0.8, 0.78, 0.95, 0.75, 0.89, 0.68, 0.72, 0.43, 1.1, 0.86, 1.0, 0.74, 0.68, 0.9, 0.21, 0.73, 0.79, 0.52, 1.1, 1.06, 0.95, 0.23, 1.17, 0.73, 0.59, 0.86, 1.06, 0.84, 0.84, 0.88, 0.68, 1.15, 0.8, 1.25, 1.3, 0.6, 1.3, 0.41, 0.89, 1.77, 0.83, 1.23, 1.33, 0.81, 0.16, 0.09, 0.12, 0.17, 0.17, 0.9, 0.14, 0.16, 1.1, 1.0, 1.01, 0.88, 1.0, 0.51, 0.88, 0.12, 0.12, 0.91, 0.1, 1.02, 1.05, 0.54, 0.25, 0.11, 0.93, 0.9, 1.01, 0.84, 0.46, 1.46, 0.65, 0.23, 0.96, 0.72, 0.67, 1.49, 0.36, 0.99, 0.78, 0.67, 0.94, 0.74, 1.02, 0.23, 0.46, 0.83, 0.78, 1.52, 0.56, 0.88, 0.68, 0.84, 1.16, 1.09, 0.95, 0.81, 0.37, 1.53, 1.53, 0.75, 0.67, 0.99, 1.54, 1.56, 0.4, 0.86, 0.77, 1.09, 1.58, 1.57, 1.57, 0.19, 0.89, 0.95, 0.15, 0.15, 0.88, 0.15, 0.14, 0.15, 1.47, 0.74, 1.05, 0.94, 1.6, 1.59, 0.89, 0.9, 0.12, 1.6, 0.77, 1.0, 0.98, 1.65, 0.86, 1.64, 1.6, 0.15, 0.96, 1.19, 1.9, 0.86, 1.83, 1.37, 0.21, 0.31, 1.62, 1.63, 1.64, 1.1, 1.79, 1.35, 0.93, 0.93, 0.74, 0.65, 1.48, 1.3, 1.78, 1.65, 1.62, 0.94, 1.65, 0.23, 0.78, 0.47, 1.48, 1.52, 1.78, 1.11, 1.7, 1.69, 0.95, 0.36, 2.06, 1.69, 0.65, 0.8, 1.38, 1.93, 0.73, 1.79, 1.79, 1.77, 0.27, 1.62, 0.95, 1.4, 1.21, 1.83, 1.64, 0.33, 0.85, 1.04, 0.81, 1.63, 1.64, 1.21, 1.64, 0.62, 0.17, 0.2, 0.94, 0.19, 0.16, 0.94, 0.19, 0.23, 0.21, 0.19, 0.2, 1.69, 1.65, 1.02, 0.14, 0.21, 0.15, 0.12, 1.73, 0.99, 1.2, 0.21, 0.91, 1.05, 0.16, 1.63, 0.89, 1.22, 1.02, 1.72, 1.15, 0.63, 0.21, 0.93, 0.19, 1.38, 1.16, 1.74, 1.23, 0.26, 0.72, 1.04, 1.35, 1.54, 0.32, 0.46, 1.1, 1.12, 0.56, 1.75, 1.75, 1.77, 0.8, 1.68, 0.62, 0.7, 1.84, 1.88, 1.65, 0.51, 1.9, 1.63, 1.38, 0.83, 0.6, 1.63, 1.65, 1.3, 0.9, 1.04, 0.86, 0.67, 1.65, 1.68, 1.37, 0.15, 0.11, 0.98, 0.86, 0.12, 0.99, 0.11, 0.9, 0.12, 0.2, 0.23, 0.19, 1.6, 1.0, 1.2, 0.14, 1.12, 0.91, 0.2, 1.36, 1.26, 1.09, 0.16, 1.38, 1.7, 1.1, 1.23, 0.48, 0.64, 0.95, 1.52, 0.79, 0.93, 1.19, 0.25, 1.27, 1.33, 1.21, 1.7, 1.23, 1.57, 1.27, 0.36, 0.88, 1.01, 0.98, 0.58, 1.77, 1.74, 1.38, 1.27, 1.26, 0.4, 1.04, 1.38, 0.99, 0.99, 0.89, 0.7, 1.77, 1.96, 0.43, 1.46, 1.05, 0.84, 1.07, 1.49, 1.01, 1.0, 0.85, 1.26, 1.3, 0.53, 1.85, 1.1, 0.78, 2.11, 1.72, 0.62, 1.91, 1.65, 0.98, 0.57, 0.19, 0.22, 0.21, 0.25, 0.17, 0.91, 2.02, 1.44, 2.14, 2.14, 0.28, 0.21, 0.22, 0.17, 0.31, 0.27, 0.27, 1.56, 1.11, 1.8, 1.78, 1.05, 0.23, 0.79, 1.89, 0.59, 2.2, 2.15, 1.62, 0.17, 0.17, 1.11, 0.14, 1.75, 1.07]

ILAO*:
Tiempo requerido: 7.403
Iteraciones requeridas: 815
Nodos expandidos: 815

RLAO*:
Tiempo requerido: 1.823
Iteraciones requeridas: 62
Nodos expandidos: 2496

BLAO*:
Tiempo requerido: 2.1
Iteraciones requeridas: 50
Nodos expandidos: 1853

VI:
Tiempo requerido: 3.882
Iteraciones requeridas: 91

Problema 5
-------------------------------------------------------
LAO*:
Tiempo requerido: 47.233
Iteraciones requeridas: 460
Nodos expandidos: 460
Porcentajes del conjunto Z: [0.01, 0.02, 0.04, 0.05, 0.02, 0.02, 0.05, 0.05, 0.07, 0.07, 0.02, 0.02, 0.04, 0.02, 0.07, 0.06, 0.1, 0.09, 0.14, 0.16, 0.09, 0.17, 0.1, 0.23, 0.19, 0.12, 0.22, 0.22, 0.25, 0.23, 0.27, 0.25, 0.28, 0.25, 0.31, 0.07, 0.07, 0.32, 0.12, 0.16, 0.16, 0.21, 0.05, 0.04, 0.04, 0.07, 0.05, 0.35, 0.31, 0.09, 0.38, 0.32, 0.14, 0.14, 0.42, 0.32, 0.19, 0.43, 0.32, 0.44, 0.46, 0.19, 0.32, 0.47, 0.48, 0.48, 0.23, 0.51, 0.49, 0.26, 0.26, 0.53, 0.3, 0.27, 0.53, 0.33, 0.3, 0.27, 0.53, 0.09, 0.33, 0.1, 0.53, 0.16, 0.15, 0.36, 0.54, 0.17, 0.21, 0.38, 0.26, 0.26, 0.42, 0.2, 0.43, 0.43, 0.46, 0.33, 0.44, 0.49, 0.59, 0.38, 0.53, 0.62, 0.42, 0.57, 0.05, 0.05, 0.44, 0.06, 0.06, 0.07, 0.07, 0.1, 0.3, 0.58, 0.11, 0.09, 0.41, 0.52, 0.1, 0.28, 0.33, 0.6, 0.17, 0.56, 0.17, 0.47, 0.41, 0.57, 0.25, 0.25, 0.42, 0.42, 0.27, 0.27, 0.59, 0.56, 0.26, 0.38, 0.6, 0.57, 0.33, 0.43, 0.47, 0.64, 0.62, 0.59, 0.35, 0.28, 0.46, 0.49, 0.67, 0.63, 0.36, 0.47, 0.42, 0.43, 0.69, 0.65, 0.44, 0.6, 0.43, 0.63, 0.44, 0.43, 0.67, 0.44, 0.33, 0.67, 0.68, 0.59, 0.44, 0.07, 0.06, 0.68, 0.69, 0.75, 0.67, 0.12, 0.52, 0.46, 0.46, 0.15, 0.72, 0.72, 0.86, 0.2, 0.48, 0.16, 0.47, 0.6, 0.1, 0.94, 0.57, 0.28, 0.49, 0.57, 0.56, 0.43, 0.36, 0.6, 0.44, 0.37, 0.65, 0.98, 0.38, 0.49, 0.64, 0.7, 0.68, 1.01, 0.52, 0.51, 0.43, 0.74, 0.7, 1.1, 0.7, 0.47, 0.81, 1.41, 0.07, 0.06, 0.37, 0.72, 0.1, 0.49, 0.07, 0.12, 0.09, 0.14, 0.14, 0.14, 0.1, 1.44, 0.52, 0.2, 0.12, 0.74, 0.21, 0.53, 0.53, 0.77, 0.75, 0.31, 0.58, 0.33, 0.78, 0.52, 0.77, 0.81, 0.53, 0.38, 0.42, 0.78, 0.85, 0.69, 0.57, 0.46, 0.47, 0.65, 0.6, 0.79, 0.83, 0.65, 0.74, 0.51, 0.53, 0.65, 0.8, 0.99, 0.69, 0.74, 0.63, 0.59, 0.89, 0.46, 0.81, 0.74, 0.73, 0.86, 0.32, 0.96, 0.49, 0.86, 0.95, 1.22, 1.11, 0.78, 0.88, 0.54, 1.0, 0.89, 0.91, 0.1, 0.6, 1.12, 0.88, 0.75, 0.91, 1.3, 1.25, 1.25, 0.93, 0.86, 1.16, 0.57, 0.17, 0.17, 0.49, 0.77, 0.91, 0.89, 0.95, 1.16, 0.48, 0.57, 1.3, 0.94, 0.93, 0.15, 0.48, 1.17, 1.84, 0.35, 1.19, 0.8, 0.19, 0.54, 1.04, 1.2, 1.91, 1.22, 1.11, 0.56, 1.05, 0.52, 1.23, 1.81, 0.54, 1.17, 1.8, 1.11, 0.58, 0.7, 1.53, 1.51, 0.51, 0.88, 1.88, 1.07, 0.77, 0.41, 1.56, 1.54, 1.33, 0.69, 1.9, 1.22, 0.47, 1.62, 1.56, 1.4, 0.72, 1.62, 0.89, 0.95, 0.07, 0.07, 0.11, 0.14, 0.16, 0.11, 0.14, 0.83, 0.17, 0.2, 0.14, 0.16, 0.12, 0.15, 0.15, 0.57, 1.17, 1.32, 0.11, 0.17, 0.9, 0.1, 0.81, 0.74, 1.44, 1.65, 0.93, 1.2, 0.23, 0.77, 1.44, 1.67, 0.52, 1.3, 0.73, 1.14, 0.32, 1.49, 1.68, 1.68, 2.1, 1.21, 0.99, 0.44, 1.7, 1.69, 1.53, 0.58, 2.15, 1.73, 1.58, 0.49, 1.23, 1.46, 0.43, 1.07, 0.49, 0.62, 1.93, 1.53, 1.06, 0.59, 1.52, 0.6, 0.79, 0.58, 0.89, 0.44, 0.46, 0.74, 0.67, 1.51, 1.51, 0.67, 0.48, 0.96, 1.12, 1.27, 1.1, 0.63, 0.63, 1.05, 1.58, 1.57, 1.3, 1.16, 1.25, 0.85, 1.06, 0.78, 0.11, 1.6]

ILAO*:
Tiempo requerido: 1.917
Iteraciones requeridas: 537
Nodos expandidos: 537

RLAO*:
Tiempo requerido: 1.679
Iteraciones requeridas: 60
Nodos expandidos: 2455

BLAO*:
Tiempo requerido: 1.359
Iteraciones requeridas: 49
Nodos expandidos: 1821

VI:
Tiempo requerido: 3.709
Iteraciones requeridas: 91

Problema 6
-------------------------------------------------------
LAO*:
Tiempo requerido: 53.698
Iteraciones requeridas: 495
Nodos expandidos: 495
Porcentajes del conjunto Z: [0.01, 0.02, 0.02, 0.04, 0.02, 0.02, 0.05, 0.04, 0.06, 0.04, 0.07, 0.06, 0.07, 0.1, 0.11, 0.09, 0.09, 0.11, 0.1, 0.14, 0.11, 0.16, 0.12, 0.19, 0.2, 0.2, 0.21, 0.05, 0.22, 0.1, 0.09, 0.11, 0.12, 0.14, 0.16, 0.16, 0.19, 0.21, 0.2, 0.04, 0.21, 0.04, 0.04, 0.05, 0.06, 0.06, 0.07, 0.06, 0.22, 0.05, 0.23, 0.14, 0.23, 0.25, 0.17, 0.25, 0.09, 0.26, 0.12, 0.27, 0.27, 0.16, 0.3, 0.28, 0.2, 0.32, 0.31, 0.23, 0.31, 0.2, 0.26, 0.32, 0.33, 0.23, 0.28, 0.33, 0.27, 0.05, 0.07, 0.35, 0.3, 0.06, 0.25, 0.16, 0.26, 0.27, 0.11, 0.27, 0.43, 0.28, 0.28, 0.19, 0.46, 0.15, 0.31, 0.3, 0.23, 0.53, 0.33, 0.31, 0.28, 0.58, 0.23, 0.62, 0.07, 0.06, 0.09, 0.11, 0.31, 0.11, 0.12, 0.26, 0.63, 0.3, 0.12, 0.09, 0.35, 0.67, 0.36, 0.15, 0.25, 0.28, 0.2, 0.1, 0.26, 0.27, 0.16, 0.32, 0.21, 0.38, 0.25, 0.33, 0.27, 0.43, 0.27, 0.35, 0.35, 0.48, 0.3, 0.43, 0.36, 0.26, 0.26, 0.72, 0.21, 0.38, 0.07, 0.37, 0.09, 0.78, 0.22, 0.41, 0.1, 0.38, 0.83, 0.42, 0.4, 0.37, 0.85, 0.47, 0.23, 0.41, 0.14, 0.86, 0.86, 0.86, 0.25, 0.19, 0.44, 0.89, 0.88, 0.26, 0.26, 0.26, 0.22, 0.41, 0.91, 0.91, 0.46, 0.27, 0.32, 0.9, 0.48, 0.93, 0.28, 0.36, 0.28, 0.94, 0.59, 0.31, 0.44, 0.93, 0.07, 0.57, 0.06, 0.1, 0.35, 0.09, 0.12, 0.09, 0.12, 0.1, 0.11, 0.14, 0.37, 0.32, 0.15, 0.94, 0.32, 0.74, 0.1, 0.4, 0.99, 0.4, 0.75, 0.42, 1.0, 0.41, 0.78, 0.11, 0.44, 0.22, 0.86, 0.54, 0.2, 0.46, 0.25, 0.8, 0.88, 0.27, 0.47, 0.72, 0.91, 0.32, 0.4, 0.95, 0.25, 0.48, 0.96, 0.98, 0.46, 0.4, 0.49, 1.0, 1.05, 0.41, 0.28, 0.36, 0.49, 0.53, 1.05, 1.1, 0.53, 0.54, 0.53, 0.52, 1.14, 0.3, 0.35, 0.09, 0.15, 0.57, 0.1, 0.53, 1.04, 1.25, 1.16, 0.42, 0.32, 0.11, 0.58, 0.67, 1.06, 1.3, 0.32, 1.19, 0.12, 0.68, 1.09, 0.19, 0.37, 0.22, 1.33, 0.69, 0.48, 1.1, 1.35, 0.36, 0.26, 0.89, 0.26, 0.7, 0.51, 0.7, 1.41, 1.12, 1.27, 1.37, 0.83, 0.44, 0.4, 0.31, 0.73, 0.3, 1.14, 1.27, 1.38, 0.56, 0.4, 0.74, 0.33, 0.52, 1.43, 0.38, 0.79, 0.52, 0.85, 0.54, 0.28, 0.54, 0.38, 0.14, 0.14, 0.19, 0.14, 0.09, 0.15, 0.1, 0.2, 0.19, 0.1, 0.17, 0.17, 0.99, 0.15, 0.11, 0.33, 0.22, 0.54, 0.16, 0.36, 0.56, 1.05, 0.32, 0.49, 0.33, 0.23, 0.72, 0.57, 1.07, 0.38, 0.53, 0.35, 0.75, 0.58, 1.11, 0.77, 0.54, 0.42, 0.42, 0.51, 0.78, 0.63, 0.83, 1.14, 1.35, 0.54, 0.64, 1.16, 0.75, 0.67, 0.51, 0.8, 0.73, 0.37, 0.93, 1.19, 0.49, 0.88, 0.42, 0.53, 0.74, 0.74, 0.48, 0.93, 0.6, 1.12, 0.75, 0.73, 0.99, 0.74, 0.91, 0.75, 0.59, 1.2, 0.57, 0.84, 1.54, 0.6, 0.7, 1.23, 0.83, 1.41, 0.75, 1.4, 0.19, 0.11, 0.81, 0.79, 0.1, 0.6, 0.85, 1.1, 1.0, 0.73, 1.07, 0.85, 0.14, 0.6, 1.48, 0.79, 1.42, 1.42, 1.79, 0.63, 1.52, 1.43, 1.51, 0.35, 0.65, 0.64, 0.47, 0.69, 1.54, 1.44, 1.65, 1.64, 0.31, 0.68, 0.68, 0.73, 1.51, 0.96, 0.69, 1.47, 1.47, 1.72, 0.79, 0.43, 0.52, 0.69, 0.98, 0.48, 0.47, 0.53, 1.47, 1.77, 0.96, 0.81, 0.65, 1.42, 1.42, 0.48, 0.63, 2.22, 0.99, 0.81, 0.52, 1.72, 1.73, 0.62, 0.69, 1.14, 0.78, 0.58, 1.62, 1.73, 0.16, 0.64, 0.19, 0.57, 0.19, 0.21, 0.23, 0.25, 0.19, 0.91, 0.11, 0.1, 0.11, 0.23, 0.21, 0.16, 1.6, 1.7]

ILAO*:
Tiempo requerido: 3.568
Iteraciones requeridas: 550
Nodos expandidos: 550

RLAO*:
Tiempo requerido: 1.397
Iteraciones requeridas: 59
Nodos expandidos: 2286

BLAO*:
Tiempo requerido: 1.158
Iteraciones requeridas: 48
Nodos expandidos: 1682

VI:
Tiempo requerido: 3.884
Iteraciones requeridas: 91

Problema 7
-------------------------------------------------------
LAO*:
Tiempo requerido: 38.912
Iteraciones requeridas: 407
Nodos expandidos: 407
Porcentajes del conjunto Z: [0.01, 0.02, 0.04, 0.05, 0.06, 0.02, 0.02, 0.05, 0.05, 0.07, 0.07, 0.09, 0.1, 0.11, 0.12, 0.12, 0.15, 0.14, 0.02, 0.02, 0.04, 0.17, 0.06, 0.15, 0.06, 0.16, 0.11, 0.17, 0.11, 0.11, 0.19, 0.19, 0.11, 0.16, 0.21, 0.16, 0.17, 0.22, 0.2, 0.19, 0.19, 0.25, 0.21, 0.27, 0.23, 0.31, 0.26, 0.27, 0.04, 0.2, 0.3, 0.09, 0.22, 0.32, 0.12, 0.25, 0.16, 0.2, 0.14, 0.21, 0.25, 0.14, 0.21, 0.25, 0.28, 0.17, 0.2, 0.23, 0.22, 0.25, 0.32, 0.28, 0.05, 0.05, 0.05, 0.32, 0.11, 0.21, 0.1, 0.37, 0.4, 0.16, 0.2, 0.26, 0.2, 0.19, 0.23, 0.27, 0.25, 0.21, 0.26, 0.36, 0.28, 0.27, 0.42, 0.3, 0.28, 0.28, 0.33, 0.31, 0.05, 0.3, 0.05, 0.33, 0.33, 0.31, 0.11, 0.3, 0.11, 0.15, 0.32, 0.37, 0.14, 0.22, 0.33, 0.35, 0.42, 0.3, 0.36, 0.44, 0.22, 0.4, 0.4, 0.23, 0.28, 0.41, 0.26, 0.26, 0.31, 0.3, 0.42, 0.42, 0.28, 0.32, 0.43, 0.35, 0.32, 0.32, 0.33, 0.44, 0.46, 0.05, 0.07, 0.06, 0.07, 0.07, 0.06, 0.37, 0.36, 0.48, 0.35, 0.1, 0.41, 0.49, 0.49, 0.12, 0.28, 0.12, 0.36, 0.52, 0.51, 0.22, 0.14, 0.42, 0.38, 0.2, 0.53, 0.46, 0.44, 0.38, 0.48, 0.31, 0.41, 0.49, 0.27, 0.26, 0.38, 0.43, 0.52, 0.26, 0.27, 0.37, 0.31, 0.48, 0.31, 0.32, 0.42, 0.33, 0.52, 0.49, 0.33, 0.46, 0.37, 0.11, 0.06, 0.07, 0.09, 0.47, 0.48, 0.36, 0.4, 0.51, 0.51, 0.42, 0.2, 0.12, 0.32, 0.53, 0.44, 0.4, 0.19, 0.27, 0.33, 0.53, 0.54, 0.47, 0.36, 0.35, 0.4, 0.56, 0.56, 0.51, 0.21, 0.38, 0.22, 0.36, 0.37, 0.42, 0.58, 0.58, 0.57, 0.25, 0.42, 0.53, 0.51, 0.6, 0.59, 0.57, 0.48, 0.31, 0.48, 0.3, 0.57, 0.64, 0.62, 0.58, 0.53, 0.4, 0.35, 0.43, 0.69, 0.65, 0.6, 0.38, 0.47, 0.59, 0.52, 0.1, 0.09, 0.1, 0.06, 0.11, 0.11, 0.74, 0.69, 0.63, 0.52, 0.48, 0.43, 0.07, 0.78, 0.73, 0.65, 0.57, 0.4, 0.54, 0.52, 0.14, 0.15, 0.14, 0.16, 0.17, 0.67, 0.53, 0.56, 0.64, 0.43, 0.63, 0.44, 0.38, 0.26, 0.68, 0.58, 0.49, 0.21, 0.33, 0.46, 0.47, 0.36, 0.7, 0.54, 0.44, 0.25, 0.47, 0.54, 0.4, 0.72, 0.58, 0.48, 0.58, 0.47, 0.52, 0.47, 0.56, 0.56, 0.73, 0.7, 0.62, 0.57, 0.36, 0.49, 0.6, 0.74, 0.64, 0.65, 0.56, 0.48, 0.6, 0.51, 0.69, 0.73, 0.43, 0.62, 0.67, 0.37, 0.94, 0.68, 0.16, 0.09, 0.1, 0.1, 0.12, 0.46, 0.57, 0.53, 1.0, 0.35, 0.86, 0.57, 0.12, 0.81, 0.6, 0.57, 0.17, 0.43, 0.3, 0.84, 0.47, 0.65, 0.23, 0.36, 0.84, 0.85, 0.46, 0.59, 0.44, 0.52, 0.4, 0.48, 0.9, 0.86, 0.63, 0.86, 0.41, 0.62, 0.67, 0.44, 0.49, 0.94, 0.89, 0.43, 0.88, 0.88, 0.68, 0.72, 0.31, 0.6, 0.58, 0.99, 0.4, 0.91, 0.49, 0.9, 0.77, 0.73, 0.69, 0.69, 0.63, 0.57, 1.09, 0.42, 0.85, 0.7, 0.83, 1.04, 0.81, 0.4]

ILAO*:
Tiempo requerido: 2.279
Iteraciones requeridas: 447
Nodos expandidos: 447

RLAO*:
Tiempo requerido: 1.031
Iteraciones requeridas: 57
Nodos expandidos: 2146

BLAO*:
Tiempo requerido: 1.008
Iteraciones requeridas: 45
Nodos expandidos: 1581

VI:
Tiempo requerido: 3.752
Iteraciones requeridas: 91

Problema 8
-------------------------------------------------------
LAO*:
Tiempo requerido: 48.162
Iteraciones requeridas: 471
Nodos expandidos: 471
Porcentajes del conjunto Z: [0.01, 0.02, 0.04, 0.05, 0.06, 0.07, 0.02, 0.02, 0.05, 0.07, 0.05, 0.1, 0.07, 0.1, 0.12, 0.14, 0.15, 0.15, 0.17, 0.16, 0.02, 0.02, 0.02, 0.07, 0.06, 0.11, 0.09, 0.15, 0.12, 0.19, 0.17, 0.2, 0.15, 0.15, 0.19, 0.22, 0.17, 0.23, 0.05, 0.05, 0.25, 0.09, 0.26, 0.14, 0.14, 0.27, 0.19, 0.28, 0.2, 0.23, 0.3, 0.21, 0.28, 0.31, 0.22, 0.31, 0.32, 0.26, 0.35, 0.36, 0.37, 0.04, 0.04, 0.04, 0.06, 0.05, 0.05, 0.19, 0.27, 0.1, 0.2, 0.14, 0.1, 0.21, 0.21, 0.17, 0.37, 0.23, 0.19, 0.21, 0.25, 0.25, 0.27, 0.26, 0.36, 0.32, 0.21, 0.3, 0.3, 0.27, 0.28, 0.19, 0.43, 0.57, 0.33, 0.46, 0.32, 0.3, 0.33, 0.62, 0.36, 0.48, 0.31, 0.35, 0.68, 0.38, 0.32, 0.35, 0.73, 0.07, 0.47, 0.3, 0.43, 0.57, 0.46, 0.12, 0.46, 0.2, 0.16, 0.38, 0.28, 0.22, 0.47, 0.47, 0.47, 0.48, 0.48, 0.47, 0.26, 0.33, 0.42, 0.51, 0.51, 0.32, 0.42, 0.53, 0.53, 0.47, 0.56, 0.36, 0.52, 0.57, 0.47, 0.58, 0.37, 0.49, 0.05, 0.06, 0.07, 0.06, 0.07, 0.06, 0.64, 0.07, 0.07, 0.58, 0.3, 0.15, 0.47, 0.46, 0.65, 0.27, 0.48, 0.19, 0.48, 0.69, 0.36, 0.52, 0.74, 0.3, 0.44, 0.58, 0.79, 0.33, 0.43, 0.43, 0.46, 0.65, 0.48, 0.68, 0.49, 0.41, 0.7, 0.37, 0.62, 0.6, 0.47, 0.72, 0.63, 0.06, 0.1, 0.68, 0.09, 0.28, 0.28, 0.73, 0.64, 0.47, 0.33, 0.48, 0.74, 0.65, 0.51, 0.35, 0.52, 0.22, 0.8, 0.68, 0.35, 0.17, 0.26, 0.43, 0.35, 0.54, 0.69, 0.52, 0.49, 0.56, 0.6, 0.58, 0.25, 0.48, 0.3, 0.46, 0.57, 0.32, 0.53, 0.42, 0.32, 0.72, 0.64, 0.65, 0.47, 0.75, 0.09, 0.33, 0.68, 0.74, 0.1, 0.06, 0.41, 0.11, 0.1, 0.09, 0.1, 0.1, 0.11, 0.7, 0.15, 0.2, 0.37, 0.77, 0.77, 0.54, 0.17, 0.65, 0.78, 0.8, 0.72, 0.65, 0.19, 0.26, 0.79, 0.96, 0.56, 0.74, 0.65, 0.37, 0.47, 0.7, 0.37, 0.62, 0.72, 0.41, 0.74, 0.48, 0.42, 0.63, 0.73, 0.75, 0.69, 0.48, 0.48, 0.65, 0.79, 0.74, 0.77, 0.77, 0.57, 0.75, 0.57, 0.84, 0.81, 0.8, 0.79, 0.59, 0.46, 0.59, 0.63, 0.8, 0.64, 0.8, 0.58, 0.7, 0.81, 0.81, 0.81, 0.75, 0.58, 0.07, 0.11, 0.8, 0.12, 0.84, 0.83, 0.42, 0.69, 0.78, 0.77, 0.51, 0.52, 0.12, 0.83, 0.15, 0.86, 0.67, 0.84, 0.81, 0.74, 0.28, 0.86, 0.89, 0.77, 0.84, 0.7, 0.33, 0.38, 0.89, 0.91, 0.63, 0.81, 0.47, 0.88, 0.49, 0.72, 0.93, 0.9, 0.42, 0.75, 0.65, 0.53, 0.94, 0.93, 0.75, 0.51, 0.62, 0.67, 0.94, 0.8, 0.8, 1.38, 0.59, 0.41, 0.42, 0.63, 0.63, 0.59, 0.8, 0.83, 1.46, 0.58, 0.57, 0.49, 0.7, 0.81, 0.85, 0.65, 0.83, 1.49, 0.12, 0.12, 0.83, 0.65, 0.12, 0.09, 0.17, 0.1, 0.12, 0.1, 0.1, 0.14, 0.1, 0.51, 1.06, 0.99, 0.88, 0.84, 0.7, 0.72, 0.21, 0.15, 0.73, 1.04, 0.9, 0.85, 0.74, 0.73, 0.68, 0.21, 1.09, 0.93, 0.77, 0.86, 0.81, 0.74, 0.84, 0.41, 0.23, 1.14, 0.94, 0.53, 0.8, 1.01, 0.54, 0.95, 0.9, 0.47, 0.59, 0.77, 0.85, 1.09, 0.95, 0.96, 0.73, 1.07, 0.57, 0.75, 0.67, 0.47, 0.78, 0.84, 1.2, 1.12, 0.98, 0.96, 0.96, 1.12, 0.79, 0.79, 0.89, 0.6, 1.23, 1.17, 1.01, 0.98, 1.27, 1.25, 1.57, 0.81, 0.99, 0.83, 0.72, 1.28, 0.46, 1.27, 1.02, 1.51, 0.63, 1.27, 1.28, 0.67]

ILAO*:
Tiempo requerido: 3.059
Iteraciones requeridas: 548
Nodos expandidos: 548

RLAO*:
Tiempo requerido: 1.21
Iteraciones requeridas: 58
Nodos expandidos: 2216

BLAO*:
Tiempo requerido: 1.621
Iteraciones requeridas: 53
Nodos expandidos: 2025

VI:
Tiempo requerido: 3.784
Iteraciones requeridas: 91

Problema 9
-------------------------------------------------------
LAO*:
Tiempo requerido: 64.103
Iteraciones requeridas: 574
Nodos expandidos: 574
Porcentajes del conjunto Z: [0.01, 0.02, 0.04, 0.05, 0.02, 0.02, 0.05, 0.07, 0.05, 0.1, 0.09, 0.09, 0.1, 0.1, 0.02, 0.02, 0.02, 0.05, 0.04, 0.07, 0.09, 0.07, 0.12, 0.1, 0.14, 0.21, 0.12, 0.22, 0.14, 0.27, 0.15, 0.15, 0.31, 0.17, 0.32, 0.05, 0.05, 0.19, 0.35, 0.07, 0.09, 0.14, 0.12, 0.17, 0.12, 0.2, 0.15, 0.23, 0.16, 0.26, 0.16, 0.19, 0.36, 0.06, 0.06, 0.07, 0.06, 0.22, 0.11, 0.07, 0.41, 0.15, 0.14, 0.23, 0.42, 0.19, 0.25, 0.47, 0.43, 0.2, 0.21, 0.26, 0.51, 0.25, 0.27, 0.27, 0.52, 0.3, 0.3, 0.28, 0.16, 0.28, 0.28, 0.21, 0.31, 0.3, 0.22, 0.35, 0.33, 0.2, 0.05, 0.22, 0.4, 0.22, 0.11, 0.23, 0.43, 0.15, 0.25, 0.54, 0.26, 0.42, 0.15, 0.3, 0.27, 0.33, 0.25, 0.19, 0.28, 0.36, 0.23, 0.2, 0.52, 0.3, 0.32, 0.23, 0.46, 0.32, 0.48, 0.36, 0.4, 0.48, 0.23, 0.07, 0.07, 0.06, 0.09, 0.09, 0.1, 0.09, 0.26, 0.12, 0.1, 0.26, 0.3, 0.17, 0.19, 0.27, 0.17, 0.27, 0.32, 0.28, 0.23, 0.32, 0.32, 0.3, 0.26, 0.31, 0.74, 0.36, 0.23, 0.37, 0.31, 0.8, 0.37, 0.43, 0.81, 0.51, 0.43, 0.8, 0.4, 1.02, 0.96, 0.23, 0.98, 0.07, 0.21, 0.22, 0.25, 0.1, 0.85, 0.26, 0.28, 0.17, 1.0, 1.0, 1.0, 1.04, 1.01, 0.21, 0.26, 0.33, 1.05, 1.06, 0.28, 0.23, 1.02, 1.02, 0.4, 1.1, 0.28, 0.35, 1.1, 1.05, 1.04, 0.3, 0.44, 1.15, 0.33, 0.38, 1.07, 1.05, 0.31, 0.49, 1.1, 1.06, 0.49, 0.57, 0.32, 0.54, 1.11, 1.12, 0.38, 0.46, 1.07, 1.07, 0.89, 0.6, 0.33, 1.16, 1.16, 1.1, 1.04, 0.14, 0.09, 0.57, 0.6, 0.11, 0.52, 0.12, 0.11, 0.07, 0.62, 0.12, 0.09, 0.11, 0.14, 1.22, 1.12, 0.64, 0.52, 1.06, 0.22, 0.19, 0.65, 1.14, 0.67, 0.67, 0.67, 0.32, 0.23, 0.8, 0.93, 0.94, 0.69, 0.69, 0.68, 0.33, 0.3, 0.91, 1.48, 0.3, 0.35, 0.73, 0.41, 1.58, 0.44, 0.41, 0.46, 0.74, 1.33, 0.49, 1.07, 0.48, 1.7, 0.52, 0.33, 0.58, 1.43, 0.4, 0.52, 1.11, 0.67, 1.81, 0.56, 0.65, 0.35, 0.72, 0.64, 0.57, 0.77, 1.15, 0.69, 1.15, 1.1, 0.77, 0.12, 1.35, 1.23, 0.73, 0.78, 0.14, 0.68, 1.28, 0.74, 1.27, 1.23, 0.77, 0.3, 1.26, 1.27, 1.19, 0.33, 0.83, 0.8, 1.46, 1.31, 1.25, 0.84, 0.52, 0.81, 0.81, 0.81, 0.46, 0.77, 1.23, 0.59, 0.81, 1.26, 1.26, 1.04, 0.86, 0.85, 0.59, 0.49, 0.54, 1.3, 1.23, 0.79, 1.36, 0.58, 0.93, 0.94, 0.9, 0.89, 1.4, 1.38, 2.15, 1.09, 0.51, 0.62, 0.9, 0.73, 1.42, 2.22, 1.05, 0.91, 0.91, 0.1, 0.12, 0.07, 0.73, 0.1, 0.15, 0.09, 0.77, 0.15, 0.11, 0.17, 0.17, 0.14, 0.19, 0.15, 0.16, 1.44, 1.69, 0.99, 0.94, 0.95, 0.94, 0.93, 0.57, 0.81, 0.8, 0.27, 1.01, 0.99, 0.96, 0.94, 1.12, 0.83, 0.84, 2.02, 1.01, 1.23, 1.06, 0.88, 0.99, 0.95, 0.25, 0.17, 0.35, 0.36, 2.09, 1.19, 0.95, 1.01, 0.3, 0.96, 1.06, 0.44, 1.27, 1.32, 1.19, 0.81, 1.11, 0.85, 0.98, 1.07, 0.44, 0.98, 0.43, 1.36, 0.42, 1.19, 0.9, 1.14, 1.0, 0.86, 0.99, 0.56, 0.53, 2.16, 1.38, 1.04, 0.88, 1.01, 1.02, 1.02, 1.15, 0.56, 1.0, 1.1, 2.33, 1.4, 1.0, 1.22, 0.9, 1.23, 0.94, 0.6, 2.43, 1.63, 1.35, 1.31, 1.25, 0.96, 0.67, 0.95, 1.33, 1.33, 1.31, 0.68, 2.16, 0.12, 0.16, 1.57, 0.95, 2.88, 1.56, 1.05, 0.59, 1.28, 1.99, 0.98, 0.96, 1.06, 0.85, 1.36, 0.8, 1.05, 0.14, 0.14, 0.15, 1.62, 1.02, 0.6, 1.59, 0.9, 2.32, 0.17, 1.67, 0.91, 0.64, 3.48, 1.56, 0.94, 0.94, 2.36, 2.36, 1.68, 1.35, 3.56, 0.57, 0.67, 1.59, 0.96, 2.41, 2.4, 1.54, 1.0, 1.37, 3.62, 1.6, 0.99, 0.62, 0.72, 2.44, 2.42, 1.16, 1.09, 1.72, 0.51, 0.48, 3.7, 1.64, 0.75, 0.64, 1.01, 2.47, 1.4, 1.38, 0.59, 3.6, 0.86, 0.56, 1.12, 1.43, 1.41, 2.32, 1.21, 0.96, 0.77, 0.69, 2.33, 1.17, 0.81, 0.77, 0.16, 0.73, 1.26, 0.19, 1.19, 2.36, 0.14, 0.17, 0.21, 0.12, 0.23, 0.11, 0.15, 0.14, 0.21, 0.23, 0.09, 0.21, 0.27, 0.22, 0.89, 0.81, 1.79, 0.2, 0.83, 2.37]

ILAO*:
Tiempo requerido: 4.15
Iteraciones requeridas: 650
Nodos expandidos: 650

RLAO*:
Tiempo requerido: 1.209
Iteraciones requeridas: 59
Nodos expandidos: 2330

BLAO*:
Tiempo requerido: 1.848
Iteraciones requeridas: 48
Nodos expandidos: 1752

VI:
Tiempo requerido: 3.703
Iteraciones requeridas: 91

Problema 10
-------------------------------------------------------
LAO*:
Tiempo requerido: 82.883
Iteraciones requeridas: 685
Nodos expandidos: 685
Porcentajes del conjunto Z: [0.01, 0.02, 0.04, 0.05, 0.06, 0.07, 0.09, 0.02, 0.02, 0.05, 0.07, 0.05, 0.1, 0.07, 0.09, 0.1, 0.12, 0.02, 0.02, 0.04, 0.04, 0.07, 0.07, 0.1, 0.1, 0.14, 0.14, 0.16, 0.15, 0.2, 0.21, 0.16, 0.22, 0.17, 0.23, 0.19, 0.25, 0.25, 0.26, 0.25, 0.2, 0.2, 0.05, 0.05, 0.41, 0.21, 0.28, 0.1, 0.09, 0.44, 0.09, 0.22, 0.11, 0.36, 0.14, 0.25, 0.35, 0.49, 0.28, 0.15, 0.51, 0.2, 0.37, 0.43, 0.22, 0.37, 0.14, 0.17, 0.56, 0.4, 0.46, 0.28, 0.41, 0.16, 0.48, 0.31, 0.04, 0.04, 0.04, 0.06, 0.07, 0.63, 0.12, 0.1, 0.35, 0.2, 0.36, 0.15, 0.46, 0.11, 0.4, 0.21, 0.35, 0.21, 0.26, 0.52, 0.26, 0.27, 0.54, 0.27, 0.28, 0.25, 0.57, 0.3, 0.4, 0.31, 0.59, 0.42, 0.3, 0.7, 0.33, 0.32, 0.32, 0.73, 0.44, 0.33, 0.06, 0.37, 0.35, 0.12, 0.77, 0.12, 0.35, 0.47, 0.17, 0.78, 0.53, 0.46, 0.41, 0.19, 0.25, 0.79, 0.79, 0.57, 0.31, 0.81, 0.83, 0.31, 0.25, 0.65, 0.37, 0.56, 0.26, 0.59, 0.31, 0.4, 0.3, 0.33, 0.44, 0.35, 0.05, 0.07, 0.05, 0.05, 0.09, 0.05, 0.09, 0.11, 0.35, 0.44, 0.38, 0.15, 0.11, 0.56, 0.42, 0.2, 0.4, 0.78, 0.78, 0.47, 0.25, 0.47, 0.83, 0.27, 0.51, 0.62, 0.53, 0.27, 0.4, 0.53, 0.3, 0.75, 0.43, 0.56, 0.33, 0.83, 0.79, 0.46, 0.49, 0.57, 0.81, 0.51, 0.36, 0.83, 0.41, 0.1, 0.06, 0.38, 0.06, 0.07, 0.09, 0.83, 0.46, 0.17, 0.41, 0.17, 0.41, 0.85, 0.2, 0.26, 0.47, 1.25, 0.8, 0.36, 0.26, 0.9, 0.52, 0.86, 0.68, 0.31, 0.57, 0.88, 0.33, 0.59, 0.89, 0.89, 0.62, 0.9, 0.91, 0.59, 0.23, 0.9, 0.64, 0.94, 0.91, 0.46, 0.9, 0.52, 0.95, 0.93, 0.93, 0.11, 0.94, 0.06, 0.6, 0.1, 0.12, 0.12, 0.06, 0.11, 0.07, 0.14, 0.09, 0.09, 0.15, 1.01, 0.94, 0.98, 0.65, 0.17, 0.14, 0.94, 0.85, 0.77, 0.19, 0.95, 0.58, 0.91, 0.98, 0.38, 0.96, 0.94, 1.37, 0.57, 0.33, 0.31, 0.79, 0.98, 0.98, 0.73, 0.49, 1.0, 1.04, 0.69, 0.56, 1.62, 1.01, 1.01, 0.7, 0.53, 1.64, 1.05, 0.67, 1.02, 0.72, 0.56, 1.65, 0.91, 0.93, 0.68, 0.52, 0.49, 1.16, 0.96, 0.74, 0.51, 1.01, 0.54, 1.68, 0.75, 0.75, 0.09, 0.11, 0.49, 0.16, 1.04, 0.11, 0.11, 1.01, 1.67, 1.05, 1.59, 0.28, 0.79, 0.79, 0.2, 0.22, 0.96, 0.54, 1.0, 1.7, 0.33, 1.01, 0.78, 1.07, 0.43, 0.95, 0.68, 1.1, 0.69, 0.38, 0.53, 1.0, 1.09, 0.95, 0.54, 0.96, 0.7, 1.01, 1.01, 1.0, 1.05, 1.04, 1.02, 0.84, 1.1, 1.1, 0.78, 0.91, 1.11, 0.38, 1.11, 1.06, 0.26, 0.78, 1.04, 0.75, 1.11, 1.67, 1.22, 1.19, 0.15, 1.14, 1.2, 0.59, 0.09, 0.1, 0.64, 0.15, 0.15, 0.15, 0.22, 0.2, 0.11, 0.15, 0.1, 0.1, 0.21, 0.15, 1.53, 1.21, 0.7, 0.16, 0.81, 1.02, 1.23, 1.22, 0.63, 1.88, 0.22, 0.22, 1.68, 0.48, 1.05, 1.27, 0.68, 0.69, 0.35, 1.4, 0.27, 1.15, 1.02, 1.28, 1.4, 0.67, 0.23, 1.05, 1.4, 0.94, 0.52, 1.17, 1.06, 1.41, 0.3, 0.48, 0.95, 1.21, 1.43, 1.1, 1.01, 0.83, 0.32, 0.46, 1.47, 0.43, 1.23, 2.2, 1.15, 0.4, 0.8, 0.47, 1.48, 1.27, 0.74, 1.2, 0.83, 0.57, 1.23, 1.11, 1.52, 0.78, 1.56, 0.2, 1.19, 1.2, 0.17, 0.12, 0.14, 1.28, 0.77, 1.4, 0.25, 0.42, 1.42, 1.41, 0.23, 0.86, 2.4, 0.8, 1.44, 2.26, 0.89, 0.33, 1.16, 1.46, 1.46, 1.51, 0.96, 1.48, 0.38, 1.48, 1.2, 0.44, 1.12, 1.49, 0.42, 1.51, 1.49, 1.27, 0.42, 0.74, 1.53, 1.52, 1.54, 0.98, 1.31, 0.62, 0.47, 0.79, 1.56, 0.52, 0.84, 2.46, 0.91, 1.57, 0.57, 1.32, 1.01, 0.62, 0.21, 2.41, 0.19, 0.89, 0.21, 0.16, 0.28, 0.14, 0.12, 0.21, 0.2, 0.17, 0.19, 0.25, 1.15, 0.64, 0.99, 0.26, 2.46, 0.21, 1.44, 0.65, 0.65, 2.16, 1.12, 0.85, 0.88, 0.89, 0.38, 1.4, 0.91, 1.21, 0.51, 0.9, 1.07, 1.44, 1.04, 1.0, 1.27, 0.48, 0.94, 1.12, 0.58, 1.19, 1.52, 1.56, 0.44, 1.16, 1.09, 0.51, 1.53, 1.16, 1.36, 1.04, 0.46, 0.94, 0.57, 1.72, 1.7, 1.58, 1.7, 1.28, 1.17, 0.95, 0.75, 1.62, 1.22, 1.73, 1.59, 1.38, 1.57, 0.95, 1.01, 0.2, 0.21, 1.23, 1.75, 1.72, 1.43, 0.15, 0.16, 1.02, 0.8, 1.58, 1.54, 2.62, 1.26, 1.64, 0.67, 1.3, 1.74, 1.73, 0.85, 2.58, 1.81, 0.27, 1.28, 1.33, 1.75, 1.77, 1.48, 0.41, 1.52, 0.91, 1.77, 1.79, 1.78, 1.78, 1.49, 1.44, 0.43, 1.84, 0.48, 1.74, 1.06, 1.83, 1.83, 1.59, 1.52, 0.48, 1.59, 0.53, 1.04, 1.47, 0.53, 1.86, 1.88, 1.53, 1.44, 0.58, 1.9, 1.88, 1.88, 1.7, 1.54, 1.16, 1.19, 1.91, 1.56, 1.02, 0.78, 0.59, 1.6, 1.21, 1.25, 1.93, 1.93, 0.91, 1.35, 0.33, 1.14, 0.3, 0.17, 0.21, 0.26, 1.64, 1.28, 0.14, 0.31, 0.11, 0.3, 0.23, 0.25, 0.28, 0.32, 0.28, 1.31, 1.9, 0.86, 1.69, 1.69, 0.21, 1.4, 1.36, 1.33, 1.96]

ILAO*:
Tiempo requerido: 6.015
Iteraciones requeridas: 775
Nodos expandidos: 775

RLAO*:
Tiempo requerido: 2.766
Iteraciones requeridas: 63
Nodos expandidos: 2620

BLAO*:
Tiempo requerido: 1.594
Iteraciones requeridas: 52
Nodos expandidos: 1927

VI:
Tiempo requerido: 3.878
Iteraciones requeridas: 91

Media tiempo LAO: 62.655
Media iteraciones LAO: 554.7
Media expansiones LAO: 554.7

Media tiempo RLAO: 1.725
Media iteraciones RLAO: 60.4
Media expansiones RLAO: 2413.8

Media tiempo ILAO: 4.098
Media iteraciones ILAO: 622.0
Media expansiones ILAO: 622.0

Media tiempo BLAO: 1.584
Media iteraciones BLAO: 49.2
Media expansiones BLAO: 1813.0

Media tiempo VI: 3.803
Media iteraciones VI: 91.0

-------------------------------------------------------
