Problema 1
-------------------------------------------------------
LAO*:
Tiempo requerido: 4.417
Iteraciones requeridas: 181
Nodos expandidos: 181
Porcentajes del conjunto Z: [0.04, 0.08, 0.08, 0.12, 0.16, 0.2, 0.2, 0.28, 0.28, 0.08, 0.08, 0.12, 0.12, 0.2, 0.2, 0.24, 0.28, 0.24, 0.28, 0.64, 0.32, 0.36, 0.8, 0.36, 0.4, 0.88, 0.4, 1.04, 0.44, 0.96, 1.16, 1.0, 1.24, 1.04, 1.24, 0.24, 0.2, 0.36, 0.28, 0.36, 0.32, 0.44, 0.4, 0.52, 0.48, 0.96, 0.12, 1.24, 0.16, 0.16, 0.2, 0.2, 0.2, 0.32, 0.32, 0.44, 0.56, 0.68, 0.4, 0.8, 0.52, 0.92, 0.6, 0.96, 1.56, 0.64, 1.0, 1.72, 1.52, 1.0, 0.68, 0.68, 1.64, 1.72, 0.16, 1.0, 0.72, 1.8, 1.8, 1.8, 1.04, 0.76, 0.32, 1.88, 1.92, 1.92, 0.48, 1.92, 1.08, 0.48, 0.8, 2.04, 1.96, 1.12, 0.84, 0.84, 2.04, 1.88, 2.12, 0.92, 1.16, 0.88, 0.36, 0.36, 3.44, 2.2, 1.04, 2.2, 0.96, 1.2, 3.68, 2.28, 1.0, 1.0, 0.64, 0.88, 1.24, 3.4, 0.92, 2.12, 1.04, 0.72, 1.12, 1.12, 3.52, 1.0, 2.2, 1.12, 4.32, 1.2, 0.2, 1.16, 0.2, 0.28, 0.24, 2.48, 0.32, 0.28, 0.8, 0.24, 4.52, 1.36, 0.24, 1.24, 0.32, 3.64, 1.12, 1.6, 1.64, 0.32, 1.44, 3.64, 0.6, 0.96, 1.2, 1.72, 1.48, 3.6, 0.48, 0.8, 1.04, 1.28, 1.8, 1.52, 0.64, 0.68, 1.36, 0.88, 1.44, 1.88, 1.56, 1.56, 1.48, 1.96, 2.04, 1.24, 1.6, 2.04, 1.32, 0.76, 2.04]

ILAO*:
Tiempo requerido: 0.245
Iteraciones requeridas: 198
Nodos expandidos: 198

RLAO*:
Tiempo requerido: 0.234
Iteraciones requeridas: 34
Nodos expandidos: 782

BLAO*:
Tiempo requerido: 0.23
Iteraciones requeridas: 28
Nodos expandidos: 579

VI:
Tiempo requerido: 0.992
Iteraciones requeridas: 91

Problema 2
-------------------------------------------------------
LAO*:
Tiempo requerido: 5.559
Iteraciones requeridas: 205
Nodos expandidos: 205
Porcentajes del conjunto Z: [0.04, 0.08, 0.12, 0.16, 0.08, 0.08, 0.16, 0.16, 0.24, 0.24, 0.32, 0.36, 0.4, 0.4, 0.48, 0.44, 0.56, 0.48, 0.64, 0.68, 0.08, 0.12, 0.76, 0.2, 0.8, 0.28, 0.32, 0.88, 0.4, 0.92, 0.44, 0.44, 0.76, 0.48, 0.92, 0.52, 0.6, 0.8, 0.68, 0.88, 0.72, 0.92, 1.0, 0.12, 0.12, 1.0, 1.08, 0.32, 1.12, 0.32, 0.92, 0.32, 1.2, 0.36, 1.0, 1.28, 0.48, 1.04, 1.32, 0.56, 0.56, 1.08, 1.36, 0.68, 1.56, 1.12, 0.8, 0.68, 1.64, 0.72, 0.84, 0.96, 0.12, 0.96, 0.12, 0.12, 1.04, 0.16, 1.44, 0.32, 1.08, 0.44, 1.64, 0.48, 1.04, 0.52, 0.72, 1.32, 0.64, 1.12, 1.44, 0.76, 0.68, 1.2, 0.84, 0.8, 0.8, 1.24, 0.88, 1.76, 0.88, 0.96, 1.24, 1.44, 1.04, 0.24, 0.16, 1.84, 0.24, 1.12, 1.92, 0.44, 0.56, 1.16, 1.36, 0.44, 1.84, 0.72, 2.24, 0.88, 1.68, 1.48, 1.0, 0.84, 1.6, 0.84, 1.2, 1.16, 1.04, 1.4, 0.92, 1.8, 1.4, 1.2, 0.16, 0.16, 0.16, 0.16, 0.24, 1.12, 1.12, 2.28, 0.44, 2.32, 0.52, 1.32, 0.84, 0.6, 1.44, 1.0, 2.44, 1.24, 1.64, 1.48, 1.64, 0.96, 1.48, 1.84, 0.28, 0.28, 1.04, 1.52, 1.96, 0.32, 0.24, 0.24, 1.56, 2.16, 0.56, 1.6, 2.28, 0.48, 1.64, 1.64, 1.76, 2.4, 0.72, 1.64, 0.8, 1.72, 2.32, 1.88, 0.8, 1.8, 1.72, 1.68, 1.08, 2.8, 1.92, 1.8, 1.72, 2.48, 1.28, 1.68, 3.32, 2.0, 1.88, 1.52, 1.04, 2.24, 3.16, 2.12, 1.92, 1.2, 2.2]

ILAO*:
Tiempo requerido: 0.261
Iteraciones requeridas: 228
Nodos expandidos: 228

RLAO*:
Tiempo requerido: 0.221
Iteraciones requeridas: 34
Nodos expandidos: 797

BLAO*:
Tiempo requerido: 0.268
Iteraciones requeridas: 28
Nodos expandidos: 591

VI:
Tiempo requerido: 0.739
Iteraciones requeridas: 68

Problema 3
-------------------------------------------------------
LAO*:
Tiempo requerido: 2.795
Iteraciones requeridas: 129
Nodos expandidos: 129
Porcentajes del conjunto Z: [0.04, 0.08, 0.12, 0.16, 0.2, 0.24, 0.08, 0.12, 0.16, 0.2, 0.24, 0.32, 0.28, 0.4, 0.44, 0.48, 0.52, 0.52, 0.6, 0.56, 0.08, 0.08, 0.12, 0.08, 0.2, 0.2, 0.32, 0.28, 0.32, 0.4, 0.52, 0.52, 0.6, 0.6, 0.68, 0.48, 0.72, 0.52, 1.0, 0.76, 1.16, 0.8, 1.28, 0.16, 0.6, 1.0, 0.12, 0.8, 0.28, 0.28, 0.84, 0.84, 0.44, 0.92, 0.52, 0.44, 0.96, 0.96, 0.56, 1.04, 1.0, 0.72, 0.72, 1.04, 0.52, 1.08, 0.76, 0.68, 0.72, 1.2, 1.0, 0.16, 0.12, 0.16, 0.2, 0.16, 0.24, 0.16, 0.32, 0.32, 1.08, 0.44, 0.52, 1.12, 0.72, 0.6, 0.92, 1.28, 1.24, 1.12, 1.52, 0.84, 1.52, 0.92, 0.64, 1.52, 1.56, 1.24, 1.52, 1.52, 1.52, 1.6, 1.56, 1.0, 0.4, 0.36, 1.6, 1.6, 0.56, 1.12, 1.72, 1.68, 0.72, 1.12, 0.48, 1.8, 1.72, 1.72, 0.84, 1.28, 0.68, 1.76, 1.68, 1.6, 0.88, 1.72, 0.8, 1.2, 1.76]

ILAO*:
Tiempo requerido: 0.292
Iteraciones requeridas: 149
Nodos expandidos: 149

RLAO*:
Tiempo requerido: 0.142
Iteraciones requeridas: 31
Nodos expandidos: 654

BLAO*:
Tiempo requerido: 0.154
Iteraciones requeridas: 25
Nodos expandidos: 482

VI:
Tiempo requerido: 1.149
Iteraciones requeridas: 91

Problema 4
-------------------------------------------------------
LAO*:
Tiempo requerido: 4.024
Iteraciones requeridas: 145
Nodos expandidos: 145
Porcentajes del conjunto Z: [0.04, 0.08, 0.12, 0.16, 0.16, 0.2, 0.24, 0.28, 0.08, 0.08, 0.16, 0.16, 0.24, 0.28, 0.32, 0.4, 0.32, 0.4, 0.44, 0.48, 0.52, 0.2, 0.28, 0.36, 0.44, 0.48, 0.64, 0.56, 0.44, 0.6, 0.52, 0.84, 0.16, 0.88, 0.16, 0.24, 0.96, 0.96, 0.2, 0.36, 0.48, 0.36, 0.64, 0.52, 0.6, 0.56, 0.6, 0.52, 0.84, 1.0, 0.92, 1.0, 1.52, 1.0, 0.28, 1.56, 0.4, 1.04, 1.6, 1.08, 1.08, 1.08, 0.88, 1.2, 0.68, 0.36, 1.24, 0.76, 0.56, 1.28, 1.28, 0.92, 1.36, 1.0, 1.08, 1.0, 0.2, 1.12, 0.24, 0.28, 0.32, 1.12, 1.2, 0.24, 0.28, 0.96, 0.4, 1.64, 1.24, 1.68, 0.56, 1.76, 1.2, 1.28, 1.88, 1.88, 1.24, 2.04, 0.68, 1.28, 0.6, 2.12, 0.88, 1.0, 1.72, 0.68, 3.0, 1.12, 0.68, 1.36, 2.8, 0.8, 1.4, 1.4, 2.88, 0.84, 1.52, 3.16, 1.52, 3.2, 0.32, 1.16, 1.56, 2.28, 1.24, 1.6, 0.52, 1.28, 1.64, 0.72, 1.36, 1.68, 1.72, 1.72, 1.44, 1.72, 0.84, 1.56, 0.52, 1.84, 1.48, 1.88, 1.16, 0.8, 1.88]

ILAO*:
Tiempo requerido: 0.266
Iteraciones requeridas: 162
Nodos expandidos: 162

RLAO*:
Tiempo requerido: 0.264
Iteraciones requeridas: 35
Nodos expandidos: 817

BLAO*:
Tiempo requerido: 0.201
Iteraciones requeridas: 27
Nodos expandidos: 545

VI:
Tiempo requerido: 0.815
Iteraciones requeridas: 67

Problema 5
-------------------------------------------------------
LAO*:
Tiempo requerido: 2.65
Iteraciones requeridas: 119
Nodos expandidos: 119
Porcentajes del conjunto Z: [0.04, 0.08, 0.12, 0.16, 0.2, 0.24, 0.28, 0.32, 0.36, 0.4, 0.44, 0.08, 0.08, 0.16, 0.16, 0.24, 0.24, 0.32, 0.4, 0.48, 0.36, 0.6, 0.68, 0.56, 0.48, 0.76, 0.56, 0.96, 0.08, 0.08, 0.12, 0.08, 0.88, 0.2, 0.16, 0.64, 1.08, 0.32, 0.68, 1.16, 0.32, 1.2, 0.48, 1.24, 0.36, 1.28, 0.64, 0.44, 0.56, 1.0, 0.16, 0.16, 1.04, 0.32, 0.32, 0.6, 1.16, 0.48, 0.68, 1.2, 0.44, 0.72, 1.36, 1.48, 0.56, 1.24, 1.44, 1.2, 0.8, 1.48, 1.4, 1.52, 1.44, 0.52, 0.8, 1.56, 0.64, 1.48, 1.48, 2.0, 0.68, 1.56, 1.52, 0.12, 0.12, 0.16, 0.16, 0.12, 0.12, 0.2, 0.96, 0.28, 0.16, 2.12, 0.76, 1.68, 0.36, 0.36, 1.12, 1.76, 0.48, 0.76, 1.8, 0.6, 0.6, 1.84, 0.64, 1.84, 1.4, 0.76, 1.88, 0.4, 1.4, 1.48, 1.96, 1.96, 0.44, 1.56, 0.96]

ILAO*:
Tiempo requerido: 0.082
Iteraciones requeridas: 133
Nodos expandidos: 133

RLAO*:
Tiempo requerido: 0.131
Iteraciones requeridas: 30
Nodos expandidos: 611

BLAO*:
Tiempo requerido: 0.11
Iteraciones requeridas: 21
Nodos expandidos: 417

VI:
Tiempo requerido: 0.687
Iteraciones requeridas: 63

Problema 6
-------------------------------------------------------
LAO*:
Tiempo requerido: 2.458
Iteraciones requeridas: 122
Nodos expandidos: 122
Porcentajes del conjunto Z: [0.04, 0.08, 0.12, 0.16, 0.2, 0.24, 0.28, 0.32, 0.36, 0.08, 0.08, 0.16, 0.16, 0.24, 0.32, 0.2, 0.4, 0.36, 0.4, 0.48, 0.56, 0.6, 0.08, 0.08, 0.08, 0.16, 0.12, 0.64, 0.2, 0.64, 0.24, 0.72, 0.72, 0.36, 0.36, 0.76, 0.48, 0.44, 0.76, 0.76, 0.56, 0.8, 0.76, 0.68, 0.88, 0.88, 0.36, 0.48, 0.4, 0.44, 0.52, 0.6, 0.48, 0.16, 0.84, 0.68, 0.28, 0.32, 0.44, 0.6, 0.8, 0.56, 0.72, 0.88, 0.72, 0.76, 0.96, 0.92, 0.84, 0.8, 1.04, 1.0, 0.64, 0.96, 1.08, 1.16, 1.04, 1.36, 0.12, 1.16, 1.2, 0.16, 0.12, 0.52, 0.16, 0.16, 0.12, 0.32, 1.08, 0.16, 0.64, 0.32, 1.24, 1.08, 0.72, 1.32, 0.36, 0.52, 1.12, 1.4, 0.56, 0.52, 1.16, 0.76, 1.48, 0.8, 1.48, 1.2, 0.84, 0.76, 0.84, 1.6, 1.56, 1.24, 0.96, 1.72, 0.88, 1.64, 1.04, 0.84, 0.96, 1.8]

ILAO*:
Tiempo requerido: 0.194
Iteraciones requeridas: 147
Nodos expandidos: 147

RLAO*:
Tiempo requerido: 0.134
Iteraciones requeridas: 30
Nodos expandidos: 653

BLAO*:
Tiempo requerido: 0.168
Iteraciones requeridas: 24
Nodos expandidos: 498

VI:
Tiempo requerido: 0.971
Iteraciones requeridas: 91

Problema 7
-------------------------------------------------------
LAO*:
Tiempo requerido: 4.016
Iteraciones requeridas: 180
Nodos expandidos: 180
Porcentajes del conjunto Z: [0.04, 0.08, 0.12, 0.08, 0.08, 0.16, 0.16, 0.24, 0.2, 0.24, 0.28, 0.32, 0.08, 0.08, 0.12, 0.24, 0.2, 0.32, 0.32, 0.4, 0.48, 0.6, 0.32, 0.64, 0.68, 0.72, 0.72, 0.72, 0.84, 0.84, 0.76, 0.84, 0.76, 0.12, 0.16, 0.92, 0.8, 0.28, 0.28, 1.04, 0.88, 0.4, 1.12, 0.4, 0.48, 0.48, 0.6, 0.6, 0.72, 0.56, 0.6, 0.84, 0.76, 0.8, 1.48, 0.8, 0.84, 0.84, 1.72, 1.08, 0.12, 0.88, 0.12, 0.24, 1.08, 0.96, 0.32, 2.08, 1.12, 1.44, 0.32, 1.44, 0.52, 0.44, 0.6, 0.56, 0.8, 0.8, 0.96, 1.12, 1.24, 1.2, 1.48, 0.24, 1.32, 0.2, 0.16, 0.2, 1.64, 1.48, 0.4, 1.84, 0.6, 0.76, 0.72, 0.92, 0.96, 0.92, 1.12, 1.4, 0.24, 0.16, 0.28, 0.16, 0.28, 0.2, 1.2, 0.28, 1.6, 1.52, 0.44, 1.92, 1.56, 0.68, 0.68, 1.6, 1.6, 1.6, 1.68, 1.72, 0.76, 1.68, 1.64, 1.0, 1.8, 1.84, 1.88, 0.92, 1.8, 1.16, 1.84, 1.2, 0.96, 1.88, 1.48, 1.88, 1.32, 1.92, 0.36, 0.24, 1.92, 0.24, 0.24, 1.92, 0.28, 0.28, 1.28, 1.56, 2.04, 0.48, 2.0, 0.44, 2.12, 1.88, 2.16, 2.08, 0.64, 0.68, 2.12, 2.12, 0.92, 1.6, 2.16, 2.16, 1.68, 0.8, 2.24, 2.2, 2.2, 1.0, 1.76, 1.08, 1.88, 2.48, 2.36, 1.8, 1.28, 2.28, 1.84, 2.32]

ILAO*:
Tiempo requerido: 0.29
Iteraciones requeridas: 205
Nodos expandidos: 205

RLAO*:
Tiempo requerido: 0.251
Iteraciones requeridas: 35
Nodos expandidos: 802

BLAO*:
Tiempo requerido: 0.179
Iteraciones requeridas: 28
Nodos expandidos: 561

VI:
Tiempo requerido: 0.701
Iteraciones requeridas: 65

Problema 8
-------------------------------------------------------
LAO*:
Tiempo requerido: 4.259
Iteraciones requeridas: 173
Nodos expandidos: 173
Porcentajes del conjunto Z: [0.04, 0.08, 0.12, 0.08, 0.08, 0.16, 0.16, 0.24, 0.28, 0.32, 0.08, 0.08, 0.08, 0.16, 0.12, 0.24, 0.24, 0.36, 0.32, 0.32, 0.4, 0.64, 0.48, 0.72, 0.52, 0.56, 0.56, 0.64, 0.68, 0.6, 0.72, 0.72, 0.12, 0.72, 0.8, 0.32, 0.28, 0.36, 0.4, 0.44, 0.52, 0.76, 0.6, 0.8, 1.08, 1.24, 0.64, 1.36, 0.12, 0.12, 0.16, 0.12, 0.24, 0.28, 0.72, 0.2, 1.44, 0.4, 0.92, 0.76, 1.0, 1.64, 0.52, 0.4, 0.8, 1.2, 1.08, 0.92, 0.52, 1.84, 0.92, 0.92, 1.0, 0.96, 0.52, 0.56, 1.04, 1.08, 0.64, 0.6, 1.16, 1.12, 0.76, 1.04, 0.68, 1.24, 1.2, 0.64, 0.84, 0.92, 0.76, 1.68, 0.24, 0.16, 0.76, 1.92, 0.48, 1.44, 0.84, 0.56, 0.48, 2.0, 0.64, 0.92, 1.76, 1.0, 0.84, 1.64, 1.08, 1.08, 0.52, 2.72, 1.12, 0.88, 2.28, 0.64, 2.84, 1.0, 1.32, 1.16, 1.16, 0.72, 2.16, 0.96, 1.48, 1.32, 1.2, 0.8, 3.04, 1.16, 0.24, 0.24, 0.32, 1.4, 1.24, 0.28, 0.28, 0.24, 0.28, 1.48, 2.36, 0.52, 1.52, 1.52, 1.68, 1.6, 0.88, 1.76, 1.64, 0.72, 1.0, 0.6, 1.84, 1.84, 1.68, 0.8, 1.12, 1.96, 2.0, 1.72, 0.96, 1.24, 2.08, 1.76, 1.12, 2.08, 1.32, 2.16, 1.6, 2.48, 0.76, 1.28, 2.2]

ILAO*:
Tiempo requerido: 0.23
Iteraciones requeridas: 201
Nodos expandidos: 201

RLAO*:
Tiempo requerido: 0.218
Iteraciones requeridas: 34
Nodos expandidos: 794

BLAO*:
Tiempo requerido: 0.188
Iteraciones requeridas: 27
Nodos expandidos: 568

VI:
Tiempo requerido: 0.978
Iteraciones requeridas: 91

Problema 9
-------------------------------------------------------
LAO*:
Tiempo requerido: 2.755
Iteraciones requeridas: 123
Nodos expandidos: 123
Porcentajes del conjunto Z: [0.04, 0.08, 0.08, 0.12, 0.16, 0.16, 0.2, 0.32, 0.36, 0.08, 0.08, 0.08, 0.16, 0.12, 0.2, 0.24, 0.28, 0.32, 0.36, 0.44, 0.48, 0.52, 0.16, 0.12, 0.28, 0.28, 0.44, 0.4, 0.48, 0.4, 0.52, 0.44, 0.56, 0.56, 0.36, 0.92, 0.6, 0.6, 1.04, 0.76, 0.8, 0.76, 0.84, 0.8, 0.88, 0.12, 0.12, 0.8, 0.2, 0.24, 1.0, 0.16, 0.96, 0.2, 0.96, 1.08, 0.36, 1.8, 0.96, 0.52, 1.12, 1.12, 1.96, 1.0, 1.2, 1.16, 0.64, 0.56, 2.12, 1.28, 1.08, 1.2, 0.68, 0.64, 2.28, 1.24, 1.12, 0.88, 0.76, 0.72, 2.4, 1.6, 1.48, 1.12, 0.88, 1.48, 1.52, 1.32, 2.6, 1.4, 1.72, 0.92, 1.72, 0.92, 1.76, 0.2, 0.24, 0.96, 1.8, 0.36, 1.84, 0.48, 1.0, 1.92, 0.56, 0.68, 1.96, 1.0, 1.96, 0.76, 2.04, 1.04, 2.08, 1.48, 0.64, 2.08, 2.08, 1.52, 0.84, 2.12, 1.64, 1.0, 2.08]

ILAO*:
Tiempo requerido: 0.14
Iteraciones requeridas: 142
Nodos expandidos: 142

RLAO*:
Tiempo requerido: 0.129
Iteraciones requeridas: 30
Nodos expandidos: 618

BLAO*:
Tiempo requerido: 0.165
Iteraciones requeridas: 26
Nodos expandidos: 537

VI:
Tiempo requerido: 1.077
Iteraciones requeridas: 91

Problema 10
-------------------------------------------------------
LAO*:
Tiempo requerido: 5.313
Iteraciones requeridas: 204
Nodos expandidos: 204
Porcentajes del conjunto Z: [0.04, 0.08, 0.08, 0.08, 0.16, 0.2, 0.24, 0.08, 0.08, 0.08, 0.2, 0.24, 0.32, 0.4, 0.32, 0.44, 0.36, 0.56, 0.48, 0.64, 0.64, 0.56, 0.56, 0.6, 0.6, 0.64, 0.6, 0.16, 0.72, 0.2, 0.64, 0.28, 0.8, 0.28, 0.4, 0.32, 0.52, 0.56, 0.6, 0.68, 0.52, 0.68, 0.6, 0.72, 0.68, 0.88, 0.12, 0.12, 0.16, 0.76, 1.0, 0.24, 0.84, 1.12, 0.32, 0.32, 0.88, 1.24, 0.4, 1.28, 0.6, 0.44, 1.32, 0.72, 0.8, 0.88, 0.76, 0.96, 1.08, 0.88, 1.2, 0.8, 0.16, 1.32, 0.2, 0.2, 1.32, 0.32, 0.36, 1.48, 0.44, 0.92, 0.6, 1.44, 0.68, 0.96, 1.48, 1.44, 1.0, 1.0, 1.92, 0.52, 1.08, 0.88, 1.52, 2.04, 0.64, 1.56, 1.56, 0.88, 2.28, 1.64, 1.16, 0.76, 1.6, 0.96, 2.44, 1.72, 0.76, 2.12, 0.16, 1.2, 0.24, 0.2, 0.88, 2.6, 0.24, 1.4, 0.24, 2.6, 0.44, 0.52, 1.6, 0.4, 0.56, 0.92, 1.8, 1.0, 0.92, 0.72, 1.88, 1.08, 1.96, 1.12, 0.92, 2.04, 1.24, 1.2, 0.8, 1.24, 1.6, 2.12, 1.32, 0.76, 1.28, 1.68, 1.4, 1.32, 0.24, 0.2, 0.2, 0.24, 1.72, 0.24, 0.28, 1.32, 1.36, 1.72, 1.08, 1.36, 1.64, 2.96, 2.48, 0.92, 1.56, 1.56, 1.4, 1.36, 1.8, 1.8, 0.6, 1.88, 2.92, 1.16, 0.68, 1.72, 1.6, 1.48, 1.44, 0.68, 2.64, 1.28, 0.92, 1.6, 1.6, 1.8, 2.64, 0.84, 1.68, 2.12, 3.88, 0.88, 0.6, 2.24, 1.08, 1.24, 1.72, 1.72, 3.68, 0.96, 1.28, 1.84, 2.32, 4.32]

ILAO*:
Tiempo requerido: 0.576
Iteraciones requeridas: 221
Nodos expandidos: 221

RLAO*:
Tiempo requerido: 0.268
Iteraciones requeridas: 35
Nodos expandidos: 823

BLAO*:
Tiempo requerido: 0.203
Iteraciones requeridas: 30
Nodos expandidos: 655

VI:
Tiempo requerido: 0.784
Iteraciones requeridas: 67

Media tiempo LAO: 3.825
Media iteraciones LAO: 158.1
Media expansiones LAO: 158.1

Media tiempo RLAO: 0.199
Media iteraciones RLAO: 32.8
Media expansiones RLAO: 735.1

Media tiempo ILAO: 0.258
Media iteraciones ILAO: 178.6
Media expansiones ILAO: 178.6

Media tiempo BLAO: 0.187
Media iteraciones BLAO: 26.4
Media expansiones BLAO: 543.3

Media tiempo VI: 0.889
Media iteraciones VI: 78.5

-------------------------------------------------------
