Problema 1
-------------------------------------------------------
LAO*:
Tiempo requerido: 0.361
Nodos expandidos: 72
Porcentajes del conjunto Z: [0.25, 0.5, 0.5, 0.75, 1.0, 1.0, 1.5, 1.25, 1.25, 2.0, 2.0, 1.5, 1.5, 2.75, 2.5, 1.75, 3.0, 3.5, 2.75, 2.0, 2.0, 3.25, 4.0, 3.0, 2.25, 4.5, 5.0, 4.25, 3.25, 3.25, 0.5, 2.75, 5.5, 5.25, 3.75, 3.5, 0.75, 3.0, 3.0, 6.75, 6.0, 3.5, 3.25, 7.5, 1.25, 4.0, 3.5, 7.75, 7.75, 1.75, 4.5, 3.75, 7.75, 8.0, 1.75, 2.25, 5.25, 2.0, 5.5, 2.25, 2.75, 5.75, 4.0, 3.25, 6.0, 0.75, 3.75, 6.25, 4.25, 1.0, 1.0, 4.25]

ILAO*:
Tiempo requerido: 0.097
Nodos expandidos: 76

RLAO*:
Tiempo requerido: 0.056
Nodos expandidos: 175

BLAO*:
Tiempo requerido: 0.067
Nodos expandidos: 168

VI:
Tiempo requerido: 0.736
Numero de iteraciones: 204288
-------------------------------------------------------
Problema 2
-------------------------------------------------------
LAO*:
Tiempo requerido: 0.457
Nodos expandidos: 85
Porcentajes del conjunto Z: [0.25, 0.5, 0.75, 1.0, 1.0, 1.25, 1.25, 1.5, 1.5, 1.5, 1.5, 1.75, 2.0, 2.5, 2.0, 1.75, 2.5, 3.75, 3.25, 2.5, 2.0, 4.75, 4.0, 2.25, 0.5, 5.0, 5.75, 4.25, 2.5, 2.5, 0.75, 5.25, 6.25, 6.25, 5.25, 2.75, 0.75, 5.5, 7.0, 7.5, 5.5, 3.0, 1.25, 5.75, 5.75, 7.25, 8.5, 8.0, 6.5, 1.75, 6.0, 6.25, 8.25, 9.25, 9.25, 1.5, 2.0, 6.25, 9.0, 8.5, 10.75, 1.75, 6.75, 6.75, 9.75, 11.25, 7.0, 10.0, 11.5, 2.5, 11.25, 10.25, 11.75, 3.0, 0.75, 0.75, 11.5, 15.0, 3.5, 1.25, 11.75, 15.25, 5.75, 4.0, 1.5]

ILAO*:
Tiempo requerido: 0.06
Nodos expandidos: 87

RLAO*:
Tiempo requerido: 0.047
Nodos expandidos: 183

BLAO*:
Tiempo requerido: 0.063
Nodos expandidos: 161

VI:
Tiempo requerido: 0.741
Numero de iteraciones: 201096
-------------------------------------------------------
Problema 3
-------------------------------------------------------
LAO*:
Tiempo requerido: 0.503
Nodos expandidos: 85
Porcentajes del conjunto Z: [0.25, 0.5, 0.5, 0.75, 1.25, 0.75, 1.75, 1.0, 2.25, 1.25, 2.5, 2.75, 1.75, 3.0, 2.0, 3.25, 3.25, 2.25, 3.75, 3.5, 2.5, 2.5, 4.0, 4.25, 0.5, 2.75, 3.0, 2.75, 1.25, 4.5, 4.75, 3.0, 3.5, 3.5, 3.0, 0.75, 4.75, 4.75, 5.0, 4.0, 4.25, 4.0, 1.25, 5.0, 6.0, 5.25, 5.0, 5.0, 1.75, 6.25, 6.5, 5.5, 6.0, 2.5, 6.5, 7.0, 5.75, 6.25, 3.0, 6.75, 7.25, 7.5, 11.0, 3.5, 3.5, 7.25, 7.25, 8.25, 13.25, 4.0, 7.75, 8.5, 14.25, 4.25, 8.0, 8.75, 14.75, 6.25, 1.0, 1.0, 3.25, 5.0, 11.25, 16.0, 3.75]

ILAO*:
Tiempo requerido: 0.1
Nodos expandidos: 85

RLAO*:
Tiempo requerido: 0.04
Nodos expandidos: 144

BLAO*:
Tiempo requerido: 0.036
Nodos expandidos: 110

VI:
Tiempo requerido: 0.851
Numero de iteraciones: 194313
-------------------------------------------------------
Problema 4
-------------------------------------------------------
LAO*:
Tiempo requerido: 0.434
Nodos expandidos: 70
Porcentajes del conjunto Z: [0.25, 0.5, 0.75, 0.75, 1.0, 1.25, 1.25, 1.75, 1.5, 2.25, 2.0, 1.75, 2.75, 2.75, 2.25, 2.0, 3.5, 3.25, 2.25, 2.25, 4.25, 4.25, 0.5, 0.5, 2.75, 2.75, 4.5, 1.0, 0.75, 3.0, 3.0, 3.0, 3.0, 4.75, 1.5, 1.0, 4.0, 4.5, 3.75, 5.25, 4.75, 4.0, 4.0, 1.75, 5.75, 5.75, 4.5, 4.25, 2.75, 7.0, 6.5, 4.5, 3.25, 8.0, 6.75, 4.5, 3.75, 8.5, 7.0, 4.75, 4.25, 9.0, 5.0, 0.75, 4.75, 9.25, 5.25, 1.25, 1.25, 5.25]

ILAO*:
Tiempo requerido: 0.073
Nodos expandidos: 74

RLAO*:
Tiempo requerido: 0.072
Nodos expandidos: 157

BLAO*:
Tiempo requerido: 0.068
Nodos expandidos: 172

VI:
Tiempo requerido: 0.771
Numero de iteraciones: 202293
-------------------------------------------------------
Problema 5
-------------------------------------------------------
LAO*:
Tiempo requerido: 0.455
Nodos expandidos: 87
Porcentajes del conjunto Z: [0.25, 0.5, 0.5, 1.0, 0.75, 1.25, 1.5, 1.0, 1.5, 2.0, 1.25, 1.75, 2.5, 2.25, 1.5, 1.5, 3.0, 3.0, 2.0, 1.75, 3.75, 3.25, 2.25, 2.75, 2.0, 4.25, 3.25, 2.25, 4.5, 4.5, 0.5, 3.5, 3.75, 2.5, 0.5, 1.0, 4.75, 5.0, 3.75, 4.25, 2.75, 1.0, 4.0, 4.75, 4.25, 5.0, 1.25, 1.75, 4.5, 4.5, 5.25, 1.75, 2.25, 4.75, 5.0, 6.75, 2.25, 2.5, 5.0, 7.5, 2.75, 2.75, 5.5, 5.5, 8.0, 3.0, 5.75, 6.0, 9.0, 2.75, 3.25, 0.75, 1.0, 6.0, 6.5, 10.0, 0.75, 1.5, 3.5, 5.5, 4.5, 7.25, 11.0, 3.75, 1.5, 1.75, 4.75]

ILAO*:
Tiempo requerido: 0.09
Nodos expandidos: 91

RLAO*:
Tiempo requerido: 0.067
Nodos expandidos: 200

BLAO*:
Tiempo requerido: 0.111
Nodos expandidos: 177

VI:
Tiempo requerido: 0.87
Numero de iteraciones: 199500
-------------------------------------------------------
Problema 6
-------------------------------------------------------
LAO*:
Tiempo requerido: 0.427
Nodos expandidos: 66
Porcentajes del conjunto Z: [0.25, 0.5, 0.5, 0.75, 0.75, 1.0, 1.0, 1.0, 1.5, 1.25, 1.75, 2.0, 1.5, 2.0, 2.5, 2.5, 1.75, 2.25, 3.25, 2.0, 2.5, 2.5, 3.5, 3.5, 2.25, 3.0, 4.75, 2.5, 2.5, 0.5, 1.0, 3.25, 5.5, 2.75, 3.0, 1.75, 4.25, 6.75, 4.25, 1.75, 4.5, 7.25, 7.0, 4.5, 4.75, 7.75, 4.75, 5.0, 5.0, 8.0, 5.0, 2.5, 8.25, 3.0, 5.25, 8.75, 5.5, 3.0, 9.0, 12.5, 3.75, 12.25, 3.25, 3.0, 2.0, 2.0]

ILAO*:
Tiempo requerido: 0.091
Nodos expandidos: 67

RLAO*:
Tiempo requerido: 0.051
Nodos expandidos: 151

BLAO*:
Tiempo requerido: 0.067
Nodos expandidos: 133

VI:
Tiempo requerido: 0.795
Numero de iteraciones: 205086
-------------------------------------------------------
Problema 7
-------------------------------------------------------
LAO*:
Tiempo requerido: 0.416
Nodos expandidos: 62
Porcentajes del conjunto Z: [0.25, 0.5, 0.5, 0.75, 1.0, 0.75, 1.5, 1.5, 1.0, 2.25, 1.25, 2.5, 2.5, 1.5, 1.5, 2.75, 3.5, 2.0, 2.0, 3.0, 3.0, 4.0, 2.25, 3.5, 5.0, 2.5, 2.75, 3.75, 5.75, 5.25, 3.0, 0.5, 0.5, 4.0, 6.25, 6.25, 1.0, 3.25, 1.0, 4.5, 7.0, 7.25, 3.75, 8.0, 4.25, 4.5, 2.0, 4.75, 3.5, 5.0, 2.75, 4.0, 5.25, 3.5, 5.5, 4.0, 5.75, 4.5, 0.75, 1.25, 1.0, 1.5]

ILAO*:
Tiempo requerido: 0.06
Nodos expandidos: 69

RLAO*:
Tiempo requerido: 0.07
Nodos expandidos: 159

BLAO*:
Tiempo requerido: 0.085
Nodos expandidos: 165

VI:
Tiempo requerido: 0.8
Numero de iteraciones: 204687
-------------------------------------------------------
Problema 8
-------------------------------------------------------
LAO*:
Tiempo requerido: 0.378
Nodos expandidos: 60
Porcentajes del conjunto Z: [0.25, 0.5, 0.5, 0.75, 1.0, 0.75, 1.0, 1.5, 1.5, 1.25, 2.25, 1.5, 2.5, 2.5, 1.75, 1.75, 2.75, 3.0, 2.75, 2.0, 2.0, 3.5, 3.5, 4.25, 2.25, 2.25, 4.25, 4.5, 2.75, 2.5, 4.5, 4.75, 3.0, 2.75, 0.5, 0.5, 4.75, 6.5, 1.0, 3.25, 3.0, 1.0, 5.0, 9.25, 1.5, 4.25, 10.5, 10.75, 1.75, 11.25, 11.5, 6.75, 2.5, 12.0, 3.0, 12.25, 12.5, 3.25, 0.75, 1.0]

ILAO*:
Tiempo requerido: 0.066
Nodos expandidos: 64

RLAO*:
Tiempo requerido: 0.056
Nodos expandidos: 146

BLAO*:
Tiempo requerido: 0.068
Nodos expandidos: 149

VI:
Tiempo requerido: 0.803
Numero de iteraciones: 205086
-------------------------------------------------------
Problema 9
-------------------------------------------------------
LAO*:
Tiempo requerido: 0.324
Nodos expandidos: 53
Porcentajes del conjunto Z: [0.25, 0.5, 0.75, 1.0, 1.25, 1.5, 1.75, 2.0, 2.0, 2.5, 2.25, 3.0, 2.5, 3.25, 3.5, 2.75, 3.5, 4.0, 3.0, 0.75, 0.75, 3.75, 4.5, 3.25, 1.25, 4.0, 5.0, 4.75, 3.5, 4.25, 5.5, 5.5, 6.0, 4.5, 6.25, 7.0, 4.75, 4.75, 8.0, 5.0, 5.25, 8.25, 2.5, 5.25, 5.5, 8.5, 10.25, 3.0, 10.5, 3.75, 3.5, 1.0, 1.0]

ILAO*:
Tiempo requerido: 0.089
Nodos expandidos: 55

RLAO*:
Tiempo requerido: 0.057
Nodos expandidos: 161

BLAO*:
Tiempo requerido: 0.051
Nodos expandidos: 119

VI:
Tiempo requerido: 0.799
Numero de iteraciones: 200298
-------------------------------------------------------
Problema 10
-------------------------------------------------------
LAO*:
Tiempo requerido: 0.57
Nodos expandidos: 94
Porcentajes del conjunto Z: [0.25, 0.5, 0.5, 0.75, 1.0, 0.75, 1.0, 1.5, 1.5, 1.0, 2.0, 2.25, 2.0, 1.25, 2.25, 3.0, 3.0, 2.5, 1.75, 2.5, 4.25, 2.0, 2.75, 2.75, 4.5, 2.25, 2.25, 3.25, 4.75, 2.75, 2.5, 3.5, 3.5, 5.0, 0.5, 3.0, 3.25, 3.0, 0.5, 3.75, 4.0, 3.75, 5.25, 5.25, 3.5, 3.25, 4.0, 4.5, 4.0, 5.75, 7.75, 1.0, 3.75, 3.5, 1.0, 5.0, 4.5, 6.25, 9.25, 4.0, 3.75, 1.5, 5.25, 5.5, 4.75, 9.5, 5.5, 2.25, 6.5, 6.5, 9.75, 5.75, 2.75, 6.75, 12.0, 7.0, 3.5, 12.25, 7.25, 12.5, 3.0, 4.25, 12.75, 5.75, 0.75, 3.5, 0.75, 5.0, 4.75, 13.0, 9.0, 4.0, 1.0, 5.25]

ILAO*:
Tiempo requerido: 0.077
Nodos expandidos: 100

RLAO*:
Tiempo requerido: 0.053
Nodos expandidos: 145

BLAO*:
Tiempo requerido: 0.066
Nodos expandidos: 143

VI:
Tiempo requerido: 0.675
Numero de iteraciones: 204687
-------------------------------------------------------
