Problema 1
-------------------------------------------------------
LAO*:
Tiempo requerido: 101.882
Iteraciones requeridas: 713
Nodos expandidos: 713
Porcentajes del conjunto Z: [0.01, 0.02, 0.02, 0.03, 0.04, 0.05, 0.06, 0.07, 0.02, 0.02, 0.04, 0.03, 0.04, 0.05, 0.06, 0.08, 0.1, 0.07, 0.13, 0.12, 0.12, 0.14, 0.12, 0.15, 0.24, 0.14, 0.19, 0.04, 0.04, 0.07, 0.07, 0.11, 0.09, 0.14, 0.1, 0.14, 0.18, 0.15, 0.2, 0.19, 0.03, 0.03, 0.04, 0.04, 0.03, 0.08, 0.04, 0.04, 0.1, 0.08, 0.14, 0.11, 0.14, 0.17, 0.17, 0.21, 0.21, 0.25, 0.24, 0.26, 0.25, 0.27, 0.26, 0.27, 0.25, 0.27, 0.5, 0.04, 0.26, 0.31, 0.25, 0.31, 0.24, 0.3, 0.29, 0.06, 0.29, 0.33, 0.28, 0.27, 0.34, 0.32, 0.1, 0.3, 0.07, 0.33, 0.38, 0.3, 0.28, 0.37, 0.31, 0.14, 0.12, 0.73, 0.38, 0.41, 0.14, 0.3, 0.32, 0.3, 0.17, 0.39, 0.43, 0.44, 0.13, 0.34, 0.33, 0.31, 0.21, 0.86, 0.28, 0.46, 0.26, 0.36, 0.36, 0.85, 0.5, 0.51, 0.38, 0.96, 0.54, 0.53, 0.29, 0.24, 1.0, 0.31, 0.26, 1.01, 0.06, 0.05, 0.33, 0.28, 0.05, 0.04, 0.04, 0.09, 0.04, 0.08, 0.1, 0.1, 0.06, 1.05, 0.37, 0.1, 0.31, 0.08, 1.06, 0.11, 0.39, 0.32, 1.07, 0.21, 0.17, 0.41, 0.33, 1.08, 0.25, 0.23, 0.43, 0.35, 1.08, 0.31, 0.36, 0.24, 1.08, 0.37, 0.37, 0.38, 0.39, 0.39, 0.38, 0.96, 0.29, 0.43, 0.41, 0.27, 0.32, 1.16, 0.44, 0.41, 0.28, 0.33, 1.19, 0.44, 0.32, 0.09, 0.45, 0.45, 0.29, 1.08, 0.47, 0.47, 0.46, 0.85, 0.11, 0.36, 1.29, 0.49, 0.44, 0.15, 1.12, 0.39, 0.38, 1.34, 0.19, 0.54, 0.28, 0.42, 0.41, 1.07, 0.55, 0.43, 0.32, 0.35, 0.55, 0.54, 1.18, 0.27, 0.33, 0.45, 0.56, 1.19, 0.3, 0.39, 0.47, 1.43, 0.49, 0.45, 0.59, 0.59, 0.28, 1.48, 0.08, 0.08, 0.09, 0.61, 0.6, 0.13, 0.05, 0.06, 0.11, 0.49, 0.11, 0.07, 0.13, 0.13, 0.08, 0.12, 1.54, 0.64, 0.83, 0.32, 0.62, 0.54, 0.13, 0.09, 0.09, 1.14, 0.36, 0.13, 0.56, 0.66, 0.63, 0.14, 1.12, 0.38, 0.68, 0.68, 0.64, 0.48, 0.57, 0.24, 0.28, 0.46, 0.7, 1.18, 0.5, 0.65, 0.34, 1.27, 0.43, 0.51, 0.34, 0.99, 0.61, 0.52, 0.46, 0.35, 0.62, 0.51, 1.33, 0.43, 0.66, 0.48, 0.49, 1.35, 0.48, 0.69, 0.5, 1.53, 0.53, 0.06, 0.7, 0.5, 1.57, 0.72, 0.12, 0.45, 0.48, 1.12, 1.6, 0.52, 1.08, 0.61, 0.57, 0.22, 0.17, 1.64, 0.51, 0.64, 0.53, 0.56, 0.52, 1.22, 0.24, 0.65, 1.65, 1.21, 0.35, 0.56, 0.34, 0.25, 0.66, 0.71, 1.28, 0.67, 0.41, 0.67, 0.47, 0.43, 0.53, 0.68, 0.69, 0.5, 1.0, 0.71, 0.71, 0.54, 0.51, 0.6, 0.72, 0.4, 0.62, 0.31, 0.12, 0.72, 0.73, 0.15, 0.09, 0.07, 0.1, 0.13, 0.15, 0.11, 0.19, 0.16, 0.1, 0.1, 0.18, 0.1, 0.47, 1.56, 0.49, 0.52, 0.16, 1.12, 1.12, 0.11, 0.77, 0.54, 0.49, 0.45, 1.11, 0.76, 0.2, 0.78, 0.59, 0.54, 0.72, 0.81, 0.31, 1.18, 0.28, 1.39, 0.62, 0.55, 0.62, 0.82, 0.81, 1.31, 0.66, 0.87, 0.83, 0.45, 0.37, 0.65, 0.9, 0.77, 0.45, 0.85, 0.74, 0.61, 0.7, 0.49, 0.85, 1.32, 0.91, 0.54, 0.56, 0.76, 0.62, 0.9, 0.88, 0.87, 0.91, 0.88, 0.44, 1.36, 0.88, 0.87, 0.96, 0.96, 0.7, 0.95, 0.9, 0.88, 0.5, 0.72, 0.84, 0.76, 0.94, 0.96, 0.91, 0.88, 0.99, 0.5, 0.94, 0.5, 1.51, 0.96, 0.75, 0.71, 1.53, 1.03, 0.93, 0.33, 0.99, 0.54, 0.97, 0.15, 0.1, 0.76, 1.04, 0.93, 1.44, 0.94, 0.56, 1.02, 0.98, 0.21, 0.9, 0.81, 1.25, 0.77, 0.95, 0.95, 1.71, 0.41, 0.95, 0.24, 0.57, 1.05, 0.3, 1.13, 1.1, 1.32, 0.43, 0.99, 0.98, 1.25, 1.05, 1.05, 0.96, 0.43, 0.99, 0.97, 1.2, 2.02, 1.29, 0.99, 1.08, 0.49, 0.9, 0.43, 1.22, 1.19, 2.06, 0.52, 0.73, 0.88, 0.42, 0.67, 1.08, 0.74, 0.48, 1.24, 1.24, 1.58, 0.91, 1.09, 1.01, 0.69, 1.26, 1.56, 0.41, 1.28, 0.9, 0.9, 0.75, 0.73, 1.11, 0.68, 0.6, 0.71, 1.3, 0.93, 1.59, 0.56, 0.8, 0.93, 0.68, 0.15, 0.2, 0.2, 0.2, 0.18, 0.13, 1.03, 0.2, 0.15, 0.21, 0.14, 0.19, 0.14, 0.29, 0.16, 1.7, 1.09, 0.97, 0.95, 0.93, 0.18, 2.27, 0.65, 0.12, 0.12, 0.73, 0.13, 1.53, 0.79, 1.45, 0.21, 1.13, 1.0, 0.82, 0.49, 0.94, 0.57, 0.81, 2.79, 0.43, 2.21, 1.51, 0.98, 0.29, 0.88, 0.89, 1.54, 2.62, 0.61, 0.96, 0.91, 2.47, 1.17, 0.52, 1.01, 0.62, 0.38, 0.98, 1.13, 0.92, 1.57, 1.89, 0.96, 1.71, 0.53, 0.41, 1.14, 0.71, 1.01, 0.63, 1.5, 0.87, 2.24, 0.8, 1.26, 0.53, 2.64, 2.4, 0.79, 0.64, 1.15, 1.8, 3.08, 1.22, 2.67, 2.63, 0.36, 0.45, 0.83, 1.05, 1.2, 1.16, 2.57, 1.32, 2.34, 0.83, 1.82, 0.36, 0.58, 1.61, 1.22, 1.06, 3.17, 2.34, 1.56, 0.33, 0.45, 0.84, 1.61, 1.61, 0.99, 1.22, 1.78, 0.98, 1.7, 1.74, 1.75, 0.69, 1.62, 0.68, 0.12, 0.68, 0.75, 1.24, 0.16, 0.86, 0.11, 1.46, 0.67, 1.45, 1.15, 1.63, 1.33, 0.7, 1.03, 0.15, 0.91, 1.23, 1.54, 0.19, 0.58, 1.96, 1.51, 0.68, 0.76, 0.93, 0.61, 1.04, 0.35, 1.67, 0.9, 0.89, 0.79, 1.45, 1.42, 0.98, 1.59, 1.24, 1.05, 0.64, 1.01, 1.24, 1.16, 2.02, 0.35, 2.63, 1.19, 0.5, 1.01, 0.62, 1.27, 2.03]

ILAO*:
Tiempo requerido: 5.658
Iteraciones requeridas: 789
Nodos expandidos: 789

RLAO*:
Tiempo requerido: 3.062
Iteraciones requeridas: 66
Nodos expandidos: 2976

BLAO*:
Tiempo requerido: 2.588
Iteraciones requeridas: 57
Nodos expandidos: 2417

VI:
Tiempo requerido: 4.653
Iteraciones requeridas: 91

Problema 2
-------------------------------------------------------
LAO*:
Tiempo requerido: 108.194
Iteraciones requeridas: 726
Nodos expandidos: 726
Porcentajes del conjunto Z: [0.01, 0.02, 0.03, 0.02, 0.02, 0.04, 0.04, 0.06, 0.07, 0.08, 0.08, 0.1, 0.11, 0.12, 0.13, 0.02, 0.02, 0.03, 0.06, 0.04, 0.07, 0.08, 0.1, 0.09, 0.12, 0.12, 0.13, 0.14, 0.14, 0.16, 0.22, 0.15, 0.25, 0.18, 0.16, 0.26, 0.18, 0.16, 0.04, 0.03, 0.3, 0.05, 0.25, 0.07, 0.11, 0.1, 0.14, 0.11, 0.17, 0.19, 0.13, 0.14, 0.18, 0.04, 0.03, 0.03, 0.07, 0.05, 0.21, 0.08, 0.23, 0.1, 0.13, 0.24, 0.25, 0.13, 0.25, 0.25, 0.28, 0.12, 0.15, 0.26, 0.3, 0.24, 0.15, 0.29, 0.27, 0.3, 0.23, 0.06, 0.17, 0.05, 0.26, 0.05, 0.21, 0.08, 0.22, 0.13, 0.22, 0.14, 0.24, 0.23, 0.26, 0.24, 0.14, 0.3, 0.28, 0.25, 0.25, 0.19, 0.52, 0.35, 0.27, 0.16, 0.37, 0.37, 0.28, 0.17, 0.38, 0.39, 0.29, 0.2, 0.41, 0.31, 0.05, 0.07, 0.07, 0.05, 0.07, 0.24, 0.07, 0.07, 0.09, 0.22, 0.44, 0.44, 0.44, 0.09, 0.31, 0.46, 0.44, 0.11, 0.12, 0.34, 0.48, 0.14, 0.45, 0.37, 0.5, 0.46, 0.26, 0.41, 0.53, 0.23, 0.15, 0.45, 0.29, 0.2, 0.27, 0.21, 0.23, 0.22, 0.31, 0.34, 0.4, 0.23, 0.48, 0.38, 0.06, 0.06, 0.06, 0.49, 0.1, 0.33, 0.12, 0.45, 0.37, 0.56, 0.48, 0.49, 0.47, 0.2, 0.52, 0.66, 0.13, 0.55, 0.64, 0.28, 0.19, 0.57, 0.3, 0.58, 0.16, 0.33, 0.2, 0.59, 0.21, 0.36, 0.4, 0.41, 0.1, 0.23, 0.43, 0.07, 0.38, 0.12, 0.06, 0.12, 0.09, 0.12, 0.1, 0.46, 0.26, 0.08, 0.5, 0.13, 0.49, 0.5, 0.14, 0.27, 0.66, 0.15, 0.18, 0.48, 0.15, 0.72, 0.18, 0.58, 0.26, 0.35, 0.31, 0.6, 0.19, 0.32, 0.73, 0.34, 0.62, 0.4, 0.32, 0.74, 0.37, 0.38, 0.61, 0.74, 0.74, 1.02, 0.41, 0.76, 0.76, 0.61, 0.24, 1.06, 0.06, 0.61, 0.77, 0.12, 0.09, 0.26, 1.16, 0.69, 0.27, 0.13, 1.15, 0.15, 0.3, 0.47, 0.22, 1.26, 0.17, 0.31, 0.3, 0.24, 0.77, 0.78, 0.2, 0.78, 0.78, 0.39, 0.33, 0.8, 0.32, 0.37, 0.85, 1.2, 0.49, 0.36, 0.76, 0.6, 1.38, 0.4, 0.53, 0.86, 0.42, 1.44, 1.43, 0.41, 0.64, 0.08, 0.06, 0.12, 0.58, 0.14, 0.1, 0.11, 0.15, 0.16, 0.12, 1.2, 0.39, 1.43, 0.15, 0.28, 0.4, 0.52, 1.48, 1.48, 1.46, 0.26, 0.43, 0.31, 0.15, 0.16, 1.5, 1.51, 1.5, 0.45, 1.02, 0.44, 0.17, 0.18, 0.33, 1.54, 0.28, 1.53, 0.47, 0.47, 1.12, 0.45, 0.35, 1.47, 0.29, 0.24, 0.67, 1.38, 0.38, 0.36, 1.35, 0.49, 1.55, 0.53, 0.32, 1.42, 0.37, 1.57, 0.39, 1.55, 0.69, 0.71, 0.7, 1.46, 0.69, 0.93, 0.35, 1.59, 1.58, 1.39, 0.25, 0.46, 0.91, 0.86, 0.76, 0.41, 0.77, 1.44, 0.11, 0.07, 0.09, 0.65, 0.44, 0.11, 0.84, 0.44, 1.46, 0.72, 0.48, 0.13, 0.14, 0.98, 0.45, 1.41, 0.17, 0.7, 0.52, 0.19, 0.99, 0.46, 1.0, 1.02, 0.62, 0.48, 0.23, 0.48, 0.76, 1.49, 0.62, 0.49, 1.99, 1.5, 1.27, 1.5, 0.3, 1.03, 0.34, 1.03, 0.22, 1.22, 0.49, 0.67, 0.28, 0.9, 0.77, 1.52, 1.42, 0.5, 0.38, 2.06, 1.63, 0.5, 1.55, 0.35, 0.49, 0.33, 1.09, 0.51, 1.08, 1.08, 2.17, 1.55, 1.2, 1.07, 0.49, 0.45, 1.1, 1.68, 1.53, 1.22, 0.96, 0.59, 0.51, 1.11, 0.43, 1.69, 1.54, 1.24, 0.95, 0.67, 0.13, 0.13, 0.15, 0.56, 0.13, 0.12, 0.14, 0.13, 0.12, 1.12, 0.14, 0.18, 0.21, 0.45, 0.14, 0.11, 2.23, 1.7, 1.7, 0.47, 1.12, 1.42, 1.26, 0.8, 0.11, 0.62, 1.3, 1.27, 0.73, 0.14, 0.69, 1.04, 0.16, 0.18, 0.77, 0.73, 1.32, 1.32, 1.06, 0.22, 1.01, 0.63, 1.34, 1.33, 1.09, 1.33, 1.52, 0.49, 0.92, 1.36, 1.34, 0.66, 1.11, 0.4, 0.38, 1.54, 0.77, 1.38, 0.54, 0.4, 0.45, 0.41, 1.6, 0.56, 1.07, 1.3, 0.56, 1.1, 0.42, 1.25, 0.55, 1.4, 0.42, 1.02, 1.12, 0.43, 0.54, 0.51, 0.5, 0.99, 0.44, 0.55, 1.42, 0.58, 0.82, 0.44, 1.61, 0.61, 0.46, 0.6, 0.6, 0.59, 0.19, 1.06, 0.08, 0.09, 0.14, 1.14, 0.12, 0.12, 0.1, 0.45, 0.82, 1.72, 0.71, 0.52, 0.5, 1.03, 0.62, 0.16, 0.13, 0.19, 1.1, 0.63, 0.78, 0.52, 0.87, 1.79, 0.88, 1.17, 1.17, 0.2, 0.23, 0.63, 0.63, 2.47, 0.83, 0.9, 1.71, 1.18, 0.34, 1.51, 1.8, 1.8, 0.21, 0.74, 2.55, 1.47, 1.76, 1.75, 0.94, 0.37, 1.23, 1.19, 1.19, 1.36, 0.84, 0.22, 0.3, 0.4, 0.5, 1.47, 0.92, 2.0, 1.22, 0.4, 1.26, 1.21, 1.36, 1.33, 0.46, 0.82, 0.5, 0.54, 1.8, 1.72, 0.45, 1.59, 1.37, 1.22, 1.31, 0.49, 0.8, 0.58, 2.03, 0.5, 0.63, 1.25, 1.15, 1.38, 1.38, 0.6, 0.58, 0.43, 0.6, 1.54, 1.44, 1.33, 1.28, 0.5, 0.62, 1.71, 0.67, 1.57, 0.15, 0.14, 1.19, 0.48, 0.11, 0.15, 0.18, 0.22, 0.19, 1.36, 0.19, 1.3, 0.17, 0.22, 0.18, 0.2, 0.21, 1.68, 0.46, 2.08, 0.76, 0.26, 1.45, 1.38, 0.96, 0.52, 0.59, 1.21, 0.54, 1.76, 0.59, 1.96, 0.55, 0.13, 1.59, 0.19, 1.4, 1.27, 1.22, 0.18, 1.76, 0.65, 0.59, 1.26, 1.76, 2.24, 0.81, 0.25, 1.6, 1.19, 1.67, 1.23, 1.51, 0.22, 1.98, 0.68, 0.62, 1.55, 0.34, 1.24, 1.53, 0.25, 1.45, 1.13, 0.67, 0.43, 1.53, 2.35, 1.47, 0.7, 0.64, 0.53, 1.41, 0.46, 0.71, 0.4, 1.63, 1.49, 0.9, 1.28, 0.65, 0.52, 1.3, 0.91, 0.56, 1.64]

ILAO*:
Tiempo requerido: 5.549
Iteraciones requeridas: 804
Nodos expandidos: 804

RLAO*:
Tiempo requerido: 2.131
Iteraciones requeridas: 67
Nodos expandidos: 2990

BLAO*:
Tiempo requerido: 1.664
Iteraciones requeridas: 56
Nodos expandidos: 2297

VI:
Tiempo requerido: 4.593
Iteraciones requeridas: 91

Problema 3
-------------------------------------------------------
LAO*:
Tiempo requerido: 73.122
Iteraciones requeridas: 525
Nodos expandidos: 525
Porcentajes del conjunto Z: [0.01, 0.02, 0.02, 0.02, 0.04, 0.04, 0.05, 0.06, 0.07, 0.08, 0.08, 0.1, 0.09, 0.12, 0.13, 0.02, 0.02, 0.02, 0.06, 0.05, 0.08, 0.07, 0.09, 0.09, 0.15, 0.1, 0.18, 0.09, 0.11, 0.22, 0.11, 0.17, 0.19, 0.2, 0.04, 0.21, 0.07, 0.08, 0.22, 0.11, 0.1, 0.23, 0.13, 0.24, 0.09, 0.15, 0.12, 0.16, 0.14, 0.28, 0.16, 0.17, 0.32, 0.17, 0.34, 0.03, 0.03, 0.03, 0.03, 0.18, 0.04, 0.05, 0.36, 0.08, 0.19, 0.2, 0.36, 0.11, 0.13, 0.21, 0.41, 0.23, 0.16, 0.34, 0.22, 0.44, 0.42, 0.4, 0.29, 0.23, 0.31, 0.14, 0.32, 0.17, 0.33, 0.33, 0.19, 0.16, 0.35, 0.34, 0.21, 0.37, 0.21, 0.35, 0.35, 0.18, 0.4, 0.37, 0.36, 0.05, 0.06, 0.21, 0.05, 0.35, 0.39, 0.37, 0.12, 0.41, 0.22, 0.16, 0.14, 0.42, 0.4, 0.1, 0.42, 0.24, 0.35, 0.44, 0.26, 0.19, 0.2, 0.45, 0.49, 0.27, 0.17, 0.45, 0.46, 0.5, 0.2, 0.71, 0.47, 0.23, 0.17, 0.34, 0.24, 0.36, 0.2, 0.26, 0.43, 0.38, 0.05, 0.23, 0.06, 0.05, 0.05, 0.08, 0.06, 0.49, 0.11, 0.29, 0.27, 0.3, 0.52, 0.4, 0.19, 0.1, 0.29, 0.52, 0.24, 0.11, 0.55, 0.32, 0.32, 0.33, 0.2, 0.65, 0.3, 0.18, 0.32, 0.59, 0.2, 0.61, 0.31, 0.46, 0.23, 0.31, 0.61, 0.27, 0.11, 0.62, 0.08, 0.25, 0.61, 0.62, 0.31, 0.31, 0.67, 0.16, 0.63, 0.47, 0.61, 0.61, 0.35, 0.71, 0.49, 0.64, 0.37, 0.44, 0.15, 0.5, 0.25, 0.65, 0.45, 0.5, 0.19, 0.51, 0.51, 0.64, 0.48, 0.41, 0.54, 0.56, 0.26, 0.21, 0.67, 0.52, 0.55, 0.56, 0.58, 0.27, 0.7, 0.57, 0.56, 0.41, 0.31, 0.71, 0.7, 0.6, 0.41, 0.6, 0.48, 0.32, 0.58, 0.72, 0.62, 0.5, 0.68, 1.04, 0.08, 0.06, 0.06, 0.1, 0.43, 0.06, 0.06, 0.13, 0.62, 0.61, 0.72, 0.75, 0.83, 0.44, 0.14, 0.66, 0.64, 0.42, 0.77, 0.5, 0.12, 0.67, 0.36, 0.8, 0.12, 0.52, 0.66, 0.63, 0.37, 0.35, 0.19, 0.79, 0.54, 0.41, 0.64, 0.82, 0.28, 0.7, 0.68, 0.37, 0.87, 0.22, 0.7, 0.69, 0.81, 0.55, 0.39, 0.56, 0.23, 0.72, 0.75, 0.7, 0.42, 0.37, 0.91, 0.38, 0.67, 0.57, 0.78, 0.71, 0.48, 0.39, 0.58, 0.76, 0.53, 0.81, 0.63, 0.5, 0.72, 0.13, 0.1, 0.54, 0.09, 0.59, 0.78, 0.52, 0.84, 0.43, 0.64, 0.6, 0.2, 0.79, 0.85, 0.81, 0.46, 0.61, 0.21, 0.92, 0.8, 0.66, 0.86, 0.84, 0.53, 0.18, 0.31, 0.43, 0.82, 0.52, 0.62, 0.94, 0.86, 0.8, 0.39, 0.5, 0.53, 0.84, 0.29, 0.33, 0.96, 0.67, 0.9, 0.49, 0.62, 0.24, 0.58, 0.34, 0.45, 0.98, 0.71, 0.93, 0.84, 0.74, 0.31, 0.63, 0.95, 0.48, 0.33, 0.66, 0.43, 0.95, 0.55, 0.68, 0.55, 0.76, 0.15, 0.74, 0.52, 0.09, 0.7, 0.59, 0.13, 0.1, 0.06, 0.14, 0.08, 0.1, 0.76, 0.59, 0.54, 0.72, 0.66, 0.21, 0.1, 0.63, 0.69, 0.58, 0.75, 0.71, 0.64, 0.12, 0.74, 0.51, 0.14, 0.9, 0.73, 0.71, 0.73, 0.73, 0.66, 0.65, 0.18, 0.82, 0.86, 0.76, 0.94, 0.72, 0.66, 0.22, 0.37, 0.47, 0.55, 0.79, 0.96, 1.39, 0.58, 0.33, 0.66, 0.78, 0.78, 0.73, 0.73, 1.04, 0.68, 1.02, 0.51, 0.28, 0.49, 0.81, 0.75, 0.74, 1.06, 0.73, 1.12, 0.51, 0.48, 1.56, 0.84, 0.77, 0.75, 1.16, 0.65, 0.8, 1.29, 0.41, 0.41, 0.87, 0.73, 0.56, 0.37, 0.6, 1.08, 1.08, 1.6, 0.74, 0.89, 0.74, 0.71, 0.49, 1.24, 0.72, 1.18, 1.17, 0.07, 0.91, 0.43, 0.16, 0.57, 0.67, 0.79, 0.09, 0.14, 0.78, 1.17, 0.66, 1.17, 0.37, 0.7, 0.95, 0.48, 0.14, 0.22, 0.85, 0.63, 1.21, 0.78, 0.4, 1.42, 0.77, 1.06, 0.22, 0.73, 0.96, 0.67, 0.89, 1.21, 0.41, 1.51, 0.79, 0.17, 0.88, 0.7, 0.42, 0.31, 0.74, 1.78, 0.97, 1.2, 0.86, 0.44, 0.73, 1.4, 0.34, 0.76, 1.51, 0.92, 0.98, 1.18]

ILAO*:
Tiempo requerido: 4.87
Iteraciones requeridas: 608
Nodos expandidos: 608

RLAO*:
Tiempo requerido: 1.74
Iteraciones requeridas: 63
Nodos expandidos: 2677

BLAO*:
Tiempo requerido: 2.402
Iteraciones requeridas: 49
Nodos expandidos: 1841

VI:
Tiempo requerido: 4.675
Iteraciones requeridas: 91

Problema 4
-------------------------------------------------------
LAO*:
Tiempo requerido: 66.991
Iteraciones requeridas: 534
Nodos expandidos: 534
Porcentajes del conjunto Z: [0.01, 0.02, 0.02, 0.02, 0.04, 0.05, 0.02, 0.02, 0.03, 0.02, 0.06, 0.05, 0.07, 0.11, 0.08, 0.13, 0.09, 0.15, 0.16, 0.17, 0.18, 0.19, 0.2, 0.21, 0.22, 0.21, 0.04, 0.04, 0.07, 0.07, 0.1, 0.09, 0.11, 0.11, 0.13, 0.13, 0.12, 0.14, 0.15, 0.24, 0.15, 0.27, 0.16, 0.3, 0.32, 0.03, 0.03, 0.04, 0.03, 0.06, 0.04, 0.23, 0.35, 0.36, 0.09, 0.1, 0.37, 0.37, 0.1, 0.37, 0.13, 0.42, 0.4, 0.44, 0.11, 0.41, 0.41, 0.47, 0.43, 0.42, 0.18, 0.5, 0.45, 0.43, 0.2, 0.53, 0.47, 0.44, 0.22, 0.56, 0.49, 0.45, 0.22, 0.58, 0.5, 0.04, 0.05, 0.45, 0.23, 0.61, 0.53, 0.1, 0.07, 0.37, 0.48, 0.48, 0.15, 0.39, 0.14, 0.38, 0.48, 0.48, 0.48, 0.39, 0.51, 0.5, 0.49, 0.42, 0.21, 0.54, 0.46, 0.55, 0.42, 0.24, 0.15, 0.56, 0.5, 0.25, 0.18, 0.42, 0.26, 0.21, 0.55, 0.27, 0.27, 0.27, 0.23, 0.44, 0.33, 0.55, 0.04, 0.34, 0.05, 0.28, 0.06, 0.06, 0.05, 0.07, 0.25, 0.08, 0.08, 0.06, 0.05, 0.65, 0.37, 0.08, 0.3, 0.48, 0.39, 0.14, 0.39, 0.14, 0.51, 0.67, 0.41, 0.19, 0.19, 0.55, 0.8, 0.2, 0.22, 0.42, 0.57, 0.72, 0.28, 0.2, 0.49, 0.58, 0.46, 0.29, 0.27, 0.51, 0.59, 0.48, 0.31, 0.32, 0.54, 0.6, 0.51, 0.53, 0.37, 0.62, 0.54, 1.06, 0.61, 0.61, 0.55, 1.08, 0.08, 0.07, 0.08, 0.29, 0.49, 0.63, 1.1, 0.12, 0.13, 0.31, 0.64, 0.61, 0.17, 0.16, 0.32, 0.65, 0.5, 0.51, 0.23, 0.22, 0.33, 0.33, 0.55, 0.12, 0.51, 0.36, 0.34, 0.42, 0.6, 0.14, 0.38, 0.35, 0.57, 0.57, 0.18, 0.46, 0.4, 0.24, 0.63, 0.5, 0.34, 0.41, 0.48, 0.21, 0.67, 0.45, 0.59, 0.37, 0.07, 0.57, 0.08, 0.05, 0.08, 0.1, 0.07, 0.09, 0.05, 0.08, 0.06, 0.26, 0.13, 0.06, 0.13, 0.65, 1.19, 0.1, 0.42, 0.28, 0.67, 0.16, 0.61, 0.19, 0.29, 0.29, 0.67, 0.66, 0.31, 0.57, 0.17, 0.32, 0.26, 0.7, 0.68, 0.68, 0.36, 0.31, 0.34, 0.72, 0.69, 0.56, 0.38, 0.4, 0.4, 0.76, 0.7, 0.59, 0.17, 0.62, 0.78, 0.62, 0.63, 0.41, 0.5, 0.33, 0.79, 0.61, 0.51, 0.38, 0.64, 0.39, 0.8, 0.64, 0.64, 0.53, 0.62, 0.43, 0.57, 0.37, 0.36, 0.65, 0.64, 0.55, 0.81, 0.39, 0.54, 0.66, 0.65, 0.62, 0.78, 0.06, 0.67, 0.07, 0.09, 0.41, 0.84, 0.71, 0.64, 1.0, 0.65, 0.68, 0.12, 0.16, 0.56, 0.43, 0.85, 0.74, 0.74, 0.68, 1.05, 0.86, 0.21, 0.23, 0.33, 0.79, 1.05, 0.87, 0.73, 1.49, 0.3, 0.35, 0.92, 0.56, 0.19, 1.1, 0.74, 0.74, 0.34, 0.38, 0.55, 0.8, 0.88, 0.37, 0.75, 0.35, 0.56, 0.27, 0.91, 0.79, 0.78, 0.29, 0.39, 0.66, 0.36, 0.61, 0.64, 0.42, 0.23, 0.79, 0.73, 0.41, 0.63, 0.9, 0.46, 0.67, 0.81, 0.77, 0.43, 0.92, 0.7, 0.5, 0.82, 0.82, 0.82, 0.11, 0.1, 0.44, 0.11, 0.11, 0.13, 0.09, 0.1, 0.13, 0.13, 0.1, 0.2, 0.13, 0.45, 0.09, 0.68, 0.57, 1.16, 0.88, 0.87, 0.86, 0.63, 0.98, 0.47, 0.16, 0.15, 0.49, 0.59, 0.63, 0.71, 0.68, 1.01, 0.25, 0.27, 0.62, 0.73, 0.69, 0.68, 1.01, 1.03, 0.35, 0.34, 0.33, 0.74, 1.06, 0.74, 1.02, 1.04, 0.64, 0.3, 0.7, 0.78, 0.72, 0.36, 1.04, 1.13, 0.9, 0.79, 0.76, 0.38, 0.41, 0.95, 0.83, 1.06, 1.06, 0.23, 0.72, 0.4, 1.08, 0.85, 0.72, 1.07, 0.45, 0.73, 0.73, 1.09, 0.89, 1.1, 0.59, 0.35, 1.01, 0.74, 0.67, 0.9, 1.09, 0.42, 0.77, 1.01, 0.79, 0.7, 0.56, 1.09, 0.44, 1.21, 1.09, 0.11, 0.96, 0.8, 0.11, 0.74, 0.58, 0.49, 1.11, 0.96, 1.1, 0.37, 1.04, 0.74, 0.19, 0.66, 0.77, 0.66, 1.15, 0.97, 1.16, 0.4, 1.09, 0.79, 0.22, 0.52, 0.97, 0.97, 0.63, 0.47, 0.36, 1.04, 1.18, 1.11, 0.53, 0.69, 0.82, 1.04, 1.02, 1.19, 1.19, 0.43, 0.69, 0.72, 0.84, 0.54, 1.05, 1.05, 1.19]

ILAO*:
Tiempo requerido: 3.307
Iteraciones requeridas: 598
Nodos expandidos: 598

RLAO*:
Tiempo requerido: 1.964
Iteraciones requeridas: 65
Nodos expandidos: 2886

BLAO*:
Tiempo requerido: 1.487
Iteraciones requeridas: 50
Nodos expandidos: 1874

VI:
Tiempo requerido: 4.733
Iteraciones requeridas: 91

Problema 5
-------------------------------------------------------
LAO*:
Tiempo requerido: 109.903
Iteraciones requeridas: 785
Nodos expandidos: 785
Porcentajes del conjunto Z: [0.01, 0.02, 0.03, 0.02, 0.02, 0.03, 0.04, 0.03, 0.05, 0.05, 0.06, 0.07, 0.08, 0.09, 0.03, 0.03, 0.06, 0.05, 0.08, 0.07, 0.09, 0.07, 0.09, 0.1, 0.11, 0.03, 0.04, 0.05, 0.04, 0.05, 0.05, 0.08, 0.1, 0.12, 0.11, 0.11, 0.2, 0.12, 0.12, 0.16, 0.17, 0.18, 0.13, 0.14, 0.19, 0.21, 0.14, 0.2, 0.23, 0.31, 0.24, 0.33, 0.25, 0.04, 0.35, 0.05, 0.35, 0.26, 0.05, 0.37, 0.37, 0.27, 0.08, 0.39, 0.39, 0.28, 0.1, 0.41, 0.42, 0.12, 0.11, 0.43, 0.44, 0.13, 0.44, 0.13, 0.15, 0.46, 0.15, 0.16, 0.47, 0.17, 0.19, 0.18, 0.2, 0.19, 0.04, 0.07, 0.05, 0.21, 0.07, 0.04, 0.09, 0.07, 0.08, 0.09, 0.24, 0.32, 0.24, 0.2, 0.59, 0.25, 0.26, 0.35, 0.25, 0.09, 0.21, 0.58, 0.12, 0.29, 0.38, 0.28, 0.11, 0.26, 0.22, 0.75, 0.14, 0.3, 0.4, 0.27, 0.23, 0.79, 0.32, 0.26, 0.56, 0.16, 0.42, 0.42, 0.81, 0.44, 0.63, 0.43, 0.2, 0.29, 0.63, 0.18, 0.46, 0.3, 0.44, 0.18, 0.91, 0.31, 0.31, 0.86, 0.18, 0.67, 0.2, 0.19, 0.38, 0.37, 0.89, 0.19, 1.17, 0.06, 0.65, 0.06, 0.48, 0.29, 0.07, 0.07, 0.66, 0.68, 0.49, 0.08, 0.31, 0.22, 0.69, 0.5, 0.15, 0.1, 0.32, 0.24, 0.7, 0.53, 0.53, 0.18, 0.27, 0.11, 0.26, 0.57, 0.57, 0.56, 0.19, 0.58, 0.13, 0.6, 0.6, 0.59, 0.57, 0.27, 0.65, 0.21, 0.15, 0.47, 0.7, 0.61, 0.72, 0.59, 0.39, 0.29, 0.55, 0.63, 0.63, 0.43, 0.65, 0.65, 0.07, 0.64, 0.43, 0.09, 0.07, 0.47, 0.1, 0.05, 0.14, 0.09, 0.09, 0.07, 0.11, 0.67, 0.44, 0.68, 0.67, 0.48, 0.1, 0.07, 1.38, 0.92, 0.18, 0.51, 0.55, 0.78, 0.11, 0.49, 0.95, 0.16, 0.9, 0.15, 0.2, 0.17, 0.61, 0.91, 0.82, 0.27, 0.26, 0.95, 0.96, 0.95, 0.61, 0.96, 0.38, 0.64, 0.32, 0.37, 1.05, 0.97, 0.72, 0.65, 1.07, 0.42, 0.74, 0.68, 0.4, 0.46, 1.08, 1.08, 0.64, 0.38, 1.1, 1.1, 1.09, 0.75, 0.07, 0.11, 0.07, 0.08, 0.4, 0.67, 1.14, 1.14, 0.77, 0.11, 0.12, 1.13, 0.11, 0.76, 0.76, 0.76, 0.52, 0.76, 0.75, 1.14, 0.19, 0.53, 0.79, 0.97, 0.8, 1.17, 0.23, 0.16, 0.65, 0.82, 0.83, 1.18, 0.2, 0.85, 0.69, 0.23, 0.84, 0.53, 0.84, 1.19, 0.36, 0.83, 0.75, 1.08, 0.44, 0.84, 1.2, 0.78, 1.11, 0.86, 1.21, 0.69, 0.39, 0.51, 0.8, 0.1, 1.14, 0.9, 1.11, 0.09, 0.06, 0.73, 0.43, 0.81, 0.08, 0.11, 0.08, 0.14, 0.13, 0.15, 0.1, 0.1, 0.17, 0.13, 0.86, 0.67, 1.18, 0.85, 0.82, 0.52, 0.12, 0.92, 0.86, 0.49, 0.83, 0.83, 0.23, 0.72, 1.33, 0.51, 0.51, 0.23, 0.91, 0.87, 0.78, 0.9, 0.54, 0.53, 0.29, 1.2, 0.54, 1.4, 1.38, 0.39, 0.33, 1.41, 1.23, 0.84, 0.89, 0.33, 0.42, 0.93, 0.63, 1.24, 0.39, 0.59, 0.92, 0.78, 0.93, 1.29, 0.5, 0.65, 0.82, 0.61, 0.95, 0.4, 1.31, 1.28, 0.84, 0.11, 1.05, 1.17, 1.29, 0.67, 0.1, 0.12, 0.12, 0.42, 0.27, 1.11, 1.2, 1.34, 1.35, 0.87, 0.12, 0.48, 0.49, 1.31, 1.3, 0.71, 1.34, 0.9, 0.25, 1.25, 0.52, 0.24, 1.44, 1.28, 0.61, 0.36, 1.47, 0.35, 0.44, 0.89, 0.44, 0.42, 0.76, 0.9, 0.68, 0.69, 1.32, 1.3, 0.49, 0.94, 0.7, 0.77, 0.58, 0.36, 1.32, 0.41, 0.11, 0.16, 1.35, 1.34, 0.14, 1.13, 1.13, 0.4, 0.16, 0.47, 0.99, 0.09, 0.2, 0.12, 0.13, 0.21, 0.1, 0.15, 0.11, 0.69, 0.24, 0.15, 0.18, 1.34, 0.4, 1.34, 0.73, 0.44, 0.85, 0.77, 0.13, 1.35, 0.68, 0.19, 1.24, 1.4, 1.37, 0.9, 0.22, 1.33, 1.34, 0.66, 1.23, 1.39, 1.35, 1.35, 1.25, 1.35, 0.79, 1.44, 0.3, 0.41, 0.53, 1.4, 1.39, 1.33, 1.1, 0.47, 1.42, 1.36, 0.97, 0.99, 0.73, 0.96, 1.4, 1.3, 1.03, 0.63, 1.43, 0.6, 1.07, 0.97, 0.78, 0.44, 0.63, 0.82, 0.2, 1.21, 1.35, 1.45, 1.0, 0.83, 0.13, 0.13, 1.39, 1.01, 0.13, 0.17, 0.13, 0.56, 1.4, 0.16, 0.19, 1.02, 1.02, 0.55, 0.17, 1.01, 1.02, 1.01, 1.01, 1.36, 0.91, 1.42, 1.22, 1.17, 0.77, 0.61, 1.12, 1.0, 1.31, 1.04, 0.37, 0.84, 1.43, 0.34, 1.42, 1.21, 1.07, 1.05, 0.67, 0.43, 1.16, 0.45, 1.47, 1.43, 0.71, 0.49, 1.15, 1.14, 1.43, 0.48, 0.94, 1.08, 0.76, 1.79, 1.0, 0.48, 0.95, 1.02, 1.29, 1.26, 0.42, 0.43, 0.59, 1.37, 0.25, 0.74, 0.19, 0.98, 1.31, 0.27, 0.1, 1.09, 1.05, 0.1, 0.54, 0.26, 0.27, 0.17, 0.12, 1.11, 0.18, 0.26, 0.16, 0.16, 0.21, 0.57, 1.17, 1.07, 1.14, 0.17, 1.14, 1.15, 0.16, 1.15, 0.99, 0.56, 0.58, 1.38, 0.99, 1.24, 1.15, 1.16, 1.14, 1.13, 1.08, 1.49, 0.54, 1.06, 2.2, 1.46, 1.52, 0.69, 1.2, 1.19, 1.15, 0.35, 0.16, 0.24, 0.6, 1.08, 1.19, 1.48, 1.55, 1.21, 1.16, 1.16, 0.87, 0.92, 0.25, 1.09, 2.44, 1.4, 1.22, 0.86, 1.18, 0.26, 0.41, 0.95, 1.31, 1.12, 1.49, 1.41, 0.4, 1.29, 1.19, 0.97, 0.39, 1.13, 2.66, 1.42, 0.97, 1.17, 1.53, 1.48, 1.12, 0.5, 0.64, 1.29, 1.54, 1.49, 1.88, 0.94, 1.14, 1.13, 1.11, 1.5, 1.33, 0.51, 0.64, 1.55, 1.5, 1.5, 1.49, 2.7, 1.48, 1.39, 1.34, 1.53, 1.53, 1.57, 1.56, 1.52, 0.64, 2.89, 0.14, 0.14, 1.08, 0.93, 1.67, 1.59, 1.57, 1.56, 1.55, 1.53, 2.74, 0.2, 0.14, 0.16, 0.75, 1.17, 1.11, 0.57, 1.6, 1.73, 1.65, 1.57, 1.57, 1.18, 0.2, 0.23, 1.14, 0.82, 0.77, 1.65, 1.65, 1.6, 1.59, 1.75, 0.23, 0.9, 0.85, 0.24, 1.17, 1.81, 1.59, 1.77, 0.22, 0.97, 0.94, 0.42, 1.19, 1.82, 1.6, 1.6, 1.03, 0.96, 0.44, 1.21, 0.89, 1.2, 1.87, 1.62, 1.07, 1.53, 0.69, 1.18, 0.51, 1.49, 0.37, 1.24, 1.89]

ILAO*:
Tiempo requerido: 9.629
Iteraciones requeridas: 887
Nodos expandidos: 887

RLAO*:
Tiempo requerido: 3.222
Iteraciones requeridas: 70
Nodos expandidos: 3258

BLAO*:
Tiempo requerido: 2.806
Iteraciones requeridas: 59
Nodos expandidos: 2475

VI:
Tiempo requerido: 4.751
Iteraciones requeridas: 91

Problema 6
-------------------------------------------------------
LAO*:
Tiempo requerido: 120.166
Iteraciones requeridas: 810
Nodos expandidos: 810
Porcentajes del conjunto Z: [0.01, 0.02, 0.02, 0.03, 0.04, 0.02, 0.03, 0.02, 0.05, 0.03, 0.05, 0.04, 0.08, 0.06, 0.1, 0.11, 0.12, 0.12, 0.14, 0.13, 0.16, 0.14, 0.14, 0.19, 0.16, 0.15, 0.22, 0.18, 0.24, 0.03, 0.04, 0.19, 0.03, 0.04, 0.05, 0.05, 0.04, 0.06, 0.09, 0.05, 0.12, 0.12, 0.13, 0.13, 0.13, 0.14, 0.19, 0.18, 0.15, 0.23, 0.21, 0.16, 0.27, 0.23, 0.29, 0.04, 0.04, 0.27, 0.23, 0.29, 0.3, 0.11, 0.08, 0.3, 0.3, 0.14, 0.09, 0.32, 0.31, 0.16, 0.1, 0.34, 0.32, 0.32, 0.15, 0.37, 0.19, 0.38, 0.24, 0.39, 0.15, 0.4, 0.29, 0.17, 0.04, 0.05, 0.33, 0.05, 0.06, 0.04, 0.17, 0.09, 0.05, 0.07, 0.28, 0.37, 0.11, 0.12, 0.39, 0.11, 0.33, 0.15, 0.14, 0.4, 0.35, 0.19, 0.15, 0.41, 0.6, 0.37, 0.22, 0.16, 0.16, 0.43, 0.38, 0.17, 0.23, 0.18, 0.18, 0.17, 0.45, 0.66, 0.22, 0.22, 0.48, 0.72, 0.23, 0.18, 0.43, 0.69, 0.46, 0.2, 0.24, 0.24, 0.61, 0.26, 0.05, 0.26, 0.22, 0.64, 0.14, 0.26, 0.24, 0.23, 0.68, 0.19, 0.28, 0.25, 0.24, 0.24, 0.11, 0.65, 0.43, 0.15, 0.26, 0.26, 0.14, 0.76, 0.23, 0.27, 0.27, 0.16, 0.37, 0.31, 0.5, 0.2, 0.17, 0.3, 0.39, 0.29, 0.32, 0.64, 0.55, 0.2, 0.32, 0.33, 0.75, 0.21, 0.58, 0.7, 0.17, 0.33, 0.46, 1.0, 0.21, 0.34, 0.22, 0.98, 0.11, 0.11, 0.24, 0.35, 0.35, 0.07, 0.1, 0.1, 0.09, 0.06, 0.23, 0.97, 0.28, 0.1, 0.42, 0.26, 1.08, 1.06, 0.47, 0.27, 0.31, 0.45, 1.12, 1.12, 1.11, 0.33, 0.32, 1.15, 1.13, 0.27, 0.33, 0.35, 0.54, 1.14, 0.33, 0.34, 0.64, 1.25, 1.25, 1.24, 0.26, 1.28, 0.27, 1.26, 0.3, 1.3, 0.21, 0.35, 1.22, 0.25, 0.38, 0.35, 1.21, 0.29, 0.07, 0.06, 0.07, 1.31, 0.43, 0.32, 0.41, 1.21, 1.34, 0.2, 0.36, 0.12, 1.21, 0.24, 0.5, 0.16, 0.39, 0.53, 1.23, 0.33, 0.2, 0.42, 0.59, 1.24, 0.44, 0.53, 1.26, 0.27, 0.45, 0.31, 1.27, 1.26, 0.46, 0.18, 1.3, 1.29, 0.53, 0.47, 0.24, 1.31, 1.31, 0.46, 1.31, 0.15, 0.08, 1.31, 0.1, 0.1, 0.09, 0.06, 0.48, 0.06, 0.07, 0.11, 0.29, 0.18, 1.17, 0.35, 0.6, 1.34, 1.36, 1.33, 0.12, 0.09, 0.35, 0.55, 1.38, 0.46, 0.1, 0.13, 0.4, 0.56, 0.45, 0.53, 0.49, 1.35, 1.46, 1.4, 0.27, 0.13, 0.44, 0.63, 0.56, 1.37, 1.26, 1.31, 0.27, 0.66, 1.39, 1.47, 0.58, 0.42, 0.22, 0.45, 1.51, 1.4, 1.26, 1.32, 1.47, 1.42, 0.44, 0.63, 1.07, 0.48, 1.62, 1.28, 1.41, 1.5, 0.35, 1.48, 0.65, 0.5, 1.66, 0.31, 1.55, 1.53, 1.36, 0.66, 0.25, 0.52, 1.54, 0.32, 1.33, 1.38, 0.67, 0.67, 0.53, 0.58, 1.33, 1.54, 1.54, 1.51, 0.69, 0.09, 1.29, 0.68, 0.07, 0.11, 0.55, 0.69, 1.26, 0.13, 0.08, 0.71, 0.65, 1.55, 1.41, 0.44, 0.39, 0.69, 1.37, 1.55, 1.52, 1.48, 0.16, 0.73, 0.7, 0.19, 1.43, 0.15, 0.46, 0.75, 1.5, 1.47, 0.75, 0.68, 0.25, 1.49, 1.42, 0.54, 0.64, 0.73, 1.54, 1.54, 0.73, 1.53, 1.35, 1.45, 0.77, 0.72, 0.61, 0.22, 0.41, 0.66, 1.36, 0.69, 1.64, 1.6, 0.33, 0.8, 0.79, 0.47, 0.24, 1.96, 1.55, 0.83, 1.55, 0.83, 0.76, 0.74, 1.51, 0.35, 1.33, 0.65, 0.5, 1.68, 1.67, 1.38, 0.9, 1.44, 0.91, 0.77, 1.36, 0.4, 0.53, 1.7, 1.45, 0.93, 0.93, 0.83, 0.43, 0.25, 0.56, 0.89, 1.53, 0.08, 1.32, 1.39, 0.07, 0.68, 0.13, 0.18, 0.09, 0.18, 0.14, 0.11, 0.13, 0.09, 0.14, 0.6, 1.02, 1.78, 1.58, 1.48, 0.97, 0.15, 0.13, 0.37, 0.62, 0.41, 1.52, 0.16, 0.72, 2.23, 0.12, 0.38, 1.66, 0.7, 0.38, 0.28, 1.45, 0.71, 0.64, 0.64, 1.26, 0.41, 0.37, 1.3, 1.69, 1.52, 1.43, 0.54, 0.69, 1.75, 0.76, 0.4, 0.59, 0.65, 0.27, 0.43, 1.62, 0.29, 0.55, 1.78, 1.72, 1.59, 0.83, 0.55, 1.81, 1.73, 1.67, 0.59, 1.43, 0.41, 1.85, 1.74, 1.49, 0.72, 0.85, 0.69, 0.26, 0.49, 1.88, 1.76, 1.77, 1.67, 0.76, 0.9, 0.88, 0.52, 1.85, 0.1, 0.08, 0.81, 1.71, 1.7, 1.5, 0.12, 0.12, 0.72, 0.79, 1.06, 1.75, 0.17, 0.9, 1.72, 0.11, 0.47, 0.74, 0.4, 0.81, 0.44, 1.47, 0.28, 1.28, 1.75, 0.76, 0.82, 0.49, 1.51, 0.39, 1.3, 0.78, 1.03, 0.99, 0.5, 2.12, 0.56, 1.3, 1.81, 1.0, 0.58, 0.79, 2.23, 2.3, 0.93, 1.58, 0.73, 0.4, 0.85, 1.01, 0.8, 0.29, 2.21, 1.56, 0.43, 1.06, 1.03, 0.87, 0.4, 0.66, 1.71, 0.99, 1.86, 1.73, 1.65, 0.87, 0.55, 0.49, 0.61, 1.96, 0.48, 1.01, 1.1, 1.09, 0.87, 2.19, 0.54, 0.11, 1.04, 0.13, 0.18, 0.12, 0.1, 1.1, 0.17, 0.69, 0.18, 0.22, 0.09, 0.14, 0.08, 0.1, 0.09, 0.12, 0.16, 0.64, 0.3, 1.88, 0.42, 0.13, 0.64, 1.06, 0.1, 0.16, 1.85, 1.82, 1.74, 0.9, 2.02, 2.19, 0.48, 0.15, 0.96, 1.07, 0.92, 0.88, 0.79, 1.88, 0.94, 0.76, 0.17, 1.77, 0.57, 0.62, 1.05, 1.93, 0.78, 1.7, 0.95, 1.85, 0.51, 2.41, 0.48, 1.1, 0.72, 0.96, 0.93, 1.8, 0.28, 1.89, 0.54, 2.09, 2.49, 0.49, 2.3, 2.74, 1.22, 0.32, 0.99, 0.82, 1.74, 1.27, 2.39, 0.66, 0.55, 2.97, 1.28, 1.0, 0.83, 1.96, 0.62, 0.59, 2.15, 0.37, 1.37, 2.86, 0.92, 1.13, 1.06, 1.12, 0.64, 1.99, 0.84, 2.44, 1.81, 3.03, 0.57, 1.14, 1.98, 0.1, 0.66, 0.16, 0.55, 0.85, 1.06, 1.99, 1.88, 3.11, 0.17, 0.1, 1.5, 0.11, 0.16, 0.16, 1.15, 2.01, 2.01, 1.11, 0.77, 2.15, 1.15, 0.19, 0.97, 0.99, 1.54, 0.15, 1.17, 1.94, 1.92, 0.98, 2.05, 0.2, 0.97, 0.79, 0.92, 2.42, 0.37, 2.04, 2.05, 2.03, 1.35, 1.93, 0.22, 2.46, 0.96, 0.59, 0.47, 2.07, 2.08, 2.07, 1.85, 1.36, 0.22, 1.11, 2.51, 0.23, 0.7, 0.54, 2.1, 2.11, 2.1, 1.12, 1.0, 1.8, 0.66, 0.77, 1.94, 2.42, 0.31, 1.15, 1.13, 1.13, 0.72, 1.81, 1.08, 1.95, 2.14]

ILAO*:
Tiempo requerido: 6.185
Iteraciones requeridas: 917
Nodos expandidos: 917

RLAO*:
Tiempo requerido: 2.367
Iteraciones requeridas: 69
Nodos expandidos: 3031

BLAO*:
Tiempo requerido: 2.137
Iteraciones requeridas: 60
Nodos expandidos: 2622

VI:
Tiempo requerido: 4.727
Iteraciones requeridas: 91

Problema 7
-------------------------------------------------------
LAO*:
Tiempo requerido: 79.886
Iteraciones requeridas: 674
Nodos expandidos: 674
Porcentajes del conjunto Z: [0.01, 0.02, 0.02, 0.03, 0.05, 0.02, 0.02, 0.03, 0.05, 0.04, 0.06, 0.05, 0.06, 0.03, 0.05, 0.04, 0.05, 0.06, 0.05, 0.05, 0.07, 0.08, 0.1, 0.04, 0.08, 0.08, 0.1, 0.11, 0.11, 0.12, 0.13, 0.13, 0.13, 0.14, 0.15, 0.16, 0.15, 0.14, 0.17, 0.19, 0.19, 0.15, 0.2, 0.23, 0.2, 0.21, 0.16, 0.16, 0.26, 0.24, 0.04, 0.24, 0.06, 0.18, 0.08, 0.04, 0.17, 0.05, 0.07, 0.08, 0.07, 0.06, 0.31, 0.28, 0.08, 0.27, 0.08, 0.18, 0.06, 0.37, 0.19, 0.19, 0.11, 0.33, 0.2, 0.2, 0.13, 0.38, 0.13, 0.43, 0.23, 0.23, 0.14, 0.15, 0.25, 0.25, 0.24, 0.15, 0.15, 0.15, 0.26, 0.16, 0.17, 0.16, 0.27, 0.28, 0.25, 0.14, 0.14, 0.3, 0.26, 0.26, 0.3, 0.33, 0.2, 0.19, 0.16, 0.17, 0.17, 0.29, 0.28, 0.28, 0.31, 0.24, 0.27, 0.19, 0.32, 0.3, 0.49, 0.31, 0.3, 0.28, 0.29, 0.17, 0.25, 0.19, 0.34, 0.32, 0.29, 0.31, 0.07, 0.2, 0.19, 0.36, 0.48, 0.38, 0.35, 0.35, 0.31, 0.08, 0.33, 0.21, 0.21, 0.41, 0.43, 0.37, 0.74, 0.09, 0.42, 0.46, 0.12, 0.37, 0.61, 0.54, 0.54, 0.15, 0.14, 0.48, 0.46, 0.46, 0.12, 0.53, 0.44, 0.64, 0.65, 0.57, 0.56, 0.49, 0.45, 0.67, 0.7, 0.69, 0.13, 0.5, 0.41, 0.16, 0.73, 0.7, 0.21, 0.84, 0.19, 0.25, 0.18, 0.51, 0.51, 0.51, 0.74, 0.75, 0.19, 0.17, 0.54, 0.53, 0.52, 0.76, 0.78, 0.2, 0.18, 0.49, 0.57, 0.55, 0.53, 0.21, 0.44, 0.6, 0.54, 0.51, 0.2, 0.08, 0.22, 0.07, 0.47, 0.05, 0.09, 0.06, 0.08, 0.15, 0.05, 0.1, 0.11, 0.11, 0.1, 0.08, 0.62, 0.63, 0.56, 0.09, 0.53, 0.55, 0.17, 0.09, 0.24, 0.15, 0.63, 0.66, 0.65, 0.57, 0.14, 0.48, 0.58, 0.12, 0.39, 0.67, 0.65, 0.67, 0.57, 0.57, 0.2, 0.7, 0.7, 0.58, 0.49, 0.19, 0.56, 0.23, 0.74, 0.74, 0.67, 0.59, 0.22, 0.75, 0.26, 1.08, 0.47, 0.7, 0.7, 0.21, 0.57, 0.48, 0.71, 0.72, 0.72, 0.35, 0.81, 0.68, 1.23, 0.45, 0.73, 0.41, 0.9, 1.28, 0.59, 0.47, 0.73, 0.25, 0.6, 0.91, 1.29, 0.56, 0.74, 0.28, 1.38, 0.63, 0.99, 0.29, 0.56, 0.3, 0.68, 0.12, 0.3, 0.66, 0.43, 0.7, 0.72, 0.77, 0.44, 0.31, 0.7, 0.82, 0.8, 0.71, 0.45, 0.24, 0.32, 0.32, 0.88, 0.57, 0.84, 0.54, 0.34, 0.33, 0.31, 0.2, 0.84, 0.6, 0.89, 0.57, 0.37, 0.37, 0.63, 0.84, 0.92, 0.6, 0.44, 0.24, 0.94, 0.64, 0.61, 1.12, 0.51, 0.95, 0.67, 0.08, 1.16, 0.13, 0.06, 0.1, 0.59, 0.12, 0.15, 0.06, 0.1, 0.1, 0.21, 0.13, 0.28, 0.06, 0.19, 0.13, 0.1, 0.68, 0.11, 1.25, 0.16, 0.6, 0.13, 0.32, 0.69, 0.65, 1.21, 0.68, 0.69, 0.2, 0.14, 0.34, 0.56, 0.69, 0.21, 0.66, 1.3, 1.27, 0.15, 0.36, 0.79, 0.59, 1.26, 0.69, 1.31, 0.74, 0.23, 1.59, 0.9, 0.61, 0.72, 0.37, 1.26, 0.76, 0.31, 1.6, 0.93, 0.65, 0.73, 0.73, 0.39, 0.88, 0.81, 0.63, 0.96, 1.51, 0.78, 0.79, 0.74, 0.4, 0.4, 0.95, 0.95, 0.68, 0.81, 0.41, 0.75, 0.41, 0.31, 0.99, 0.95, 0.94, 0.69, 0.99, 0.83, 0.76, 0.42, 0.27, 0.41, 0.68, 0.98, 0.29, 0.69, 0.95, 0.83, 0.83, 0.31, 1.02, 0.12, 0.77, 0.73, 0.94, 0.7, 0.88, 0.88, 0.35, 0.87, 0.34, 0.97, 0.75, 1.06, 0.1, 0.87, 1.02, 0.9, 0.88, 0.8, 1.31, 0.94, 0.92, 0.89, 1.03, 0.15, 0.73, 0.77, 1.28, 0.15, 1.36, 0.97, 0.24, 0.93, 1.04, 0.46, 0.9, 0.61, 0.75, 0.34, 0.3, 0.6, 1.41, 1.0, 0.92, 0.37, 0.62, 1.17, 0.92, 0.77, 0.39, 1.18, 0.94, 0.7, 0.39, 0.92, 0.46, 1.19, 1.2, 0.94, 0.41, 0.77, 0.81, 0.94, 0.55, 0.25, 0.25, 0.82, 0.98, 0.79, 0.27, 0.43, 1.07, 0.64, 0.34, 0.97, 0.78, 0.9, 0.13, 0.45, 1.08, 0.17, 0.21, 0.73, 0.21, 0.13, 0.18, 0.25, 0.1, 0.17, 0.16, 0.22, 1.0, 0.4, 1.22, 0.97, 0.79, 0.12, 0.12, 1.09, 0.24, 0.21, 0.71, 0.71, 1.22, 0.7, 0.42, 0.14, 1.07, 0.31, 0.16, 0.92, 1.21, 0.47, 0.24, 0.72, 0.18, 1.15, 0.48, 0.75, 0.75, 0.23, 1.31, 1.19, 0.96, 0.49, 0.53, 0.28, 0.91, 0.78, 1.23, 0.97, 0.49, 0.66, 0.57, 0.97, 0.8, 0.41, 1.26, 0.95, 0.69, 0.5, 0.6, 0.98, 0.98, 0.81, 1.23, 0.53, 0.72, 1.0, 0.99, 0.27, 0.86, 0.82, 0.97, 0.62, 0.61, 1.16, 0.75, 1.02, 0.33, 1.0, 1.0, 0.9, 0.65, 1.0, 0.7, 1.09, 0.98, 0.39, 1.63, 0.78, 1.25, 1.24, 0.9, 1.06, 1.03, 0.93, 1.02, 0.67, 1.71, 1.26, 1.09, 1.08, 0.13, 0.36, 1.05, 0.95, 0.68, 1.11, 0.21, 1.76, 1.36, 1.28, 0.75, 1.16, 1.3, 1.09, 1.06, 0.19, 0.69, 1.13, 1.31, 1.14, 0.79, 1.09, 0.94, 1.35, 0.75, 0.78, 1.07, 0.23, 0.7, 0.47, 1.84, 1.18, 1.36, 1.33, 1.11, 1.69, 0.47, 1.27, 1.0, 0.21, 1.1, 0.52, 1.71, 0.39, 1.95, 1.39, 0.57, 1.25, 0.69, 1.74, 1.98]

ILAO*:
Tiempo requerido: 7.65
Iteraciones requeridas: 740
Nodos expandidos: 740

RLAO*:
Tiempo requerido: 2.044
Iteraciones requeridas: 66
Nodos expandidos: 2903

BLAO*:
Tiempo requerido: 1.737
Iteraciones requeridas: 56
Nodos expandidos: 2208

VI:
Tiempo requerido: 4.665
Iteraciones requeridas: 91

Problema 8
-------------------------------------------------------
LAO*:
Tiempo requerido: 82.591
Iteraciones requeridas: 569
Nodos expandidos: 569
Porcentajes del conjunto Z: [0.01, 0.02, 0.02, 0.03, 0.03, 0.06, 0.05, 0.05, 0.06, 0.07, 0.07, 0.09, 0.1, 0.11, 0.02, 0.02, 0.04, 0.04, 0.04, 0.07, 0.09, 0.07, 0.1, 0.09, 0.18, 0.11, 0.16, 0.12, 0.18, 0.16, 0.2, 0.18, 0.21, 0.19, 0.31, 0.25, 0.2, 0.03, 0.03, 0.23, 0.21, 0.06, 0.16, 0.22, 0.08, 0.29, 0.23, 0.08, 0.42, 0.25, 0.3, 0.45, 0.26, 0.31, 0.12, 0.48, 0.27, 0.21, 0.14, 0.5, 0.15, 0.28, 0.15, 0.53, 0.16, 0.29, 0.44, 0.25, 0.17, 0.03, 0.3, 0.03, 0.04, 0.05, 0.05, 0.04, 0.28, 0.04, 0.19, 0.62, 0.07, 0.29, 0.36, 0.62, 0.3, 0.09, 0.35, 0.32, 0.1, 0.36, 0.34, 0.27, 0.35, 0.1, 0.33, 0.28, 0.37, 0.37, 0.11, 0.35, 0.29, 0.41, 0.4, 0.13, 0.41, 0.43, 0.16, 0.31, 0.42, 0.14, 0.17, 0.33, 0.26, 0.04, 0.06, 0.04, 0.48, 0.18, 0.08, 0.29, 0.33, 0.57, 0.21, 0.09, 0.13, 0.35, 0.52, 0.29, 0.22, 0.15, 0.28, 0.37, 0.65, 0.24, 0.38, 0.39, 0.68, 0.33, 0.12, 0.41, 0.12, 0.4, 0.15, 0.35, 0.48, 0.15, 0.17, 0.46, 0.54, 0.2, 0.47, 0.24, 0.66, 0.04, 0.05, 0.04, 0.07, 0.05, 0.07, 0.1, 0.07, 0.35, 0.26, 0.48, 0.66, 0.27, 0.1, 0.07, 0.3, 0.49, 0.7, 0.29, 0.33, 0.13, 0.4, 0.74, 0.33, 0.13, 0.2, 0.47, 0.82, 0.18, 0.5, 0.85, 0.19, 0.53, 0.25, 0.89, 0.14, 0.56, 0.87, 0.29, 0.58, 0.32, 0.94, 0.27, 0.59, 0.67, 0.29, 0.42, 0.65, 0.6, 0.3, 0.36, 0.31, 0.58, 0.57, 0.68, 0.61, 0.08, 0.06, 0.35, 0.37, 0.43, 0.36, 0.72, 0.63, 0.1, 0.39, 0.09, 0.64, 0.75, 0.19, 0.14, 0.72, 0.73, 0.39, 0.73, 0.2, 0.23, 0.33, 0.83, 0.25, 0.5, 0.74, 0.28, 0.53, 0.73, 0.81, 0.14, 0.55, 0.77, 0.42, 0.91, 0.43, 0.4, 0.36, 0.17, 0.74, 0.44, 0.55, 0.32, 0.29, 0.79, 0.77, 0.05, 0.45, 0.1, 0.08, 0.05, 0.07, 0.05, 0.11, 0.06, 0.08, 0.12, 0.09, 0.09, 0.4, 0.32, 0.36, 0.09, 0.85, 0.79, 0.49, 0.08, 0.44, 0.33, 0.61, 0.43, 0.14, 1.0, 0.1, 0.5, 0.61, 0.18, 0.17, 0.45, 0.55, 0.99, 1.01, 0.84, 0.51, 0.79, 0.95, 0.89, 0.44, 0.27, 0.25, 0.54, 0.65, 0.84, 0.67, 0.36, 0.82, 1.02, 0.26, 0.3, 0.66, 0.56, 0.89, 0.74, 0.52, 0.75, 0.64, 0.57, 0.67, 0.33, 0.57, 0.98, 0.78, 0.76, 1.13, 0.65, 0.56, 0.86, 0.33, 1.07, 0.58, 0.92, 0.88, 0.57, 1.08, 0.71, 0.8, 0.38, 1.08, 0.28, 0.59, 0.46, 0.58, 1.13, 1.56, 0.44, 0.54, 0.9, 0.3, 1.44, 0.81, 1.09, 0.88, 1.09, 0.49, 1.32, 1.12, 0.49, 0.68, 1.11, 0.1, 0.39, 0.09, 0.46, 1.66, 1.07, 0.72, 0.58, 0.37, 0.53, 0.14, 1.13, 0.51, 0.1, 1.24, 1.38, 0.49, 0.23, 0.17, 0.48, 0.72, 1.12, 1.52, 0.48, 0.51, 0.74, 0.25, 1.13, 1.52, 0.48, 0.56, 0.64, 0.29, 1.7, 0.69, 0.28, 0.69, 0.47, 1.04, 0.65, 0.48, 1.58, 0.64, 0.69, 0.4, 1.06, 1.55, 0.61, 0.73, 0.64, 1.01, 0.68, 0.19, 0.67, 0.69, 0.52, 1.1, 0.59, 0.25, 0.91, 0.72, 0.08, 0.06, 0.13, 0.11, 0.14, 0.5, 1.12, 0.12, 0.16, 0.1, 0.12, 0.13, 0.1, 0.09, 0.73, 0.42, 0.46, 0.73, 0.19, 1.13, 0.1, 0.73, 1.52, 0.99, 0.71, 0.2, 0.56, 0.83, 0.83, 0.83, 1.78, 0.74, 0.58, 0.85, 0.86, 0.85, 0.84, 1.18, 0.24, 0.31, 0.59, 0.73, 1.91, 0.61, 0.92, 0.87, 0.27, 0.85, 1.11, 1.29, 1.05, 0.62, 0.78, 1.12, 1.32, 0.33, 1.23, 0.95, 0.89, 0.89, 0.86, 0.62, 0.36, 1.71, 1.33, 2.03, 0.83, 1.13, 0.92, 0.91, 1.93, 0.78, 1.27, 2.08, 1.07, 0.94, 0.52, 0.61, 1.96, 1.28, 1.93, 0.98, 1.07, 0.68, 0.47, 0.53, 0.75, 1.03, 1.0, 0.28, 1.89, 0.78, 0.93, 0.87, 1.05, 1.01, 0.66, 0.58, 0.66, 0.81, 0.36, 1.03, 2.23, 0.58, 1.84, 0.93, 0.54, 1.0, 0.45, 0.1, 1.0, 1.29, 0.13, 0.81, 0.78, 1.82, 1.22, 1.93, 0.42, 0.58, 1.09, 0.16, 0.14, 0.57, 1.07, 0.86, 2.46, 0.49, 1.57, 0.6, 1.1, 0.24, 0.84, 1.61, 0.77, 1.09, 0.84, 1.39, 0.31, 0.32, 0.62, 1.09, 1.96, 1.41, 0.55, 0.63, 0.93, 0.33, 0.67, 2.17]

ILAO*:
Tiempo requerido: 3.857
Iteraciones requeridas: 638
Nodos expandidos: 638

RLAO*:
Tiempo requerido: 1.717
Iteraciones requeridas: 63
Nodos expandidos: 2708

BLAO*:
Tiempo requerido: 1.761
Iteraciones requeridas: 53
Nodos expandidos: 2236

VI:
Tiempo requerido: 4.656
Iteraciones requeridas: 91

Problema 9
-------------------------------------------------------
LAO*:
Tiempo requerido: 78.65
Iteraciones requeridas: 591
Nodos expandidos: 591
Porcentajes del conjunto Z: [0.01, 0.02, 0.02, 0.02, 0.04, 0.04, 0.05, 0.06, 0.07, 0.08, 0.08, 0.1, 0.11, 0.02, 0.02, 0.02, 0.04, 0.06, 0.05, 0.08, 0.09, 0.09, 0.08, 0.18, 0.11, 0.13, 0.14, 0.15, 0.16, 0.16, 0.16, 0.16, 0.03, 0.19, 0.19, 0.17, 0.06, 0.07, 0.21, 0.09, 0.22, 0.11, 0.22, 0.07, 0.24, 0.23, 0.14, 0.1, 0.26, 0.14, 0.13, 0.18, 0.18, 0.19, 0.2, 0.2, 0.22, 0.21, 0.24, 0.22, 0.03, 0.04, 0.04, 0.05, 0.06, 0.39, 0.26, 0.08, 0.06, 0.13, 0.09, 0.25, 0.28, 0.16, 0.08, 0.27, 0.14, 0.19, 0.24, 0.26, 0.28, 0.27, 0.25, 0.29, 0.06, 0.04, 0.05, 0.49, 0.28, 0.5, 0.11, 0.36, 0.15, 0.37, 0.12, 0.63, 0.2, 0.17, 0.44, 0.25, 0.2, 0.25, 0.27, 0.26, 0.04, 0.07, 0.05, 0.06, 0.07, 0.08, 0.08, 0.25, 0.29, 0.12, 0.08, 0.29, 0.3, 0.17, 0.12, 0.41, 0.14, 0.19, 0.44, 0.31, 0.21, 0.26, 0.27, 0.5, 0.28, 0.31, 0.33, 0.37, 0.32, 0.34, 0.41, 0.33, 0.35, 0.35, 0.45, 0.37, 0.37, 0.25, 0.47, 0.39, 0.38, 0.28, 0.47, 0.09, 0.07, 0.06, 0.41, 0.47, 0.32, 0.12, 0.12, 0.33, 0.51, 0.18, 0.52, 0.24, 0.21, 0.31, 0.28, 0.51, 0.33, 0.35, 0.52, 0.39, 0.36, 0.53, 0.53, 0.45, 0.54, 0.54, 0.84, 0.08, 0.07, 0.55, 0.53, 0.07, 0.08, 0.11, 0.28, 0.1, 0.05, 0.1, 0.1, 0.09, 0.89, 0.11, 0.35, 0.11, 0.6, 0.57, 0.51, 0.16, 0.34, 0.96, 0.37, 0.68, 0.63, 0.22, 0.19, 0.53, 0.37, 0.5, 0.19, 0.64, 0.64, 0.39, 0.57, 0.44, 0.43, 0.66, 0.64, 0.64, 0.34, 0.29, 0.4, 0.51, 0.69, 0.42, 0.42, 0.7, 0.52, 0.7, 0.43, 0.51, 0.72, 0.71, 0.55, 0.38, 0.44, 0.44, 0.74, 0.72, 0.54, 0.45, 0.44, 0.42, 0.51, 0.48, 0.44, 0.43, 0.75, 0.72, 0.58, 0.53, 0.38, 0.76, 0.72, 0.56, 0.49, 0.5, 0.47, 0.55, 0.08, 0.08, 0.72, 0.78, 0.73, 0.65, 0.53, 0.52, 0.14, 0.59, 0.15, 0.35, 0.78, 0.8, 0.74, 0.67, 0.22, 0.39, 0.79, 0.81, 0.69, 0.3, 0.56, 0.3, 0.87, 0.92, 0.89, 0.39, 0.57, 0.39, 0.94, 0.9, 0.87, 0.4, 0.79, 0.46, 0.58, 1.55, 0.89, 0.72, 0.63, 0.91, 0.52, 0.43, 0.59, 1.62, 0.43, 0.87, 0.39, 0.6, 1.16, 0.56, 0.4, 0.22, 0.92, 0.79, 0.61, 0.47, 0.92, 1.74, 0.54, 0.1, 0.1, 0.1, 0.06, 0.12, 0.14, 0.12, 0.11, 0.07, 0.11, 0.12, 0.13, 0.86, 0.1, 0.63, 0.14, 0.13, 0.34, 0.68, 0.39, 0.21, 0.24, 0.71, 0.43, 0.96, 0.35, 0.2, 0.73, 0.33, 0.9, 0.91, 0.48, 0.86, 0.36, 0.92, 0.48, 0.91, 0.5, 0.92, 0.96, 0.59, 0.96, 0.53, 0.98, 0.62, 0.97, 0.55, 0.3, 0.99, 0.72, 1.7, 0.42, 0.67, 1.03, 0.79, 0.09, 0.47, 0.43, 0.14, 0.1, 1.06, 1.06, 0.45, 1.08, 1.07, 0.8, 0.18, 0.63, 0.7, 0.42, 1.09, 0.96, 0.27, 1.1, 0.45, 1.1, 1.05, 0.45, 0.27, 0.36, 0.71, 0.61, 0.8, 1.12, 1.11, 1.16, 0.72, 1.11, 0.44, 1.01, 0.49, 1.18, 1.18, 0.73, 0.37, 1.13, 1.04, 1.15, 1.16, 0.31, 1.2, 0.52, 0.6, 1.02, 1.03, 0.48, 1.2, 1.21, 1.19, 1.06, 0.31, 0.56, 0.93, 1.21, 0.65, 1.09, 0.57, 1.37, 0.36, 0.62, 1.25, 1.22, 0.39, 1.33, 0.62, 0.13, 1.23, 0.97, 0.5, 0.67, 1.14, 0.17, 0.13, 0.07, 0.1, 0.14, 0.21, 0.12, 0.19, 0.11, 0.17, 0.11, 0.11, 0.12, 0.16, 1.36, 0.84, 0.71, 0.14, 1.17, 1.13, 0.16, 0.15, 1.23, 1.2, 1.15, 1.38, 0.19, 1.23, 0.78, 1.01, 1.39, 0.43, 0.21, 0.71, 0.72, 0.79, 1.17, 1.32, 1.3, 0.62, 0.41, 1.05, 0.4, 0.49, 1.06, 0.87, 1.02, 1.2, 0.48, 0.79, 0.5, 0.53, 1.5, 0.46, 0.93, 0.75, 1.1, 0.63, 0.56, 0.6, 0.48, 0.98, 1.22, 0.68, 1.22, 0.56, 0.68, 1.11, 0.79, 0.97, 1.22, 0.68, 0.63, 0.95, 1.14, 0.54, 1.23, 1.23, 0.72, 0.64, 0.57, 0.64, 1.24, 0.96, 0.95, 1.18, 0.15, 0.17, 0.72, 0.13, 0.12, 0.53, 1.26, 1.16, 0.19, 1.15, 1.17, 1.16, 1.15, 0.78, 0.14, 1.26, 0.53, 1.99, 1.35, 0.3, 1.21, 1.19, 0.66, 0.43, 1.27, 1.25, 1.16, 0.21, 0.67, 0.68, 0.67, 0.36, 1.2, 0.7, 0.48, 0.72, 1.44, 1.08, 1.28, 0.67, 1.2, 0.7, 0.42, 0.61, 0.45, 2.09, 1.48, 1.28, 1.28, 1.28, 1.16, 1.24, 0.5, 0.71, 0.54, 0.73, 1.32]

ILAO*:
Tiempo requerido: 3.271
Iteraciones requeridas: 699
Nodos expandidos: 699

RLAO*:
Tiempo requerido: 2.453
Iteraciones requeridas: 66
Nodos expandidos: 2937

BLAO*:
Tiempo requerido: 2.438
Iteraciones requeridas: 53
Nodos expandidos: 2113

VI:
Tiempo requerido: 4.745
Iteraciones requeridas: 91

Problema 10
-------------------------------------------------------
LAO*:
Tiempo requerido: 86.437
Iteraciones requeridas: 640
Nodos expandidos: 640
Porcentajes del conjunto Z: [0.01, 0.02, 0.02, 0.03, 0.04, 0.04, 0.06, 0.07, 0.08, 0.02, 0.02, 0.02, 0.04, 0.03, 0.05, 0.05, 0.07, 0.06, 0.12, 0.07, 0.15, 0.08, 0.09, 0.18, 0.09, 0.11, 0.21, 0.14, 0.15, 0.16, 0.16, 0.18, 0.18, 0.17, 0.2, 0.17, 0.04, 0.04, 0.22, 0.18, 0.18, 0.07, 0.06, 0.25, 0.2, 0.1, 0.09, 0.28, 0.11, 0.29, 0.17, 0.27, 0.21, 0.14, 0.2, 0.16, 0.21, 0.18, 0.2, 0.2, 0.03, 0.04, 0.04, 0.22, 0.03, 0.06, 0.06, 0.07, 0.24, 0.09, 0.25, 0.08, 0.28, 0.27, 0.13, 0.12, 0.31, 0.27, 0.16, 0.33, 0.28, 0.18, 0.28, 0.11, 0.32, 0.3, 0.19, 0.14, 0.37, 0.31, 0.32, 0.18, 0.38, 0.32, 0.34, 0.21, 0.52, 0.36, 0.24, 0.33, 0.33, 0.55, 0.21, 0.33, 0.35, 0.32, 0.56, 0.34, 0.34, 0.06, 0.59, 0.4, 0.36, 0.35, 0.25, 0.11, 0.63, 0.45, 0.39, 0.37, 0.12, 0.16, 0.67, 0.41, 0.19, 0.11, 0.28, 0.38, 0.7, 0.43, 0.39, 0.21, 0.35, 0.74, 0.15, 0.23, 0.45, 0.4, 0.77, 0.24, 0.47, 0.2, 0.32, 0.41, 0.39, 0.8, 0.37, 0.34, 0.5, 0.17, 0.43, 0.39, 0.36, 0.44, 0.41, 0.57, 0.06, 0.04, 0.09, 0.25, 0.08, 0.46, 0.09, 0.06, 0.46, 0.48, 0.44, 0.47, 0.37, 0.12, 0.64, 0.56, 0.11, 0.39, 0.13, 0.54, 0.53, 0.4, 0.18, 0.53, 0.3, 0.43, 0.23, 0.32, 0.45, 0.26, 0.15, 0.63, 0.33, 0.47, 0.28, 0.21, 0.41, 0.78, 0.44, 0.2, 0.51, 0.38, 0.39, 0.47, 0.45, 0.42, 0.05, 0.47, 0.46, 0.48, 0.42, 0.29, 0.5, 0.66, 0.12, 0.55, 0.51, 0.4, 0.17, 0.14, 0.58, 0.52, 0.29, 0.72, 0.23, 0.16, 0.58, 0.43, 0.53, 0.73, 0.53, 0.46, 0.32, 0.19, 0.71, 0.49, 0.35, 0.55, 0.52, 0.8, 0.56, 0.57, 0.86, 0.27, 0.36, 0.59, 0.8, 0.58, 0.4, 0.29, 0.63, 0.88, 0.89, 0.1, 0.05, 0.09, 0.06, 0.1, 0.08, 0.13, 0.09, 0.44, 0.14, 0.46, 0.63, 0.3, 0.5, 0.22, 0.1, 0.47, 0.57, 0.13, 0.57, 0.51, 0.19, 0.62, 0.55, 0.55, 0.2, 0.32, 0.61, 0.56, 0.54, 0.54, 0.24, 0.35, 0.27, 0.55, 0.55, 0.58, 0.68, 0.28, 0.51, 0.38, 0.61, 0.3, 0.56, 0.56, 1.01, 0.97, 0.41, 0.62, 0.31, 0.39, 1.01, 0.57, 0.59, 0.49, 1.02, 0.49, 0.32, 0.4, 0.76, 0.58, 0.63, 0.55, 0.89, 0.45, 0.51, 0.54, 0.59, 0.99, 0.68, 0.11, 0.41, 0.07, 1.03, 0.61, 0.09, 0.58, 0.6, 0.69, 0.99, 0.19, 0.62, 0.47, 0.64, 0.61, 0.89, 0.67, 0.63, 0.65, 0.28, 0.15, 0.52, 0.48, 0.72, 0.5, 0.71, 1.44, 0.53, 1.1, 0.49, 0.3, 0.31, 0.74, 1.52, 0.59, 1.11, 0.35, 0.65, 0.23, 1.55, 0.4, 0.61, 0.58, 1.12, 0.33, 1.64, 0.41, 0.63, 0.64, 0.94, 0.41, 0.3, 1.72, 0.45, 0.6, 0.64, 0.7, 0.95, 0.32, 0.61, 0.65, 1.78, 0.74, 0.94, 0.34, 0.62, 0.79, 1.89, 0.12, 0.52, 0.43, 0.09, 0.06, 0.16, 1.05, 0.06, 0.11, 0.08, 0.15, 0.12, 0.12, 0.64, 1.49, 0.92, 0.52, 0.18, 1.0, 0.58, 0.18, 1.07, 0.97, 0.65, 0.69, 0.16, 0.17, 0.9, 0.9, 1.08, 0.34, 0.81, 0.69, 0.7, 0.69, 0.24, 0.91, 0.91, 0.82, 0.68, 0.28, 0.94, 0.87, 0.6, 0.4, 0.28, 0.88, 0.85, 1.32, 0.94, 0.49, 0.32, 0.86, 0.96, 0.62, 1.43, 0.57, 0.49, 0.59, 0.9, 0.56, 1.63, 0.36, 0.87, 0.77, 0.97, 0.64, 1.29, 0.54, 0.37, 0.56, 0.91, 1.25, 0.6, 0.12, 0.89, 0.93, 0.1, 0.38, 0.6, 1.0, 0.83, 0.89, 1.01, 0.64, 0.39, 0.63, 0.97, 0.88, 0.88, 1.0, 0.94, 0.33, 0.52, 0.8, 0.76, 0.18, 0.4, 1.17, 0.96, 0.89, 1.03, 0.8, 0.6, 0.35, 1.05, 0.82, 0.22, 0.51, 1.01, 0.95, 1.07, 0.36, 0.26, 1.06, 1.06, 0.52, 0.69, 0.34, 0.85, 0.96, 1.33, 1.04, 1.08, 1.08, 1.07, 0.86, 0.41, 0.52, 0.93, 0.93, 0.86, 1.04, 1.02, 1.16, 1.02, 0.41, 1.03, 0.9, 0.79, 0.53, 0.99, 0.98, 1.44, 1.09, 0.82, 1.36, 1.21, 0.52, 0.33, 0.58, 0.97, 0.97, 1.47, 1.09, 1.12, 1.1, 1.1, 0.38, 0.89, 0.59, 0.57, 0.91, 1.36, 0.83, 1.02, 1.47, 1.15, 1.14, 0.57, 1.25, 0.17, 0.52, 0.14, 0.4, 0.15, 0.16, 0.16, 0.17, 0.08, 0.93, 0.08, 0.08, 0.93, 0.14, 0.18, 0.14, 0.13, 0.14, 0.13, 1.18, 1.28, 1.16, 0.62, 1.15, 0.47, 1.14, 1.26, 0.95, 1.03, 1.53, 1.15, 1.11, 0.67, 1.24, 0.29, 1.17, 1.16, 1.01, 0.5, 1.27, 0.96, 0.47, 1.71, 0.16, 0.17, 0.17, 1.61, 1.18, 1.3, 1.52, 0.59, 1.1, 0.51, 0.37, 1.1, 2.12, 1.05, 1.72, 0.22, 1.66, 1.49, 1.11, 1.22, 0.53, 1.13, 2.06, 0.88, 0.39, 1.22, 0.28, 0.75, 1.58, 1.0, 1.21, 0.58, 2.14, 0.52, 1.2, 1.2, 0.42, 1.75, 1.25]

ILAO*:
Tiempo requerido: 3.744
Iteraciones requeridas: 734
Nodos expandidos: 734

RLAO*:
Tiempo requerido: 1.987
Iteraciones requeridas: 65
Nodos expandidos: 2870

BLAO*:
Tiempo requerido: 3.188
Iteraciones requeridas: 54
Nodos expandidos: 2241

VI:
Tiempo requerido: 4.641
Iteraciones requeridas: 91

Media tiempo LAO: 90.782
Media iteraciones LAO: 656.7
Media expansiones LAO: 656.7

Media tiempo RLAO: 2.269
Media iteraciones RLAO: 66.0
Media expansiones RLAO: 2923.6

Media tiempo ILAO: 5.372
Media iteraciones ILAO: 741.4
Media expansiones ILAO: 741.4

Media tiempo BLAO: 2.221
Media iteraciones BLAO: 54.7
Media expansiones BLAO: 2232.4

Media tiempo VI: 4.684
Media iteraciones VI: 91.0

-------------------------------------------------------
