Problema 1
-------------------------------------------------------
LAO*:
Tiempo requerido: 10.576
Iteraciones requeridas: 266
Nodos expandidos: 266
Porcentajes del conjunto Z: [0.03, 0.06, 0.08, 0.06, 0.06, 0.11, 0.11, 0.17, 0.19, 0.22, 0.22, 0.28, 0.31, 0.06, 0.08, 0.14, 0.22, 0.22, 0.28, 0.28, 0.39, 0.44, 0.08, 0.08, 0.22, 0.19, 0.25, 0.31, 0.36, 0.42, 0.44, 0.47, 0.08, 0.08, 0.47, 0.08, 0.14, 0.47, 0.11, 0.56, 0.14, 0.53, 0.11, 0.61, 0.31, 0.33, 0.42, 0.28, 0.44, 0.47, 0.47, 0.53, 0.56, 0.44, 0.44, 0.61, 0.5, 0.64, 0.11, 0.17, 0.17, 0.14, 0.56, 0.14, 0.64, 0.64, 0.31, 0.58, 1.11, 0.36, 0.69, 0.67, 0.61, 1.19, 0.39, 0.64, 0.75, 0.64, 0.69, 0.33, 1.42, 0.81, 0.5, 0.89, 0.72, 0.44, 0.75, 0.72, 0.44, 1.03, 0.97, 0.75, 0.72, 0.81, 0.75, 0.5, 0.53, 1.69, 1.06, 0.69, 0.78, 0.64, 1.06, 0.86, 0.61, 1.92, 1.19, 0.64, 0.89, 0.83, 2.03, 0.69, 0.89, 1.25, 0.86, 0.61, 2.17, 1.28, 0.11, 0.11, 0.11, 0.53, 0.94, 0.94, 0.11, 0.17, 0.14, 0.17, 0.14, 0.17, 0.64, 0.25, 2.33, 0.97, 1.67, 0.17, 0.75, 0.69, 0.94, 1.72, 0.47, 0.83, 0.72, 0.67, 2.03, 0.89, 0.47, 1.78, 0.72, 0.83, 0.36, 2.64, 0.78, 0.86, 0.42, 1.86, 2.19, 0.89, 0.5, 1.92, 0.83, 0.94, 0.92, 0.44, 1.83, 0.89, 1.17, 0.92, 2.03, 0.92, 1.25, 0.78, 1.03, 0.94, 0.81, 0.97, 1.28, 0.97, 1.0, 0.22, 0.75, 1.36, 0.25, 1.0, 1.08, 0.69, 0.25, 1.11, 0.17, 1.47, 2.25, 1.22, 0.36, 1.33, 1.25, 0.53, 0.72, 0.83, 0.75, 2.72, 0.42, 1.28, 0.61, 0.89, 2.83, 0.94, 0.61, 0.58, 0.94, 1.31, 0.92, 0.69, 0.97, 0.56, 2.61, 1.36, 0.97, 0.64, 2.78, 2.0, 1.39, 1.03, 2.78, 1.08, 1.44, 1.17, 2.83, 0.64, 1.44, 2.89, 0.83, 0.22, 0.22, 0.22, 0.28, 0.28, 0.22, 1.06, 0.17, 0.28, 0.28, 0.22, 1.19, 1.08, 1.19, 2.92, 2.92, 0.19, 1.19, 1.19, 2.94, 1.31, 2.94, 1.22, 0.53, 0.81, 1.56, 3.03, 0.89, 1.39, 1.25, 1.25, 1.5, 1.28, 3.06, 0.94]

ILAO*:
Tiempo requerido: 0.558
Iteraciones requeridas: 300
Nodos expandidos: 300

RLAO*:
Tiempo requerido: 0.354
Iteraciones requeridas: 40
Nodos expandidos: 1062

BLAO*:
Tiempo requerido: 0.35
Iteraciones requeridas: 33
Nodos expandidos: 805

VI:
Tiempo requerido: 1.227
Iteraciones requeridas: 76

Problema 2
-------------------------------------------------------
LAO*:
Tiempo requerido: 6.71
Iteraciones requeridas: 194
Nodos expandidos: 194
Porcentajes del conjunto Z: [0.03, 0.06, 0.08, 0.11, 0.14, 0.17, 0.06, 0.08, 0.14, 0.17, 0.25, 0.25, 0.31, 0.33, 0.36, 0.36, 0.42, 0.39, 0.47, 0.42, 0.06, 0.06, 0.08, 0.08, 0.5, 0.5, 0.19, 0.42, 0.42, 0.44, 0.44, 0.17, 0.5, 0.22, 0.25, 0.28, 0.31, 0.42, 0.36, 0.5, 0.42, 0.11, 0.5, 0.14, 0.53, 0.22, 0.58, 0.58, 0.22, 0.64, 0.14, 0.67, 0.28, 0.53, 0.33, 0.72, 0.25, 0.61, 0.75, 0.64, 0.81, 0.78, 0.39, 0.33, 0.83, 0.81, 0.44, 0.44, 0.92, 0.92, 0.86, 0.53, 1.0, 0.97, 0.89, 0.08, 0.08, 0.14, 0.61, 0.14, 0.14, 0.61, 0.11, 1.14, 1.17, 1.08, 0.25, 0.14, 0.69, 1.0, 0.33, 0.17, 1.0, 0.69, 0.75, 1.0, 1.03, 0.36, 1.03, 1.0, 0.86, 1.11, 1.08, 1.03, 0.92, 0.78, 1.19, 1.17, 1.06, 0.97, 0.83, 1.19, 1.08, 0.97, 0.36, 1.25, 1.25, 1.11, 1.0, 0.86, 0.47, 1.31, 1.31, 0.89, 1.03, 0.17, 1.06, 0.14, 0.17, 0.53, 0.92, 1.69, 0.31, 0.47, 0.89, 0.69, 0.97, 1.78, 0.39, 1.42, 0.25, 0.67, 1.17, 1.28, 0.75, 0.72, 1.47, 0.89, 0.42, 0.25, 2.14, 1.17, 1.5, 0.78, 1.0, 2.28, 1.22, 1.53, 0.89, 0.36, 1.11, 0.33, 0.33, 2.39, 0.92, 0.36, 0.47, 1.56, 2.53, 1.25, 0.58, 1.11, 1.14, 2.75, 0.69, 1.36, 0.14, 0.17, 0.14, 0.11, 0.25, 0.19, 0.25, 0.17, 0.56, 2.78, 0.78, 0.22, 1.39, 0.36, 2.78, 0.92, 0.5, 2.03]

ILAO*:
Tiempo requerido: 0.421
Iteraciones requeridas: 221
Nodos expandidos: 221

RLAO*:
Tiempo requerido: 0.304
Iteraciones requeridas: 38
Nodos expandidos: 956

BLAO*:
Tiempo requerido: 0.218
Iteraciones requeridas: 25
Nodos expandidos: 518

VI:
Tiempo requerido: 1.471
Iteraciones requeridas: 91

Problema 3
-------------------------------------------------------
LAO*:
Tiempo requerido: 6.309
Iteraciones requeridas: 196
Nodos expandidos: 196
Porcentajes del conjunto Z: [0.03, 0.06, 0.08, 0.11, 0.06, 0.08, 0.14, 0.14, 0.17, 0.17, 0.25, 0.19, 0.19, 0.33, 0.28, 0.28, 0.31, 0.31, 0.33, 0.33, 0.39, 0.06, 0.06, 0.08, 0.06, 0.42, 0.14, 0.14, 0.44, 0.22, 0.19, 0.17, 0.17, 0.25, 0.33, 0.31, 0.39, 0.39, 0.08, 0.11, 0.47, 0.47, 0.19, 0.22, 0.28, 0.31, 0.36, 0.39, 0.44, 0.36, 0.36, 0.44, 0.44, 0.5, 0.11, 0.14, 0.08, 0.47, 0.08, 0.14, 0.08, 0.19, 0.5, 0.19, 0.22, 0.5, 0.44, 0.83, 0.28, 0.31, 0.53, 0.47, 0.33, 0.89, 0.69, 0.53, 0.47, 0.36, 0.72, 0.56, 0.56, 0.53, 0.53, 0.67, 0.56, 0.75, 0.75, 1.19, 0.61, 0.5, 0.56, 0.83, 0.81, 0.78, 0.56, 1.36, 0.67, 0.53, 1.03, 0.61, 0.86, 0.81, 0.58, 0.56, 1.11, 0.92, 0.83, 0.42, 1.11, 0.67, 0.58, 1.22, 0.89, 0.5, 1.78, 0.72, 1.39, 1.28, 0.17, 1.03, 0.11, 0.58, 1.28, 0.28, 0.19, 0.69, 1.06, 0.75, 0.42, 0.36, 1.36, 1.39, 1.39, 0.72, 0.72, 1.47, 1.44, 1.42, 0.47, 0.42, 0.78, 0.81, 1.56, 1.44, 0.58, 0.56, 0.86, 0.61, 1.72, 1.58, 0.64, 0.94, 0.64, 0.69, 1.78, 1.61, 1.61, 1.03, 1.86, 1.67, 1.64, 1.0, 0.89, 1.94, 1.72, 0.61, 1.67, 0.83, 2.0, 1.75, 1.67, 0.17, 0.17, 0.14, 0.17, 0.19, 0.58, 0.11, 1.0, 0.19, 0.25, 0.14, 0.64, 0.22, 1.69, 0.58, 0.36, 0.39, 1.72, 1.72, 1.06, 0.42, 0.5, 0.75, 1.53, 1.78]

ILAO*:
Tiempo requerido: 0.405
Iteraciones requeridas: 228
Nodos expandidos: 228

RLAO*:
Tiempo requerido: 0.349
Iteraciones requeridas: 38
Nodos expandidos: 983

BLAO*:
Tiempo requerido: 0.274
Iteraciones requeridas: 28
Nodos expandidos: 643

VI:
Tiempo requerido: 1.379
Iteraciones requeridas: 77

Problema 4
-------------------------------------------------------
LAO*:
Tiempo requerido: 15.565
Iteraciones requeridas: 323
Nodos expandidos: 323
Porcentajes del conjunto Z: [0.03, 0.06, 0.06, 0.08, 0.08, 0.17, 0.14, 0.14, 0.17, 0.19, 0.19, 0.25, 0.22, 0.31, 0.25, 0.36, 0.28, 0.42, 0.44, 0.06, 0.06, 0.06, 0.11, 0.5, 0.11, 0.53, 0.19, 0.56, 0.25, 0.19, 0.25, 0.28, 0.47, 0.31, 0.58, 0.64, 0.31, 0.72, 0.36, 0.81, 0.39, 0.81, 0.08, 0.39, 0.08, 0.67, 0.14, 0.17, 0.61, 0.42, 0.47, 0.69, 0.19, 0.25, 0.44, 0.5, 0.78, 0.33, 0.33, 0.86, 0.83, 0.39, 0.83, 0.42, 0.33, 0.67, 0.86, 0.42, 0.86, 0.39, 0.92, 0.89, 0.47, 0.53, 0.94, 0.53, 0.97, 0.86, 0.08, 0.08, 0.14, 0.61, 0.11, 0.17, 0.17, 1.0, 0.22, 0.17, 1.08, 0.31, 0.53, 0.39, 0.36, 0.53, 1.08, 0.47, 0.5, 0.94, 1.19, 0.56, 1.22, 0.39, 1.64, 0.97, 1.03, 0.5, 1.75, 1.0, 0.64, 0.61, 1.17, 0.64, 1.03, 0.67, 1.19, 1.03, 1.08, 1.0, 0.67, 1.25, 1.11, 1.17, 0.19, 1.03, 0.44, 0.83, 1.31, 0.25, 1.14, 0.86, 0.36, 0.5, 0.89, 1.42, 1.33, 0.5, 1.44, 1.61, 0.31, 0.56, 0.89, 1.5, 1.31, 0.47, 0.39, 0.92, 1.39, 0.58, 0.97, 0.64, 1.03, 0.72, 0.61, 0.22, 0.14, 0.17, 0.14, 1.08, 0.22, 0.25, 0.75, 0.94, 0.31, 1.17, 0.25, 0.83, 0.39, 1.14, 1.22, 0.94, 0.92, 0.44, 1.25, 0.58, 1.06, 0.72, 1.28, 1.42, 1.44, 1.03, 0.53, 0.81, 1.47, 1.47, 1.06, 0.69, 0.83, 2.06, 0.86, 0.97, 1.56, 1.08, 1.33, 1.0, 1.58, 1.44, 1.28, 1.11, 1.56, 1.56, 1.28, 0.72, 1.61, 1.58, 1.17, 0.89, 1.69, 1.64, 0.28, 0.86, 2.97, 0.42, 2.03, 0.97, 0.39, 1.83, 0.56, 2.06, 1.58, 0.69, 0.61, 1.31, 2.31, 1.11, 2.22, 1.14, 1.33, 2.25, 1.14, 0.72, 0.56, 1.53, 2.31, 0.86, 1.19, 2.33, 2.25, 0.97, 0.97, 2.36, 1.64, 1.14, 0.28, 1.19, 0.22, 0.44, 0.25, 2.42, 2.42, 1.72, 0.28, 0.31, 2.53, 1.28, 0.28, 2.53, 0.39, 1.83, 0.31, 0.31, 1.89, 1.83, 0.53, 0.5, 2.03, 1.86, 1.11, 0.75, 0.69, 1.14, 1.67, 0.75, 2.42, 1.92, 1.17, 0.86, 0.75, 1.47, 2.22, 0.75, 1.17, 0.92, 1.67, 2.31, 1.25, 2.33, 1.33, 1.64, 2.36, 2.36, 2.39, 0.97, 2.39, 2.39, 2.36, 2.39, 2.39, 1.69, 0.97, 4.42, 1.72, 2.56, 2.44, 1.75, 0.17, 2.61, 1.44, 0.39, 2.61, 1.89, 0.25, 0.69, 1.5, 2.67, 2.0, 0.83, 1.08, 0.64, 2.69, 2.17, 1.86, 0.72, 2.72]

ILAO*:
Tiempo requerido: 0.963
Iteraciones requeridas: 348
Nodos expandidos: 348

RLAO*:
Tiempo requerido: 0.655
Iteraciones requeridas: 43
Nodos expandidos: 1212

BLAO*:
Tiempo requerido: 0.434
Iteraciones requeridas: 30
Nodos expandidos: 730

VI:
Tiempo requerido: 1.614
Iteraciones requeridas: 91

Problema 5
-------------------------------------------------------
LAO*:
Tiempo requerido: 10.076
Iteraciones requeridas: 241
Nodos expandidos: 241
Porcentajes del conjunto Z: [0.03, 0.06, 0.06, 0.06, 0.06, 0.06, 0.08, 0.06, 0.17, 0.14, 0.17, 0.19, 0.22, 0.25, 0.28, 0.31, 0.11, 0.11, 0.19, 0.19, 0.22, 0.39, 0.25, 0.47, 0.28, 0.28, 0.58, 0.64, 0.31, 0.69, 0.39, 0.08, 0.11, 0.11, 0.08, 0.14, 0.25, 0.22, 0.31, 0.31, 0.36, 0.25, 0.42, 0.28, 0.36, 0.31, 0.44, 0.78, 0.33, 0.56, 0.36, 0.61, 0.39, 0.67, 0.14, 0.69, 0.28, 0.28, 0.69, 0.36, 0.33, 0.72, 0.75, 0.75, 0.81, 0.78, 0.86, 0.81, 0.31, 0.92, 0.67, 0.94, 0.53, 0.97, 0.39, 0.53, 1.0, 0.19, 0.78, 0.11, 0.11, 0.19, 0.44, 0.17, 0.19, 0.25, 1.0, 1.25, 0.89, 0.22, 0.86, 0.28, 0.47, 0.75, 1.06, 0.81, 0.42, 0.5, 1.44, 0.44, 0.89, 0.44, 0.53, 0.53, 1.42, 1.0, 0.42, 0.58, 0.53, 1.72, 0.53, 0.5, 0.56, 0.61, 1.83, 0.75, 1.92, 0.81, 0.75, 2.06, 1.22, 0.83, 2.11, 1.28, 0.47, 2.14, 0.17, 0.53, 1.33, 1.83, 0.58, 1.39, 0.36, 0.33, 0.86, 2.22, 0.5, 0.42, 0.83, 1.39, 2.17, 0.56, 1.61, 0.92, 2.22, 0.44, 0.61, 1.81, 1.0, 0.94, 2.33, 0.75, 1.06, 2.14, 0.81, 2.22, 1.17, 1.97, 0.44, 1.17, 0.86, 2.39, 0.14, 0.28, 0.56, 1.33, 0.14, 0.17, 0.28, 0.14, 0.25, 0.25, 0.39, 0.64, 2.5, 0.25, 0.31, 0.31, 1.42, 2.22, 0.72, 1.47, 0.44, 0.44, 0.92, 0.75, 2.67, 0.58, 0.97, 1.56, 0.56, 0.64, 1.58, 2.47, 0.64, 2.53, 0.58, 2.5, 0.5, 0.69, 2.67, 2.64, 0.58, 2.69, 2.69, 2.67, 0.72, 1.33, 2.83, 2.75, 1.31, 2.36, 0.64, 0.72, 1.22, 2.75, 2.58, 0.28, 0.75, 1.56, 0.75, 0.22, 2.39, 1.06, 2.83, 2.78, 0.31, 0.42, 0.97, 2.83, 2.81, 0.86, 0.56, 0.61, 2.86, 2.81, 0.53, 0.64, 1.19, 0.97, 2.92]

ILAO*:
Tiempo requerido: 0.69
Iteraciones requeridas: 275
Nodos expandidos: 275

RLAO*:
Tiempo requerido: 0.463
Iteraciones requeridas: 41
Nodos expandidos: 1091

BLAO*:
Tiempo requerido: 0.563
Iteraciones requeridas: 34
Nodos expandidos: 828

VI:
Tiempo requerido: 1.567
Iteraciones requeridas: 91

Problema 6
-------------------------------------------------------
LAO*:
Tiempo requerido: 12.979
Iteraciones requeridas: 310
Nodos expandidos: 310
Porcentajes del conjunto Z: [0.03, 0.06, 0.08, 0.11, 0.06, 0.08, 0.14, 0.19, 0.14, 0.22, 0.25, 0.28, 0.31, 0.33, 0.36, 0.06, 0.06, 0.06, 0.39, 0.14, 0.14, 0.42, 0.22, 0.44, 0.31, 0.14, 0.47, 0.19, 0.5, 0.22, 0.25, 0.53, 0.25, 0.25, 0.31, 0.47, 0.33, 0.33, 0.5, 0.36, 0.58, 0.44, 0.39, 0.67, 0.5, 0.11, 0.5, 0.17, 0.67, 0.14, 0.53, 0.17, 0.69, 0.56, 0.22, 0.19, 0.61, 0.86, 0.78, 0.25, 0.92, 0.83, 0.28, 0.25, 1.0, 0.31, 0.89, 1.03, 0.92, 1.03, 0.94, 1.06, 1.0, 0.08, 0.08, 0.53, 0.08, 0.14, 0.11, 0.5, 0.11, 1.03, 0.64, 0.56, 0.25, 0.72, 0.28, 0.36, 0.58, 0.28, 0.47, 0.61, 0.83, 0.42, 0.5, 0.64, 1.08, 0.64, 0.64, 0.92, 0.42, 1.14, 0.75, 1.22, 0.78, 1.14, 0.94, 0.47, 0.11, 0.17, 0.58, 0.11, 1.22, 0.25, 0.28, 0.56, 0.72, 1.33, 0.72, 0.33, 1.36, 1.36, 0.44, 0.89, 1.42, 1.39, 1.0, 0.5, 0.47, 1.47, 1.42, 1.14, 0.53, 0.83, 1.53, 1.47, 0.61, 1.25, 0.92, 0.5, 1.47, 1.36, 1.0, 0.61, 0.75, 1.03, 0.94, 0.83, 0.11, 0.14, 0.11, 0.14, 0.14, 0.17, 0.19, 0.17, 0.17, 1.31, 1.14, 0.19, 0.28, 0.33, 0.44, 1.36, 1.36, 0.61, 0.83, 1.42, 0.33, 1.44, 0.94, 0.75, 1.44, 1.53, 0.44, 1.14, 0.75, 1.5, 1.61, 0.61, 1.25, 0.83, 1.58, 1.69, 0.75, 1.44, 1.69, 0.56, 1.0, 0.69, 1.72, 0.86, 1.75, 0.83, 0.17, 1.75, 0.81, 1.75, 1.83, 0.81, 0.28, 1.78, 1.42, 0.94, 0.39, 0.42, 0.75, 0.97, 1.47, 0.44, 0.53, 1.47, 1.0, 1.58, 0.47, 1.92, 1.69, 1.89, 0.61, 0.86, 1.25, 0.67, 1.64, 1.83, 0.83, 0.94, 1.0, 0.89, 0.69, 1.67, 1.08, 0.22, 1.44, 0.17, 0.28, 0.17, 0.19, 0.33, 0.25, 0.28, 0.31, 0.19, 0.22, 1.78, 0.83, 1.75, 0.22, 1.72, 0.92, 1.39, 1.58, 1.39, 1.69, 0.75, 1.47, 1.39, 1.53, 1.94, 0.92, 0.69, 0.67, 2.22, 0.75, 1.75, 0.61, 0.83, 1.64, 1.89, 2.47, 0.78, 1.06, 1.0, 1.72, 2.5, 1.25, 1.44, 1.81, 1.47, 1.25, 1.72, 0.17, 1.47, 0.22, 1.92, 0.92, 2.56, 2.53, 0.19, 1.92, 0.97, 1.39, 0.39, 2.28, 1.94, 0.39, 2.67, 2.64, 2.56, 1.67, 0.47, 1.11, 1.97, 0.81, 2.72, 2.61, 1.5, 0.67, 0.47, 1.94, 2.0]

ILAO*:
Tiempo requerido: 0.909
Iteraciones requeridas: 356
Nodos expandidos: 356

RLAO*:
Tiempo requerido: 0.432
Iteraciones requeridas: 43
Nodos expandidos: 1143

BLAO*:
Tiempo requerido: 0.526
Iteraciones requeridas: 29
Nodos expandidos: 677

VI:
Tiempo requerido: 1.496
Iteraciones requeridas: 91

Problema 7
-------------------------------------------------------
LAO*:
Tiempo requerido: 7.729
Iteraciones requeridas: 202
Nodos expandidos: 202
Porcentajes del conjunto Z: [0.03, 0.06, 0.08, 0.06, 0.06, 0.11, 0.11, 0.06, 0.06, 0.11, 0.08, 0.14, 0.17, 0.22, 0.25, 0.25, 0.28, 0.28, 0.31, 0.28, 0.31, 0.58, 0.33, 0.36, 0.31, 0.69, 0.44, 0.44, 0.47, 0.5, 0.5, 0.56, 0.11, 0.14, 0.22, 0.31, 0.25, 0.36, 0.31, 0.44, 0.47, 0.5, 0.56, 0.56, 0.08, 0.08, 0.11, 0.08, 0.11, 0.22, 0.58, 0.25, 0.61, 0.39, 0.19, 0.61, 0.22, 0.42, 0.67, 0.64, 0.28, 0.72, 0.67, 0.56, 0.33, 0.78, 0.69, 0.58, 0.36, 0.83, 0.72, 0.75, 0.61, 0.89, 0.75, 0.83, 0.78, 1.03, 0.86, 1.06, 0.67, 0.92, 1.08, 0.69, 0.11, 0.97, 1.11, 0.72, 0.75, 0.25, 1.03, 0.19, 1.14, 0.78, 0.42, 0.31, 1.17, 0.53, 1.0, 0.33, 0.81, 0.75, 1.19, 1.14, 0.83, 0.61, 0.78, 1.22, 1.22, 0.44, 0.86, 0.83, 1.28, 1.36, 0.75, 0.86, 1.31, 1.42, 0.78, 1.0, 0.89, 1.33, 1.19, 0.67, 0.44, 1.06, 0.97, 0.81, 0.5, 1.61, 0.86, 0.14, 1.0, 0.14, 0.14, 0.14, 0.11, 0.19, 0.14, 0.25, 0.56, 1.06, 0.97, 0.25, 1.39, 1.06, 0.89, 1.75, 0.72, 1.06, 1.08, 0.31, 0.97, 1.86, 0.28, 0.42, 1.0, 1.0, 1.17, 0.53, 0.44, 1.67, 1.03, 1.33, 0.75, 1.75, 1.42, 1.39, 0.89, 0.56, 0.92, 1.47, 1.44, 0.44, 1.53, 1.0, 1.53, 1.5, 0.83, 1.58, 0.5, 1.56, 1.06, 1.61, 1.14, 0.58, 1.58, 0.17, 0.17, 1.11, 0.67, 1.81, 1.19, 0.86, 1.64, 0.31, 1.25, 0.97, 1.83, 1.64, 0.5, 1.86]

ILAO*:
Tiempo requerido: 0.55
Iteraciones requeridas: 240
Nodos expandidos: 240

RLAO*:
Tiempo requerido: 0.314
Iteraciones requeridas: 39
Nodos expandidos: 1032

BLAO*:
Tiempo requerido: 0.267
Iteraciones requeridas: 31
Nodos expandidos: 727

VI:
Tiempo requerido: 1.625
Iteraciones requeridas: 91

Problema 8
-------------------------------------------------------
LAO*:
Tiempo requerido: 8.603
Iteraciones requeridas: 223
Nodos expandidos: 223
Porcentajes del conjunto Z: [0.03, 0.06, 0.08, 0.11, 0.06, 0.08, 0.14, 0.14, 0.17, 0.19, 0.22, 0.25, 0.06, 0.08, 0.11, 0.08, 0.19, 0.22, 0.22, 0.17, 0.33, 0.28, 0.22, 0.42, 0.31, 0.25, 0.5, 0.28, 0.47, 0.31, 0.53, 0.33, 0.58, 0.58, 0.08, 0.36, 0.67, 0.64, 0.19, 0.39, 0.75, 0.69, 0.17, 0.42, 0.83, 0.75, 0.89, 0.31, 0.92, 0.33, 0.94, 0.28, 0.33, 0.97, 0.33, 0.5, 0.47, 0.39, 0.89, 0.08, 0.08, 0.53, 0.11, 0.08, 0.11, 0.11, 1.03, 0.14, 0.14, 0.17, 0.39, 0.56, 0.56, 1.19, 0.61, 0.25, 0.58, 0.44, 1.33, 0.31, 0.5, 0.28, 1.44, 0.53, 0.25, 1.5, 0.56, 1.33, 0.28, 0.61, 0.64, 1.47, 0.39, 0.67, 0.36, 1.42, 0.5, 0.69, 0.42, 1.47, 0.17, 0.53, 0.17, 0.72, 0.14, 0.47, 1.56, 0.17, 0.25, 0.64, 0.75, 1.69, 0.75, 0.36, 0.31, 1.72, 0.42, 0.78, 0.33, 0.53, 1.75, 0.47, 0.61, 1.25, 0.72, 0.64, 0.72, 0.36, 0.47, 0.72, 1.58, 0.11, 0.14, 0.14, 0.17, 0.14, 0.19, 0.22, 0.56, 0.61, 0.19, 1.67, 0.78, 1.56, 0.72, 0.69, 0.31, 0.25, 0.81, 1.67, 0.39, 0.72, 0.42, 0.83, 0.83, 0.58, 0.67, 0.89, 0.86, 1.89, 0.61, 0.61, 0.64, 1.94, 0.89, 2.03, 0.53, 0.92, 0.64, 1.0, 1.44, 0.89, 0.89, 0.94, 0.97, 0.31, 0.33, 0.72, 2.14, 0.69, 1.58, 0.94, 1.08, 1.08, 0.97, 0.81, 2.08, 0.36, 2.42, 1.14, 0.72, 2.11, 0.92, 0.5, 1.03, 2.53, 1.25, 0.61, 1.17, 2.25, 0.94, 0.67, 1.22, 1.22, 1.53, 0.64, 0.22, 0.22, 0.19, 1.28, 1.28, 1.25, 1.39, 0.64, 1.78, 0.36, 0.89, 1.36, 1.33, 1.89, 0.39, 0.92, 1.42]

ILAO*:
Tiempo requerido: 0.584
Iteraciones requeridas: 259
Nodos expandidos: 259

RLAO*:
Tiempo requerido: 0.473
Iteraciones requeridas: 41
Nodos expandidos: 1129

BLAO*:
Tiempo requerido: 0.431
Iteraciones requeridas: 35
Nodos expandidos: 900

VI:
Tiempo requerido: 1.548
Iteraciones requeridas: 91

Problema 9
-------------------------------------------------------
LAO*:
Tiempo requerido: 11.464
Iteraciones requeridas: 290
Nodos expandidos: 290
Porcentajes del conjunto Z: [0.03, 0.06, 0.06, 0.08, 0.11, 0.06, 0.06, 0.06, 0.11, 0.08, 0.14, 0.14, 0.19, 0.22, 0.25, 0.25, 0.31, 0.31, 0.28, 0.39, 0.36, 0.31, 0.47, 0.42, 0.53, 0.47, 0.5, 0.11, 0.11, 0.19, 0.17, 0.25, 0.31, 0.36, 0.42, 0.42, 0.47, 0.53, 0.5, 0.53, 0.47, 0.08, 0.11, 0.72, 0.11, 0.08, 0.17, 0.58, 0.17, 0.14, 0.53, 0.67, 0.25, 0.25, 0.56, 0.69, 0.69, 0.33, 0.28, 0.72, 0.53, 0.36, 0.81, 0.83, 0.39, 0.42, 0.39, 0.42, 0.89, 0.47, 0.42, 0.89, 0.92, 0.92, 0.53, 0.44, 0.56, 0.97, 1.0, 0.61, 0.47, 1.0, 1.22, 0.86, 1.03, 0.83, 0.72, 0.64, 1.03, 0.78, 0.69, 0.25, 0.28, 1.08, 0.86, 0.39, 1.11, 0.39, 1.11, 0.47, 0.86, 0.86, 0.61, 0.44, 0.94, 0.92, 0.56, 1.0, 0.64, 1.06, 0.97, 0.69, 1.11, 1.03, 0.14, 0.78, 0.17, 0.11, 0.19, 0.17, 0.17, 0.19, 0.19, 0.22, 0.19, 0.19, 1.22, 0.94, 0.33, 1.33, 1.14, 0.83, 0.39, 0.5, 1.44, 0.47, 0.58, 1.5, 0.64, 1.28, 0.56, 0.61, 1.33, 1.08, 0.78, 1.36, 1.19, 0.92, 1.11, 1.39, 1.39, 1.28, 0.94, 1.14, 0.72, 1.36, 1.31, 1.17, 0.92, 0.92, 0.78, 1.42, 1.39, 0.97, 0.94, 0.14, 0.17, 1.61, 2.0, 1.25, 0.39, 1.97, 1.19, 1.19, 0.47, 1.75, 2.17, 1.28, 1.67, 1.33, 0.56, 1.31, 0.64, 2.25, 1.81, 1.39, 1.42, 1.33, 0.78, 0.75, 1.31, 2.67, 1.75, 1.47, 1.36, 1.36, 0.72, 0.94, 1.44, 1.97, 2.92, 1.67, 1.56, 1.42, 0.92, 1.39, 1.53, 1.86, 1.83, 1.56, 0.69, 2.06, 1.58, 1.0, 0.81, 1.86, 3.31, 1.72, 1.72, 1.08, 2.11, 1.64, 2.14, 0.31, 0.14, 0.19, 0.33, 0.22, 0.19, 0.17, 0.33, 0.28, 0.33, 3.83, 2.22, 0.25, 1.31, 1.94, 1.69, 1.28, 1.92, 0.56, 0.56, 2.25, 0.47, 1.78, 1.42, 0.69, 0.89, 1.47, 0.81, 2.64, 1.0, 2.17, 1.44, 1.25, 1.17, 2.67, 1.53, 2.28, 2.83, 2.72, 1.75, 2.69, 1.61, 2.97, 2.61, 1.83, 1.14, 3.0, 2.69, 0.19, 3.08, 2.17, 2.72, 0.47, 3.14, 1.78, 2.19, 1.94, 1.36, 0.5, 0.61, 1.78, 1.97, 1.25, 2.36, 2.0, 2.08, 2.39]

ILAO*:
Tiempo requerido: 1.113
Iteraciones requeridas: 312
Nodos expandidos: 312

RLAO*:
Tiempo requerido: 0.557
Iteraciones requeridas: 41
Nodos expandidos: 1081

BLAO*:
Tiempo requerido: 0.366
Iteraciones requeridas: 33
Nodos expandidos: 777

VI:
Tiempo requerido: 1.251
Iteraciones requeridas: 77

Problema 10
-------------------------------------------------------
LAO*:
Tiempo requerido: 12.331
Iteraciones requeridas: 301
Nodos expandidos: 301
Porcentajes del conjunto Z: [0.03, 0.06, 0.08, 0.11, 0.06, 0.06, 0.11, 0.11, 0.17, 0.17, 0.22, 0.22, 0.25, 0.28, 0.28, 0.33, 0.33, 0.06, 0.06, 0.17, 0.11, 0.22, 0.19, 0.25, 0.33, 0.33, 0.31, 0.36, 0.64, 0.42, 0.39, 0.75, 0.47, 0.42, 0.83, 0.5, 0.44, 1.0, 0.69, 0.61, 0.58, 0.47, 0.72, 0.58, 0.11, 0.08, 1.17, 0.14, 0.53, 0.78, 0.11, 0.69, 0.61, 1.28, 0.89, 0.72, 0.61, 0.25, 0.97, 0.61, 0.33, 1.03, 1.03, 0.28, 0.64, 1.11, 1.14, 0.42, 0.39, 0.61, 0.5, 0.67, 0.61, 0.72, 0.69, 0.08, 0.08, 0.14, 0.11, 0.83, 0.25, 0.17, 0.92, 0.33, 0.31, 1.0, 0.44, 0.42, 1.08, 0.53, 0.97, 0.5, 0.69, 0.47, 0.56, 0.58, 0.72, 0.11, 0.11, 0.14, 0.11, 0.14, 0.69, 0.78, 0.31, 0.64, 0.83, 0.39, 0.42, 0.86, 0.44, 0.61, 0.67, 0.69, 1.11, 0.81, 0.86, 0.86, 1.06, 0.72, 1.17, 0.14, 1.28, 0.19, 0.22, 0.17, 0.14, 0.25, 0.31, 0.83, 0.47, 0.78, 0.83, 0.61, 0.53, 0.94, 0.94, 0.72, 0.83, 1.06, 0.72, 0.89, 1.0, 1.89, 0.81, 1.03, 1.08, 1.94, 1.11, 1.06, 2.0, 0.92, 1.14, 1.14, 1.39, 1.17, 1.17, 1.19, 1.17, 2.03, 0.83, 2.64, 1.25, 1.14, 0.78, 2.08, 2.06, 2.06, 0.19, 1.19, 1.19, 0.22, 0.86, 0.14, 0.25, 0.19, 2.33, 0.28, 2.17, 1.36, 1.33, 1.25, 1.22, 1.0, 0.39, 1.03, 2.86, 0.44, 0.44, 1.47, 1.42, 1.31, 1.14, 0.81, 3.14, 0.75, 1.58, 1.33, 3.33, 0.86, 0.97, 1.64, 1.36, 3.42, 1.69, 1.39, 1.08, 3.5, 1.11, 1.11, 1.75, 1.42, 1.14, 3.64, 0.89, 1.14, 1.81, 1.44, 3.72, 1.22, 1.17, 0.72, 0.75, 3.08, 0.22, 1.31, 1.19, 1.31, 0.17, 0.36, 0.14, 0.25, 0.14, 0.28, 0.89, 1.31, 3.83, 0.28, 0.17, 1.14, 0.86, 1.31, 0.53, 0.39, 1.42, 1.72, 0.69, 0.44, 1.78, 1.0, 0.83, 3.03, 0.53, 2.03, 1.11, 1.08, 3.36, 0.58, 1.06, 2.08, 1.14, 1.03, 1.53, 3.19, 1.36, 1.19, 1.25, 1.19, 1.58, 2.83, 1.28, 2.03, 0.19, 1.03, 0.19, 0.25, 0.28, 0.28, 0.31, 1.36, 0.25, 3.83, 0.33, 1.14, 3.83, 1.42, 3.83, 1.06, 3.86, 1.44, 1.14, 3.94, 1.0, 3.89, 3.89, 3.31, 0.94, 1.72, 1.17, 1.47, 4.03]

ILAO*:
Tiempo requerido: 0.625
Iteraciones requeridas: 337
Nodos expandidos: 337

RLAO*:
Tiempo requerido: 0.537
Iteraciones requeridas: 42
Nodos expandidos: 1173

BLAO*:
Tiempo requerido: 0.49
Iteraciones requeridas: 36
Nodos expandidos: 966

VI:
Tiempo requerido: 1.276
Iteraciones requeridas: 79

Media tiempo LAO: 10.234
Media iteraciones LAO: 254.6
Media expansiones LAO: 254.6

Media tiempo RLAO: 0.444
Media iteraciones RLAO: 40.6
Media expansiones RLAO: 1086.2

Media tiempo ILAO: 0.682
Media iteraciones ILAO: 287.6
Media expansiones ILAO: 287.6

Media tiempo BLAO: 0.392
Media iteraciones BLAO: 31.4
Media expansiones BLAO: 757.1

Media tiempo VI: 1.445
Media iteraciones VI: 85.5

-------------------------------------------------------
