Problema 1
-------------------------------------------------------
LAO*:
Tiempo requerido: 8.047
Nodos expandidos: 301
Porcentajes del conjunto Z: [0.06, 0.12, 0.12, 0.19, 0.19, 0.25, 0.25, 0.25, 0.25, 0.31, 0.56, 0.38, 0.62, 0.44, 0.44, 0.69, 0.69, 0.5, 0.56, 0.75, 0.81, 0.75, 0.56, 0.69, 0.81, 0.94, 0.12, 0.62, 0.81, 0.88, 1.0, 0.12, 0.25, 0.69, 0.94, 0.88, 0.88, 1.0, 1.06, 0.25, 0.75, 1.06, 1.06, 0.94, 1.12, 0.44, 0.81, 1.19, 1.25, 1.12, 1.06, 1.06, 1.25, 0.38, 0.94, 1.38, 1.44, 1.19, 1.31, 1.31, 1.0, 1.5, 1.5, 1.5, 1.38, 0.56, 1.06, 1.62, 1.56, 1.62, 1.56, 1.44, 0.75, 1.12, 1.69, 1.75, 1.75, 1.69, 1.25, 2.12, 0.69, 1.19, 1.19, 1.75, 1.88, 1.75, 2.19, 0.19, 0.25, 1.31, 1.81, 1.94, 1.81, 1.81, 2.25, 2.25, 0.19, 0.38, 0.81, 1.38, 1.88, 2.69, 2.0, 1.94, 1.88, 2.31, 2.25, 0.38, 0.44, 1.44, 1.94, 2.81, 2.81, 2.06, 2.0, 2.06, 1.94, 2.38, 2.5, 2.5, 0.62, 1.5, 2.94, 3.0, 2.94, 2.06, 2.19, 2.19, 2.0, 2.56, 0.69, 1.0, 1.62, 3.25, 3.06, 2.31, 2.38, 2.31, 2.06, 1.94, 2.75, 2.75, 0.75, 1.69, 3.31, 3.31, 3.12, 3.12, 2.38, 2.56, 2.12, 2.12, 2.88, 2.81, 0.81, 0.62, 1.19, 4.0, 3.44, 3.25, 4.0, 2.44, 2.62, 2.62, 2.19, 2.19, 2.25, 2.94, 3.0, 2.88, 0.88, 0.69, 4.19, 3.5, 3.31, 4.06, 4.0, 1.75, 2.94, 2.75, 2.88, 2.31, 2.25, 2.31, 3.12, 3.12, 0.94, 1.0, 0.94, 4.31, 4.0, 4.19, 4.25, 1.81, 3.12, 3.06, 2.44, 2.38, 3.19, 3.31, 3.19, 1.06, 0.25, 0.38, 1.0, 1.44, 4.88, 4.94, 4.31, 1.88, 3.19, 3.5, 2.5, 2.44, 2.5, 3.44, 3.44, 0.25, 1.12, 1.12, 0.5, 1.25, 1.56, 6.0, 5.12, 4.5, 5.25, 3.69, 2.69, 2.56, 3.5, 3.62, 1.25, 0.62, 1.31, 5.19, 2.06, 5.38, 4.12, 3.06, 3.75, 0.69, 1.31, 1.38, 5.88, 2.12, 4.25, 4.25, 2.06, 3.12, 3.81, 0.81, 1.38, 1.38, 6.5, 4.38, 4.5, 3.88, 0.88, 1.44, 1.44, 6.56, 4.56, 2.25, 3.44, 1.5, 1.56, 0.69, 1.25, 6.62, 4.69, 4.69, 3.62, 4.0, 1.31, 6.69, 4.75, 4.81, 2.62, 3.81, 1.0, 1.38, 9.25, 5.19, 1.12, 0.5, 0.44, 1.75, 9.19, 1.94, 5.25, 2.69, 2.62, 0.31, 0.31, 0.69, 1.94, 9.25, 4.5, 5.75, 0.38]

ILAO*:
Tiempo requerido: 0.877
Nodos expandidos: 318

RLAO*:
Tiempo requerido: 0.341
Nodos expandidos: 591

BLAO*:
Tiempo requerido: 0.643
Nodos expandidos: 573

VI:
Tiempo requerido: 2.695
Numero de iteraciones: 796302
-------------------------------------------------------
Problema 2
-------------------------------------------------------
LAO*:
Tiempo requerido: 9.842
Nodos expandidos: 373
Porcentajes del conjunto Z: [0.06, 0.12, 0.12, 0.19, 0.25, 0.19, 0.25, 0.38, 0.38, 0.31, 0.56, 0.38, 0.62, 0.44, 0.69, 0.69, 0.5, 0.5, 0.75, 0.81, 0.56, 0.56, 0.81, 0.94, 0.88, 0.62, 0.62, 0.62, 0.62, 0.88, 1.06, 1.06, 0.94, 0.88, 0.75, 0.69, 0.12, 0.12, 0.94, 1.19, 1.25, 1.06, 0.25, 1.06, 0.88, 0.75, 0.25, 1.0, 1.44, 1.12, 0.38, 1.12, 1.25, 0.81, 1.06, 1.56, 1.19, 1.19, 1.38, 1.31, 0.88, 0.88, 1.12, 1.69, 1.62, 1.25, 1.25, 1.5, 1.56, 1.0, 0.94, 0.44, 1.19, 1.81, 1.81, 1.31, 1.31, 1.31, 1.56, 1.81, 1.75, 1.12, 1.0, 0.56, 1.25, 1.94, 2.0, 1.88, 2.5, 0.75, 1.44, 1.81, 1.94, 2.06, 1.25, 1.19, 2.06, 2.12, 0.88, 2.56, 2.69, 2.0, 2.25, 0.62, 1.25, 0.62, 2.12, 2.12, 2.19, 1.0, 2.25, 2.44, 2.94, 0.75, 2.06, 2.31, 1.31, 1.31, 2.19, 2.56, 2.25, 1.12, 2.31, 2.56, 3.12, 1.62, 2.19, 2.44, 2.44, 1.44, 1.38, 0.75, 0.19, 0.19, 2.25, 2.62, 2.69, 2.38, 1.25, 2.94, 3.25, 3.94, 0.38, 2.25, 3.06, 2.56, 2.5, 1.5, 1.56, 1.44, 0.38, 2.31, 2.94, 2.44, 1.38, 4.0, 0.56, 3.19, 2.69, 2.56, 1.56, 1.69, 1.69, 0.44, 2.38, 3.06, 3.0, 2.5, 1.5, 4.06, 4.06, 0.62, 3.25, 3.25, 1.31, 2.81, 3.31, 1.81, 1.88, 0.94, 2.44, 3.19, 3.19, 3.06, 2.56, 2.56, 1.62, 4.19, 5.31, 0.69, 3.38, 3.31, 2.88, 3.69, 2.06, 1.12, 0.5, 2.5, 3.31, 3.38, 3.31, 3.19, 1.75, 2.62, 2.69, 2.62, 4.25, 5.56, 5.56, 3.75, 2.12, 1.31, 0.69, 3.44, 3.69, 1.88, 2.81, 2.88, 5.88, 5.62, 0.81, 3.88, 4.44, 0.75, 3.88, 2.94, 1.0, 5.94, 5.69, 3.88, 4.5, 0.81, 1.38, 1.0, 3.94, 4.0, 3.0, 1.19, 6.12, 6.12, 5.88, 5.88, 3.0, 4.81, 1.5, 1.06, 4.06, 2.38, 3.06, 1.38, 3.19, 6.19, 6.25, 6.38, 6.0, 4.88, 2.62, 1.62, 1.31, 0.25, 0.25, 0.25, 4.12, 4.19, 2.44, 3.12, 6.31, 2.44, 1.56, 3.31, 6.38, 6.56, 0.5, 5.0, 1.75, 0.56, 4.25, 2.5, 3.19, 8.56, 8.88, 1.75, 6.62, 0.75, 5.06, 3.56, 4.31, 4.31, 2.56, 2.62, 3.25, 9.06, 9.0, 6.75, 0.88, 1.5, 5.19, 1.0, 4.5, 4.44, 3.31, 2.69, 3.31, 3.31, 9.31, 1.94, 6.94, 1.0, 5.25, 1.31, 3.12, 4.75, 5.5, 3.88, 3.69, 9.62, 7.0, 9.69, 0.75, 6.38, 3.75, 9.69, 9.69, 7.06, 9.81, 0.88, 6.44, 10.12, 9.81, 9.94, 6.06, 4.25, 1.44, 6.5, 4.44, 10.19, 10.31, 9.88, 3.31, 1.31, 10.0, 6.31, 8.0, 1.25, 11.12, 4.62, 2.44, 8.88, 11.38, 6.75, 3.38, 1.69, 1.56, 0.31, 0.31, 0.31, 4.75, 2.56, 9.12, 12.56, 5.12, 0.62, 1.88, 1.62, 0.69, 4.94, 11.5, 15.0, 3.75, 0.94, 0.75, 5.12, 2.81]

ILAO*:
Tiempo requerido: 1.605
Nodos expandidos: 385

RLAO*:
Tiempo requerido: 0.279
Nodos expandidos: 612

BLAO*:
Tiempo requerido: 0.336
Nodos expandidos: 523

VI:
Tiempo requerido: 2.634
Numero de iteraciones: 783510
-------------------------------------------------------
Problema 3
-------------------------------------------------------
LAO*:
Tiempo requerido: 6.245
Nodos expandidos: 234
Porcentajes del conjunto Z: [0.06, 0.12, 0.12, 0.19, 0.25, 0.19, 0.25, 0.38, 0.38, 0.31, 0.56, 0.44, 0.38, 0.38, 0.62, 0.69, 0.5, 0.44, 0.5, 0.88, 0.88, 0.94, 0.56, 0.5, 0.75, 1.06, 0.62, 0.56, 0.88, 0.81, 1.12, 0.69, 0.62, 1.0, 0.88, 1.19, 1.19, 0.75, 0.75, 0.12, 0.19, 0.69, 0.69, 1.06, 1.12, 0.94, 1.25, 1.31, 0.88, 0.31, 0.75, 0.81, 1.31, 1.25, 2.0, 1.44, 1.38, 0.94, 0.25, 0.44, 0.81, 0.94, 1.5, 1.56, 2.06, 2.31, 1.56, 1.0, 0.56, 0.88, 1.69, 1.94, 2.5, 1.62, 1.06, 0.69, 1.0, 2.0, 3.0, 1.12, 0.81, 1.69, 1.69, 3.06, 0.62, 1.19, 1.0, 1.75, 1.81, 3.12, 3.12, 0.75, 1.25, 1.12, 1.81, 1.94, 3.19, 3.25, 0.81, 1.31, 1.31, 1.88, 2.06, 1.31, 2.5, 1.25, 0.88, 1.44, 1.5, 0.19, 0.19, 0.25, 1.31, 2.19, 3.56, 3.56, 1.06, 0.44, 2.25, 3.62, 3.69, 3.62, 0.31, 2.31, 3.94, 3.94, 3.81, 0.62, 2.38, 4.0, 4.12, 4.06, 3.88, 2.44, 4.25, 4.19, 0.88, 1.88, 2.5, 4.31, 4.25, 4.25, 0.81, 1.12, 2.06, 2.56, 4.38, 4.44, 4.31, 4.38, 4.31, 3.44, 1.0, 1.31, 2.25, 2.62, 4.94, 4.56, 1.62, 2.38, 2.69, 5.0, 5.0, 4.62, 1.19, 1.75, 0.25, 0.31, 0.25, 0.5, 1.38, 2.5, 2.75, 5.38, 5.44, 0.56, 1.44, 2.81, 3.88, 5.56, 5.5, 3.88, 0.62, 2.38, 2.88, 3.94, 5.69, 5.62, 1.0, 2.5, 2.94, 5.88, 4.06, 1.06, 2.62, 3.0, 5.94, 4.12, 1.44, 1.94, 3.06, 6.0, 6.0, 4.19, 0.94, 0.94, 1.75, 2.19, 2.62, 8.56, 6.12, 6.06, 2.0, 2.44, 8.75, 6.25, 6.12, 2.62, 8.94, 6.19, 1.25, 1.81, 0.38, 0.5, 0.44, 0.31, 2.81, 2.88, 4.19, 5.5, 6.25, 1.44, 0.62, 1.5]

ILAO*:
Tiempo requerido: 1.091
Nodos expandidos: 239

RLAO*:
Tiempo requerido: 0.304
Nodos expandidos: 593

BLAO*:
Tiempo requerido: 0.568
Nodos expandidos: 654

VI:
Tiempo requerido: 2.823
Numero de iteraciones: 813891
-------------------------------------------------------
Problema 4
-------------------------------------------------------
LAO*:
Tiempo requerido: 6.253
Nodos expandidos: 241
Porcentajes del conjunto Z: [0.06, 0.12, 0.12, 0.25, 0.31, 0.31, 0.38, 0.44, 0.38, 0.44, 0.56, 0.5, 0.62, 0.56, 0.56, 0.69, 0.69, 0.75, 0.19, 0.75, 0.75, 0.81, 0.25, 0.88, 0.94, 0.94, 0.94, 1.06, 1.0, 1.0, 1.0, 0.44, 1.06, 1.25, 1.75, 1.19, 1.12, 1.12, 1.38, 1.31, 1.75, 1.25, 1.12, 0.5, 0.62, 1.19, 1.5, 1.5, 2.12, 1.81, 1.38, 0.56, 1.25, 1.62, 1.69, 2.44, 2.31, 0.62, 0.81, 1.31, 1.88, 2.69, 2.62, 0.69, 0.94, 1.38, 1.38, 2.94, 2.94, 0.75, 0.25, 0.25, 1.06, 1.5, 1.5, 3.06, 3.31, 3.12, 0.81, 0.88, 0.31, 1.56, 1.56, 1.56, 2.94, 2.69, 1.0, 0.94, 0.38, 1.12, 1.62, 1.69, 1.81, 3.62, 3.31, 1.0, 0.44, 0.44, 1.25, 1.88, 4.0, 3.75, 3.44, 1.44, 1.06, 0.56, 0.5, 1.94, 4.06, 4.12, 3.5, 3.5, 1.12, 0.69, 0.56, 0.69, 4.5, 4.31, 4.25, 3.62, 3.69, 1.0, 0.81, 0.62, 4.75, 4.44, 4.94, 3.81, 3.75, 1.19, 0.94, 0.69, 0.88, 1.5, 4.94, 5.19, 3.81, 1.38, 0.75, 1.12, 1.69, 5.06, 5.31, 5.31, 3.94, 0.31, 0.31, 1.44, 0.81, 1.81, 6.12, 5.44, 5.56, 0.44, 1.5, 0.88, 0.88, 1.94, 6.31, 5.62, 1.81, 1.69, 1.25, 1.31, 2.06, 6.38, 5.69, 0.62, 1.81, 1.38, 6.25, 5.19, 3.56, 2.5, 2.38, 1.44, 7.19, 6.06, 4.56, 0.94, 2.44, 0.75, 0.75, 8.0, 6.81, 1.12, 2.5, 2.5, 0.81, 8.12, 6.88, 1.25, 2.56, 2.69, 2.62, 1.31, 1.62, 8.12, 6.81, 4.88, 1.38, 2.69, 8.25, 6.88, 4.94, 0.38, 0.38, 0.38, 1.44, 2.75, 2.75, 8.38, 5.0, 0.44, 0.56, 1.5, 2.81, 2.88, 2.81, 2.0, 8.44, 5.06, 0.5, 0.62, 1.62, 1.62, 2.94, 3.06, 2.94, 1.38, 1.38, 2.19, 8.5, 5.12, 5.12, 0.56, 1.69, 3.0, 3.19, 3.12, 1.5]

ILAO*:
Tiempo requerido: 0.912
Nodos expandidos: 250

RLAO*:
Tiempo requerido: 0.378
Nodos expandidos: 620

BLAO*:
Tiempo requerido: 0.56
Nodos expandidos: 641

VI:
Tiempo requerido: 2.768
Numero de iteraciones: 807495
-------------------------------------------------------
Problema 5
-------------------------------------------------------
LAO*:
Tiempo requerido: 7.114
Nodos expandidos: 267
Porcentajes del conjunto Z: [0.06, 0.12, 0.12, 0.19, 0.25, 0.19, 0.25, 0.38, 0.38, 0.25, 0.5, 0.56, 0.5, 0.31, 0.75, 0.62, 0.38, 0.81, 0.81, 0.75, 0.44, 0.94, 0.88, 0.5, 1.0, 0.94, 1.0, 0.56, 1.06, 1.06, 1.0, 1.12, 1.12, 0.12, 0.62, 0.12, 1.19, 0.25, 1.06, 1.25, 1.31, 0.69, 0.25, 1.25, 1.25, 0.38, 1.44, 0.75, 0.38, 0.5, 1.31, 1.38, 1.31, 1.5, 1.62, 0.81, 0.5, 1.38, 1.5, 1.38, 1.75, 0.88, 1.56, 1.62, 1.44, 1.88, 1.44, 1.62, 1.75, 1.5, 0.5, 1.69, 1.88, 1.81, 1.56, 0.69, 1.75, 2.0, 2.0, 1.88, 1.62, 1.62, 0.88, 2.12, 2.19, 2.19, 1.12, 0.19, 1.69, 1.75, 1.69, 1.06, 2.31, 2.06, 2.19, 2.31, 2.31, 2.19, 1.75, 0.31, 2.81, 0.44, 2.5, 2.44, 1.94, 0.62, 1.88, 2.88, 2.5, 2.12, 0.62, 0.69, 2.94, 2.56, 2.31, 0.75, 3.0, 3.0, 1.94, 2.62, 2.44, 3.12, 3.06, 2.0, 2.69, 0.88, 3.25, 2.19, 2.75, 2.06, 1.25, 3.38, 3.38, 2.5, 2.81, 2.25, 1.5, 3.5, 3.44, 2.56, 0.25, 0.25, 2.44, 3.0, 1.75, 3.56, 3.69, 3.75, 2.62, 0.31, 2.56, 3.06, 2.06, 0.38, 3.81, 2.69, 2.69, 0.69, 2.62, 3.12, 2.62, 1.94, 3.88, 2.75, 2.81, 2.69, 3.19, 0.69, 0.81, 2.06, 4.0, 3.0, 2.94, 2.75, 3.25, 2.38, 0.75, 2.12, 4.06, 3.19, 3.06, 3.0, 2.06, 2.81, 3.31, 2.81, 2.56, 0.81, 2.19, 4.12, 3.31, 3.12, 3.12, 3.06, 2.19, 2.88, 3.38, 2.94, 1.44, 2.25, 4.19, 3.25, 3.19, 3.12, 2.25, 3.44, 1.88, 2.31, 4.25, 7.31, 3.38, 3.25, 3.19, 2.31, 2.19, 2.38, 4.31, 7.44, 3.81, 3.5, 3.62, 3.25, 2.69, 2.38, 0.31, 0.38, 3.06, 2.44, 2.44, 4.38, 5.81, 3.94, 3.56, 3.94, 3.75, 2.81, 2.44, 0.44, 2.62, 2.12, 0.44, 0.5, 2.44, 2.5, 4.38, 5.88, 5.38, 4.19, 3.88, 2.44, 1.19, 2.75, 3.25, 2.69, 2.19, 2.62, 2.0, 2.0, 6.0, 5.5, 4.25, 5.06, 5.12, 1.25, 2.25, 0.75, 2.25]

ILAO*:
Tiempo requerido: 0.864
Nodos expandidos: 287

RLAO*:
Tiempo requerido: 0.257
Nodos expandidos: 451

BLAO*:
Tiempo requerido: 0.55
Nodos expandidos: 489

VI:
Tiempo requerido: 2.854
Numero de iteraciones: 730743
-------------------------------------------------------
Problema 6
-------------------------------------------------------
LAO*:
Tiempo requerido: 5.543
Nodos expandidos: 215
Porcentajes del conjunto Z: [0.06, 0.12, 0.12, 0.19, 0.25, 0.25, 0.38, 0.31, 0.31, 0.5, 0.5, 0.38, 0.62, 0.69, 0.56, 0.44, 0.88, 0.81, 0.62, 0.5, 0.5, 0.94, 0.94, 0.81, 0.62, 1.06, 0.88, 0.69, 0.69, 1.12, 1.12, 0.94, 0.94, 0.12, 0.19, 0.75, 0.75, 1.19, 1.25, 1.25, 1.0, 1.06, 0.25, 0.31, 0.81, 1.81, 1.81, 1.25, 0.44, 0.88, 0.88, 1.88, 1.88, 1.88, 2.12, 1.31, 0.56, 1.06, 1.06, 2.06, 2.12, 2.06, 2.38, 1.62, 1.12, 1.12, 1.12, 2.44, 2.25, 2.25, 1.69, 0.69, 1.19, 1.38, 2.56, 2.69, 2.31, 1.75, 0.81, 1.25, 2.88, 3.0, 0.94, 1.81, 1.81, 0.94, 1.31, 2.94, 3.06, 1.0, 1.88, 1.94, 1.88, 1.06, 1.5, 1.5, 3.06, 3.06, 3.19, 3.19, 1.0, 2.0, 2.0, 1.88, 0.25, 0.25, 1.62, 2.06, 2.62, 2.31, 2.0, 1.81, 1.12, 2.44, 2.5, 0.38, 1.31, 1.88, 3.69, 3.81, 1.44, 1.94, 3.75, 1.56, 2.94, 2.38, 2.88, 2.62, 1.69, 4.56, 2.12, 0.94, 1.81, 4.62, 2.25, 1.12, 1.94, 4.69, 2.44, 2.12, 4.75, 2.62, 2.5, 2.25, 4.75, 3.88, 1.25, 2.5, 0.31, 0.38, 0.31, 2.38, 4.81, 4.0, 1.38, 2.56, 0.38, 4.94, 4.19, 2.69, 2.69, 4.44, 5.06, 4.25, 2.75, 2.75, 5.12, 2.81, 2.81, 1.75, 5.19, 2.19, 3.06, 1.0, 1.0, 1.94, 5.25, 2.31, 3.12, 3.12, 1.25, 2.12, 4.81, 5.31, 2.5, 3.19, 3.25, 3.19, 1.31, 2.38, 4.94, 5.38, 2.88, 2.56, 3.31, 3.44, 3.31, 1.38, 5.0, 5.38, 2.88, 3.31, 3.5, 0.38, 0.5, 0.5, 0.38, 2.5, 5.44, 1.44, 2.94, 2.88, 3.44, 3.44, 0.5]

ILAO*:
Tiempo requerido: 0.735
Nodos expandidos: 230

RLAO*:
Tiempo requerido: 0.26
Nodos expandidos: 665

BLAO*:
Tiempo requerido: 0.323
Nodos expandidos: 539

VI:
Tiempo requerido: 2.609
Numero de iteraciones: 759525
-------------------------------------------------------
Problema 7
-------------------------------------------------------
LAO*:
Tiempo requerido: 9.232
Nodos expandidos: 343
Porcentajes del conjunto Z: [0.06, 0.12, 0.12, 0.19, 0.25, 0.25, 0.31, 0.31, 0.38, 0.38, 0.38, 0.5, 0.44, 0.44, 0.44, 0.56, 0.62, 0.5, 0.5, 0.5, 0.62, 0.75, 0.75, 0.94, 0.56, 0.56, 0.69, 0.94, 1.25, 0.62, 0.62, 0.62, 0.94, 1.31, 1.38, 0.12, 1.0, 0.75, 0.69, 0.12, 1.0, 1.0, 1.44, 0.31, 1.19, 0.88, 0.75, 0.31, 1.12, 1.56, 1.56, 1.38, 1.19, 1.19, 1.19, 1.75, 1.75, 1.25, 1.25, 0.38, 0.5, 1.25, 2.44, 1.81, 1.81, 1.31, 1.38, 1.31, 0.5, 2.5, 1.88, 1.88, 1.38, 1.5, 1.5, 1.38, 0.62, 2.69, 2.69, 1.94, 1.94, 1.44, 1.62, 1.69, 1.44, 0.75, 2.81, 0.94, 2.06, 3.0, 1.75, 1.88, 1.75, 1.5, 1.5, 1.0, 2.88, 3.25, 3.44, 2.12, 2.06, 2.06, 1.69, 1.62, 1.06, 2.94, 2.94, 3.31, 3.69, 3.81, 0.25, 0.31, 2.38, 2.25, 1.81, 1.69, 1.19, 3.0, 3.06, 3.0, 3.81, 4.25, 3.88, 2.62, 2.44, 1.94, 1.75, 1.25, 0.38, 1.25, 3.06, 3.19, 3.06, 1.19, 1.75, 4.38, 3.94, 2.69, 2.88, 2.06, 1.81, 1.38, 0.44, 1.31, 3.12, 3.12, 3.25, 3.31, 2.69, 4.5, 4.75, 1.81, 2.94, 2.19, 0.69, 0.56, 1.38, 1.38, 3.56, 3.62, 3.88, 3.81, 4.62, 5.44, 3.0, 3.06, 2.25, 1.44, 0.88, 1.44, 3.62, 3.75, 4.06, 4.19, 3.88, 4.69, 5.56, 2.0, 1.5, 3.56, 1.56, 1.06, 1.5, 1.56, 3.69, 3.94, 4.38, 5.69, 5.62, 3.25, 3.69, 1.69, 1.31, 1.62, 4.44, 4.44, 1.0, 5.94, 5.88, 3.75, 1.81, 1.81, 4.62, 4.69, 6.0, 6.0, 5.94, 5.94, 3.81, 1.94, 1.88, 1.25, 4.69, 4.75, 3.5, 6.06, 6.25, 6.06, 7.12, 0.31, 0.38, 2.0, 2.0, 4.94, 4.94, 6.12, 6.44, 7.31, 1.81, 2.06, 4.56, 1.5, 5.0, 5.0, 3.62, 6.19, 6.19, 6.5, 7.75, 1.94, 1.44, 0.5, 4.81, 1.62, 5.06, 5.06, 6.25, 6.81, 7.88, 1.5, 0.62, 1.75, 5.0, 5.12, 5.19, 8.25, 0.94, 0.69, 1.81, 5.19, 5.31, 5.25, 8.31, 1.62, 1.19, 0.75, 1.88, 5.31, 5.38, 5.31, 8.38, 1.81, 1.5, 0.81, 1.94, 1.94, 5.38, 5.44, 5.38, 5.38, 8.44, 1.56, 0.88, 0.88, 2.0, 2.06, 5.44, 1.94, 5.69, 5.44, 8.5, 7.12, 2.06, 1.62, 1.0, 2.06, 2.19, 2.12, 5.56, 5.75, 5.94, 3.56, 6.12, 8.62, 0.38, 0.44, 1.69, 1.75, 1.06, 2.12, 2.31, 2.31, 5.62, 5.12, 6.12, 6.19, 8.69, 0.44, 0.5, 1.88, 2.19, 2.44, 2.5, 5.25, 8.81, 3.81, 6.25, 2.06, 0.81, 2.69, 2.56, 5.44, 8.94, 5.38, 6.31, 6.5, 1.56, 0.69, 0.69, 2.75, 2.81, 2.62, 1.81]

ILAO*:
Tiempo requerido: 1.42
Nodos expandidos: 358

RLAO*:
Tiempo requerido: 0.361
Nodos expandidos: 624

BLAO*:
Tiempo requerido: 0.392
Nodos expandidos: 544

VI:
Tiempo requerido: 3.075
Numero de iteraciones: 815490
-------------------------------------------------------
Problema 8
-------------------------------------------------------
LAO*:
Tiempo requerido: 8.122
Nodos expandidos: 287
Porcentajes del conjunto Z: [0.06, 0.12, 0.19, 0.19, 0.25, 0.31, 0.25, 0.31, 0.44, 0.44, 0.31, 0.38, 0.62, 0.38, 0.44, 0.44, 0.69, 0.44, 0.44, 0.5, 0.56, 0.94, 0.5, 0.5, 0.56, 0.69, 1.12, 1.0, 0.56, 0.56, 0.62, 0.81, 1.25, 1.38, 0.62, 0.62, 0.12, 0.19, 0.69, 0.88, 1.38, 1.75, 1.44, 0.69, 0.75, 0.69, 0.31, 0.94, 1.88, 1.88, 1.81, 0.88, 0.88, 0.44, 1.06, 1.06, 2.12, 2.56, 2.12, 0.31, 1.06, 0.94, 1.12, 1.12, 2.81, 2.38, 0.44, 0.5, 1.19, 1.19, 1.19, 2.88, 3.19, 0.56, 0.62, 1.25, 1.25, 1.25, 1.31, 2.88, 3.19, 0.69, 0.81, 1.31, 1.38, 1.62, 1.44, 2.94, 2.94, 3.25, 0.81, 1.44, 1.88, 1.5, 3.56, 0.88, 0.94, 1.5, 1.5, 1.94, 1.56, 3.75, 3.75, 0.19, 0.19, 1.06, 1.56, 1.56, 2.0, 2.0, 1.62, 1.62, 3.88, 3.81, 0.25, 0.44, 1.19, 1.62, 2.38, 2.12, 1.75, 3.94, 4.06, 3.88, 0.31, 1.31, 1.75, 2.62, 1.81, 1.81, 4.19, 0.62, 0.38, 2.94, 2.69, 1.88, 1.94, 1.88, 1.19, 4.19, 4.19, 0.88, 0.44, 1.31, 3.12, 2.12, 2.12, 2.0, 4.25, 4.31, 4.25, 1.12, 0.69, 1.5, 3.19, 2.19, 2.31, 2.25, 3.56, 4.5, 4.5, 4.38, 0.88, 3.25, 2.25, 2.44, 2.5, 2.31, 3.56, 4.44, 4.56, 4.31, 1.06, 0.94, 4.06, 2.56, 2.69, 2.38, 4.5, 4.69, 4.69, 4.38, 4.38, 1.19, 1.31, 4.44, 2.88, 2.75, 2.44, 6.44, 1.69, 4.94, 4.5, 4.44, 1.25, 0.25, 0.25, 1.5, 1.69, 4.81, 3.0, 3.0, 6.56, 5.0, 5.12, 4.5, 1.31, 0.31, 0.38, 0.5, 1.75, 5.19, 6.69, 6.69, 5.06, 5.25, 3.81, 1.38, 0.56, 0.56, 5.25, 6.75, 5.38, 3.88, 1.44, 1.5, 0.75, 0.62, 5.31, 6.81, 6.81, 2.06, 5.44, 5.5, 1.56, 1.0, 0.69, 1.44, 6.19, 3.31, 3.25, 4.25, 4.25, 1.62, 1.62, 0.75, 1.69, 6.38, 3.44, 3.31, 4.31, 1.69, 1.81, 1.75, 4.12, 7.5, 4.44, 3.62, 4.44, 1.88, 1.81, 6.31, 3.81, 3.69, 1.25, 1.94, 1.38, 1.88, 7.81, 4.94, 1.38, 2.0, 2.0, 0.31, 0.31, 0.31, 0.31, 1.75, 2.38, 10.94, 4.69, 2.06, 2.06, 0.44, 0.5, 0.81, 1.19]

ILAO*:
Tiempo requerido: 1.891
Nodos expandidos: 297

RLAO*:
Tiempo requerido: 0.588
Nodos expandidos: 556

BLAO*:
Tiempo requerido: 0.602
Nodos expandidos: 451

VI:
Tiempo requerido: 3.365
Numero de iteraciones: 821886
-------------------------------------------------------
Problema 9
-------------------------------------------------------
LAO*:
Tiempo requerido: 9.374
Nodos expandidos: 274
Porcentajes del conjunto Z: [0.06, 0.12, 0.19, 0.19, 0.25, 0.31, 0.25, 0.31, 0.44, 0.31, 0.38, 0.56, 0.38, 0.44, 0.44, 0.69, 0.62, 0.5, 0.5, 0.81, 0.81, 0.69, 0.56, 1.0, 0.94, 0.75, 0.12, 0.62, 1.06, 1.06, 0.19, 0.19, 0.75, 0.75, 1.19, 1.19, 1.19, 1.19, 0.25, 0.81, 1.5, 1.56, 1.31, 1.25, 0.38, 0.38, 0.38, 0.88, 0.88, 1.56, 1.81, 0.5, 0.94, 1.0, 0.94, 1.62, 2.12, 1.25, 1.44, 2.19, 0.56, 1.38, 1.56, 2.31, 2.31, 0.69, 1.75, 2.38, 2.44, 2.38, 0.75, 1.81, 1.81, 2.38, 2.5, 0.88, 0.19, 1.12, 1.88, 1.88, 2.44, 2.56, 0.94, 2.06, 2.06, 2.5, 2.62, 2.62, 1.0, 1.31, 2.12, 2.19, 2.12, 2.56, 2.75, 2.69, 1.06, 0.44, 0.44, 1.5, 2.31, 2.31, 2.19, 2.62, 2.88, 1.12, 0.5, 0.62, 1.75, 2.5, 2.94, 1.19, 0.69, 2.88, 3.31, 3.31, 1.56, 1.56, 2.94, 3.31, 3.38, 2.62, 1.62, 1.69, 1.62, 0.75, 3.0, 3.75, 3.88, 3.81, 3.75, 2.38, 2.12, 1.12, 2.31, 3.06, 4.0, 4.19, 4.19, 2.44, 2.19, 2.19, 0.25, 1.56, 2.44, 3.12, 4.06, 4.38, 4.25, 2.5, 2.31, 0.31, 2.56, 3.19, 4.12, 4.12, 4.44, 4.31, 1.81, 2.56, 2.69, 3.25, 4.25, 4.5, 4.38, 1.94, 2.62, 1.88, 3.31, 2.56, 3.44, 4.31, 4.56, 4.56, 4.44, 2.0, 2.69, 2.69, 0.56, 2.19, 4.81, 3.5, 4.38, 4.62, 4.69, 4.88, 4.5, 2.06, 2.81, 2.75, 0.62, 2.25, 4.12, 3.56, 3.88, 4.44, 4.81, 5.06, 5.0, 4.56, 2.19, 2.12, 2.94, 0.69, 2.31, 3.12, 4.19, 3.62, 3.62, 4.0, 4.62, 5.0, 5.38, 5.38, 5.25, 2.38, 2.19, 3.0, 0.75, 0.75, 2.38, 3.25, 5.31, 3.75, 5.62, 5.5, 5.62, 5.31, 2.75, 3.19, 3.19, 0.88, 1.19, 1.19, 2.88, 3.38, 5.25, 4.19, 5.81, 5.69, 5.38, 3.25, 0.31, 0.38, 0.94, 0.94, 1.69, 3.06, 8.44, 6.06, 6.12, 3.31, 3.31, 0.5, 1.06, 1.75, 3.25, 3.38, 6.25, 4.44, 6.25, 6.19, 3.44, 3.38, 1.12, 1.81, 3.44, 3.5, 6.5, 4.56, 2.0, 3.56, 3.44, 5.25]

ILAO*:
Tiempo requerido: 1.31
Nodos expandidos: 284

RLAO*:
Tiempo requerido: 0.53
Nodos expandidos: 746

BLAO*:
Tiempo requerido: 0.771
Nodos expandidos: 616

VI:
Tiempo requerido: 2.789
Numero de iteraciones: 634803
-------------------------------------------------------
Problema 10
-------------------------------------------------------
LAO*:
Tiempo requerido: 7.827
Nodos expandidos: 284
Porcentajes del conjunto Z: [0.06, 0.12, 0.12, 0.19, 0.25, 0.19, 0.25, 0.38, 0.25, 0.31, 0.44, 0.31, 0.31, 0.38, 0.69, 0.69, 0.44, 0.56, 0.56, 0.81, 0.5, 0.62, 0.62, 0.94, 0.69, 0.69, 0.69, 1.0, 0.12, 0.75, 0.75, 0.81, 0.12, 1.06, 0.31, 0.81, 0.81, 0.94, 0.88, 0.25, 1.12, 0.5, 0.88, 0.88, 1.0, 1.06, 0.38, 1.19, 0.62, 0.94, 0.94, 0.94, 1.44, 1.19, 0.44, 1.25, 0.75, 1.0, 1.06, 1.56, 1.69, 1.25, 0.5, 1.31, 1.31, 0.88, 1.06, 1.12, 1.62, 1.88, 1.81, 1.31, 0.56, 1.38, 1.44, 1.12, 1.12, 2.06, 2.0, 2.06, 1.94, 1.38, 0.62, 1.56, 1.5, 0.69, 1.19, 1.25, 1.19, 2.12, 2.5, 2.25, 2.31, 0.69, 0.69, 1.62, 1.69, 1.56, 1.25, 1.38, 2.44, 2.62, 2.81, 2.56, 2.38, 0.81, 1.81, 1.94, 1.62, 0.19, 0.25, 1.31, 1.31, 1.44, 3.0, 3.0, 2.69, 2.44, 0.88, 0.19, 1.12, 2.06, 1.69, 0.44, 0.88, 1.38, 1.69, 3.44, 3.06, 2.75, 2.81, 0.38, 1.19, 2.12, 2.19, 1.75, 1.0, 1.44, 1.75, 1.75, 3.56, 3.62, 2.88, 0.56, 1.25, 2.38, 1.12, 2.0, 1.88, 1.81, 3.62, 4.0, 2.94, 2.94, 1.31, 2.44, 0.88, 1.25, 2.25, 2.06, 4.06, 3.06, 3.0, 1.44, 1.06, 1.38, 2.44, 2.12, 4.12, 3.12, 3.19, 1.44, 0.62, 1.69, 1.5, 2.56, 4.62, 3.31, 3.25, 1.75, 0.75, 1.62, 2.62, 4.88, 3.44, 0.81, 1.94, 0.81, 2.69, 4.94, 5.12, 4.94, 2.19, 0.31, 0.38, 0.88, 3.12, 5.0, 0.94, 0.25, 2.56, 1.19, 1.56, 3.19, 5.31, 0.5, 1.31, 1.44, 3.25, 5.38, 0.75, 1.44, 1.69, 3.31, 2.31, 5.44, 5.44, 3.69, 0.81, 1.44, 1.44, 0.94, 1.88, 3.44, 5.56, 5.56, 0.88, 1.5, 2.19, 1.19, 2.06, 3.5, 5.62, 5.62, 1.75, 1.56, 1.56, 3.06, 1.25, 3.56, 5.81, 5.81, 1.69, 1.81, 1.56, 1.81, 3.62, 5.88, 5.88, 5.88, 0.88, 1.88, 1.88, 8.44, 6.0, 0.94, 1.94, 2.0, 1.94, 0.38, 0.38, 0.44, 0.5, 8.5, 6.06, 5.5, 0.31, 1.0, 2.12, 2.0, 1.31, 1.62, 3.31, 8.56, 6.12, 5.56, 0.62, 2.19, 1.06, 2.25, 2.12, 2.12, 1.62, 3.44]

ILAO*:
Tiempo requerido: 1.133
Nodos expandidos: 293

RLAO*:
Tiempo requerido: 0.247
Nodos expandidos: 652

BLAO*:
Tiempo requerido: 0.767
Nodos expandidos: 932

VI:
Tiempo requerido: 2.969
Numero de iteraciones: 805896
-------------------------------------------------------
