Problema 1
-------------------------------------------------------
LAO*:
Tiempo requerido: 64.477
Nodos expandidos: 644
Porcentajes del conjunto Z: [0.02, 0.03, 0.05, 0.06, 0.03, 0.03, 0.06, 0.09, 0.12, 0.12, 0.14, 0.16, 0.17, 0.03, 0.05, 0.08, 0.06, 0.11, 0.16, 0.16, 0.16, 0.19, 0.09, 0.19, 0.16, 0.19, 0.2, 0.27, 0.28, 0.28, 0.31, 0.3, 0.06, 0.08, 0.08, 0.08, 0.11, 0.12, 0.14, 0.22, 0.25, 0.3, 0.38, 0.39, 0.41, 0.14, 0.12, 0.16, 0.42, 0.23, 0.44, 0.27, 0.36, 0.3, 0.11, 0.12, 0.39, 0.09, 0.11, 0.14, 0.16, 0.42, 0.42, 0.47, 0.2, 0.3, 0.47, 0.22, 0.33, 0.22, 0.5, 0.09, 0.42, 0.2, 0.17, 0.45, 0.5, 0.23, 0.33, 0.52, 0.27, 0.28, 0.47, 0.36, 0.56, 0.58, 0.59, 0.61, 0.14, 0.61, 0.16, 0.62, 0.62, 0.12, 0.17, 0.14, 0.12, 0.66, 0.19, 0.52, 0.16, 0.52, 0.53, 0.56, 0.23, 0.52, 0.58, 0.56, 0.3, 0.56, 0.56, 0.12, 0.59, 0.16, 0.61, 0.66, 0.16, 0.48, 0.67, 0.28, 0.3, 0.69, 0.28, 0.38, 0.53, 0.7, 0.56, 0.7, 0.55, 0.72, 0.59, 0.78, 0.36, 0.58, 0.59, 0.62, 0.16, 0.17, 0.16, 0.66, 0.16, 0.2, 0.2, 0.17, 0.69, 0.19, 0.69, 0.22, 0.25, 0.53, 0.7, 0.72, 0.3, 0.42, 0.38, 0.53, 0.56, 0.61, 0.67, 0.73, 0.72, 0.31, 0.77, 0.73, 0.56, 0.42, 0.31, 0.75, 0.33, 0.61, 0.77, 0.62, 0.77, 0.52, 0.8, 0.78, 0.8, 0.78, 0.5, 0.64, 0.83, 0.83, 0.66, 0.66, 0.88, 0.61, 0.67, 0.17, 0.69, 0.69, 0.84, 0.19, 0.14, 0.89, 0.89, 0.69, 0.72, 0.83, 0.92, 0.64, 0.23, 0.22, 0.25, 0.7, 1.06, 0.2, 1.16, 0.22, 1.2, 0.53, 0.33, 0.81, 0.42, 0.64, 0.64, 0.44, 0.45, 0.66, 0.45, 0.48, 0.83, 0.47, 0.75, 0.72, 0.48, 0.5, 0.83, 0.72, 0.52, 0.19, 0.52, 0.52, 0.52, 0.75, 0.56, 0.95, 0.73, 0.53, 0.53, 0.97, 0.64, 0.59, 0.61, 0.55, 0.64, 0.94, 0.62, 0.56, 0.98, 0.98, 0.58, 0.8, 0.78, 0.2, 0.33, 1.0, 1.03, 0.59, 0.8, 0.84, 0.41, 0.31, 0.66, 1.25, 0.42, 0.38, 1.09, 0.48, 1.06, 0.52, 0.52, 0.78, 1.38, 1.2, 0.97, 0.55, 1.2, 1.2, 1.2, 0.2, 1.19, 0.16, 0.16, 0.2, 1.02, 0.55, 0.52, 1.23, 0.25, 0.23, 0.23, 0.28, 1.05, 0.59, 0.61, 1.61, 0.27, 0.59, 0.22, 0.22, 0.25, 0.25, 1.06, 0.61, 0.41, 1.06, 0.27, 0.27, 1.09, 0.52, 1.27, 1.23, 1.12, 0.34, 1.27, 1.14, 0.48, 1.16, 1.28, 1.39, 0.53, 1.16, 1.31, 0.55, 1.16, 1.33, 0.86, 0.56, 0.89, 0.58, 0.22, 0.69, 0.8, 0.27, 0.61, 0.75, 0.91, 0.64, 0.33, 0.47, 1.3, 0.97, 1.31, 1.11, 1.14, 0.58, 1.36, 1.41, 0.64, 0.86, 1.41, 0.59, 0.89, 0.88, 1.42, 1.34, 1.45, 0.62, 0.22, 0.89, 0.23, 0.17, 0.17, 0.17, 0.25, 0.89, 0.89, 0.69, 0.3, 0.91, 0.92, 0.91, 0.33, 0.28, 0.31, 0.31, 0.31, 0.92, 0.95, 0.67, 0.97, 0.33, 0.95, 0.75, 1.0, 0.39, 1.05, 0.78, 0.47, 0.66, 0.8, 0.38, 0.89, 0.53, 1.05, 0.91, 0.59, 1.06, 0.92, 1.34, 1.17, 0.64, 1.81, 0.83, 0.7, 0.86, 1.23, 1.45, 0.69, 1.47, 1.25, 1.25, 0.2, 0.73, 1.47, 1.53, 1.28, 0.31, 0.75, 1.5, 0.33, 0.66, 1.3, 0.78, 1.31, 0.53, 0.98, 0.34, 0.36, 1.05, 1.38, 1.3, 1.31, 1.31, 0.77, 1.06, 0.95, 0.91, 0.92, 0.66, 0.86, 0.41, 0.33, 0.91, 0.23, 0.25, 1.92, 0.83, 0.31, 0.33, 0.31, 0.75, 1.53, 2.0, 0.36, 0.34, 0.31, 1.56, 0.81, 2.06, 0.48, 0.39, 1.56, 1.61, 2.12, 0.59, 0.41, 0.42, 2.14, 2.14, 2.14, 0.42, 2.16, 2.17, 0.92, 2.17, 2.17, 2.2, 2.17, 2.22, 1.25, 1.0, 0.61, 2.23, 2.27, 0.73, 0.92, 1.03, 1.5, 0.23, 1.03, 0.97, 1.67, 1.55, 0.31, 0.36, 1.59, 0.48, 0.41, 0.59, 0.36, 0.41, 0.56, 1.06, 2.19, 0.98, 0.62, 1.3, 1.33, 1.53, 2.25, 1.36, 0.8, 1.02, 2.27, 0.53, 0.66, 0.42, 0.94, 1.05, 2.83, 0.53, 0.38, 0.39, 0.27, 0.27, 0.58, 1.47, 0.97, 1.11, 0.33, 0.34, 0.39, 0.34, 0.36, 1.72, 1.11, 0.78, 1.81, 0.33, 0.34, 0.42, 1.17, 1.12, 1.02, 0.55, 0.52, 1.86, 1.12, 0.84, 2.28, 0.69, 1.2, 1.05, 0.45, 1.05, 1.05, 0.45, 1.08, 1.09, 0.69, 1.44, 0.62, 0.69, 0.75, 1.14, 1.17, 1.84, 1.39, 1.0, 1.02, 2.08, 0.7, 1.19, 1.41, 0.84, 1.91, 1.45, 1.45, 1.45, 0.88, 1.44, 1.53, 1.55, 1.47, 0.98, 0.81, 1.45, 1.62, 1.5, 1.0, 1.5, 1.47, 1.55, 1.02, 1.55, 0.84, 1.48, 1.72, 1.58, 1.56, 1.56, 1.09, 0.39, 0.45, 1.2, 1.64, 1.59, 0.94, 1.62, 1.11, 1.23, 1.66, 1.2, 1.61, 1.69, 1.39, 1.39, 1.34, 1.36, 1.91, 1.88, 1.91, 1.59, 0.77, 2.66, 1.45, 2.33, 2.0, 1.59, 0.77, 2.34, 0.7, 0.47, 1.09, 0.31, 0.41, 0.34, 0.58, 0.39, 0.55, 0.44, 2.47, 1.72]

ILAO*:
Tiempo requerido: 9.182
Nodos expandidos: 684

RLAO*:
Tiempo requerido: 2.777
Nodos expandidos: 1700

BLAO*:
Tiempo requerido: 1.695
Nodos expandidos: 1353

VI:
Tiempo requerido: 1.967
Numero de iteraciones: 91
-------------------------------------------------------
Problema 2
-------------------------------------------------------
LAO*:
Tiempo requerido: 62.117
Nodos expandidos: 684
Porcentajes del conjunto Z: [0.02, 0.03, 0.03, 0.03, 0.08, 0.05, 0.08, 0.11, 0.06, 0.08, 0.09, 0.14, 0.08, 0.14, 0.17, 0.08, 0.09, 0.11, 0.11, 0.11, 0.12, 0.11, 0.12, 0.2, 0.23, 0.25, 0.11, 0.23, 0.12, 0.27, 0.3, 0.12, 0.16, 0.12, 0.14, 0.12, 0.14, 0.16, 0.12, 0.23, 0.16, 0.3, 0.17, 0.12, 0.16, 0.12, 0.3, 0.17, 0.34, 0.2, 0.41, 0.22, 0.23, 0.25, 0.27, 0.27, 0.28, 0.31, 0.33, 0.16, 0.14, 0.34, 0.19, 0.14, 0.17, 0.17, 0.14, 0.16, 0.16, 0.17, 0.16, 0.2, 0.44, 0.45, 0.23, 0.47, 0.48, 0.48, 0.34, 0.52, 0.5, 0.22, 0.55, 0.38, 0.16, 0.19, 0.39, 0.56, 0.56, 0.56, 0.25, 0.2, 0.2, 0.61, 0.58, 0.19, 0.64, 0.66, 0.25, 0.67, 0.45, 0.25, 0.27, 0.5, 0.28, 0.52, 0.19, 0.2, 0.38, 0.19, 0.17, 0.3, 0.23, 0.19, 0.41, 0.19, 0.31, 0.2, 0.62, 0.19, 0.22, 0.19, 0.22, 0.22, 0.23, 0.45, 0.28, 0.5, 0.27, 0.34, 0.36, 0.52, 0.42, 0.56, 0.19, 0.42, 0.48, 0.3, 0.19, 0.58, 0.25, 0.23, 0.62, 0.33, 0.72, 0.42, 0.72, 0.7, 0.45, 0.52, 0.33, 0.52, 0.41, 0.25, 0.22, 0.41, 0.3, 0.25, 0.42, 0.22, 0.2, 0.22, 0.56, 0.25, 0.23, 0.23, 0.2, 0.25, 0.27, 0.56, 0.45, 0.45, 0.27, 0.44, 0.23, 0.39, 0.5, 0.69, 0.52, 0.52, 0.53, 0.47, 0.48, 0.55, 0.53, 0.55, 0.3, 0.56, 0.55, 0.58, 0.59, 0.58, 0.64, 0.62, 0.59, 0.64, 0.41, 0.44, 0.66, 0.66, 0.2, 0.62, 0.5, 0.67, 0.64, 0.7, 0.67, 0.44, 0.27, 0.66, 0.36, 0.28, 0.69, 0.69, 0.67, 0.45, 0.45, 0.78, 0.72, 0.8, 0.52, 0.47, 0.33, 0.78, 0.56, 0.69, 0.73, 0.58, 0.7, 0.52, 0.7, 0.61, 0.72, 0.53, 0.75, 0.56, 0.62, 0.72, 0.59, 0.55, 0.55, 0.56, 0.56, 0.58, 0.62, 0.84, 0.64, 0.86, 0.33, 0.36, 0.22, 0.34, 0.72, 0.67, 0.69, 0.25, 0.62, 0.25, 0.97, 0.28, 0.28, 0.25, 0.28, 0.44, 0.27, 0.5, 0.25, 0.75, 1.02, 0.28, 0.41, 0.58, 0.8, 1.05, 0.3, 0.77, 0.72, 0.8, 0.77, 1.09, 0.53, 0.38, 0.84, 0.8, 0.66, 0.75, 0.39, 0.56, 0.84, 0.8, 0.75, 0.72, 0.86, 0.86, 0.41, 0.62, 0.81, 0.89, 0.91, 0.89, 0.81, 0.89, 0.83, 0.84, 0.83, 0.83, 0.67, 0.92, 0.84, 0.84, 0.84, 0.91, 0.91, 0.89, 0.69, 0.92, 0.88, 0.86, 0.95, 0.94, 0.92, 0.86, 0.95, 0.72, 0.72, 0.45, 0.84, 0.88, 0.94, 1.0, 0.88, 0.89, 0.56, 0.75, 0.97, 0.97, 0.92, 0.91, 0.86, 0.77, 0.8, 0.89, 0.39, 0.27, 0.3, 1.0, 1.0, 1.03, 0.95, 1.02, 1.03, 1.0, 0.73, 1.06, 0.5, 0.34, 1.05, 0.84, 1.12, 0.42, 0.64, 1.08, 0.81, 0.73, 0.47, 0.92, 0.84, 1.09, 0.89, 0.84, 1.11, 0.94, 0.89, 0.83, 0.88, 0.69, 0.8, 0.91, 1.17, 0.84, 0.69, 0.22, 0.86, 0.41, 0.34, 0.77, 0.31, 0.73, 0.33, 0.73, 1.03, 1.03, 0.98, 1.05, 0.39, 0.31, 0.28, 1.06, 0.25, 0.27, 0.45, 0.44, 0.42, 1.08, 0.92, 1.03, 1.11, 0.78, 1.03, 0.78, 0.41, 0.94, 1.16, 1.09, 0.47, 0.95, 0.42, 0.97, 1.12, 0.77, 0.92, 0.81, 1.14, 0.98, 1.16, 1.0, 1.0, 1.16, 0.88, 0.91, 1.02, 1.03, 1.02, 1.19, 1.17, 0.97, 0.84, 1.22, 1.19, 1.02, 1.03, 1.06, 1.95, 0.92, 0.72, 0.91, 1.22, 1.31, 1.19, 0.73, 0.25, 1.0, 0.58, 1.19, 1.44, 1.19, 0.27, 1.11, 1.38, 0.3, 0.77, 1.22, 1.22, 1.23, 2.94, 0.88, 1.09, 1.12, 1.12, 1.47, 0.3, 0.89, 0.8, 1.48, 1.62, 2.69, 1.14, 1.16, 1.59, 1.95, 1.98, 1.16, 1.16, 1.19, 1.19, 1.23, 1.89, 1.17, 0.48, 1.2, 1.2, 2.0, 0.77, 1.45, 1.22, 1.19, 0.58, 1.23, 1.22, 1.58, 2.05, 1.22, 0.78, 2.0, 2.81, 1.2, 1.27, 1.23, 0.91, 1.05, 1.27, 1.31, 2.09, 1.22, 1.28, 1.28, 1.3, 1.67, 1.23, 2.34, 1.23, 1.3, 1.27, 1.59, 0.44, 1.23, 0.44, 0.36, 0.36, 0.77, 0.36, 0.36, 1.31, 1.38, 1.27, 1.97, 0.41, 0.3, 0.36, 1.33, 1.3, 0.53, 0.5, 1.42, 1.5, 1.39, 1.38, 1.28, 2.05, 0.38, 0.8, 1.53, 0.42, 0.44, 1.72, 1.44, 1.47, 1.45, 1.44, 1.3, 1.61, 0.83, 0.52, 1.55, 1.52, 1.31, 1.17, 0.44, 1.7, 0.53, 1.56, 1.33, 1.53, 0.45, 1.25, 1.67, 1.72, 1.62, 2.36, 2.05, 1.28, 0.83, 0.55, 1.31, 1.31, 1.53, 1.67, 1.75, 1.75, 0.88, 1.33, 1.67, 1.84, 2.22, 1.73, 1.28, 1.56, 1.77, 2.31, 1.77, 2.72, 1.81, 1.3, 1.58, 0.73, 1.91, 2.64, 0.34, 1.52, 3.02, 0.8, 2.11, 1.97, 0.31, 1.41, 3.12, 0.89, 2.12, 1.62, 1.19, 0.34, 3.14, 3.14, 0.33, 0.33, 1.56, 1.62, 2.17, 2.17, 1.22, 3.16, 3.17, 0.33, 1.77, 1.77, 0.48, 3.17, 2.19, 2.2, 2.19, 1.27, 3.19, 1.78, 1.8, 2.89, 2.14, 0.53, 2.12, 2.09, 1.3, 2.95, 1.78, 1.34, 0.78, 0.72, 3.0, 2.14, 2.14, 2.14, 2.16, 2.97, 3.03, 0.83, 3.02, 2.2, 2.3, 2.75, 1.55, 0.89, 3.03, 2.22, 3.02, 2.34, 1.8, 5.33, 0.42, 0.39, 0.41, 1.47, 3.28, 1.56, 0.42, 1.48, 2.66]

ILAO*:
Tiempo requerido: 8.186
Nodos expandidos: 711

RLAO*:
Tiempo requerido: 1.805
Nodos expandidos: 1677

BLAO*:
Tiempo requerido: 1.86
Nodos expandidos: 1654

VI:
Tiempo requerido: 1.956
Numero de iteraciones: 91
-------------------------------------------------------
Problema 3
-------------------------------------------------------
LAO*:
Tiempo requerido: 55.676
Nodos expandidos: 595
Porcentajes del conjunto Z: [0.02, 0.03, 0.05, 0.03, 0.06, 0.08, 0.03, 0.03, 0.06, 0.05, 0.09, 0.06, 0.11, 0.11, 0.05, 0.09, 0.14, 0.16, 0.22, 0.23, 0.25, 0.27, 0.28, 0.28, 0.31, 0.3, 0.33, 0.36, 0.33, 0.34, 0.08, 0.38, 0.28, 0.16, 0.39, 0.25, 0.41, 0.39, 0.34, 0.44, 0.06, 0.06, 0.09, 0.45, 0.19, 0.38, 0.5, 0.41, 0.53, 0.44, 0.27, 0.56, 0.33, 0.33, 0.08, 0.42, 0.09, 0.09, 0.11, 0.48, 0.53, 0.25, 0.52, 0.45, 0.3, 0.47, 0.31, 0.33, 0.33, 0.36, 0.39, 0.36, 0.08, 0.09, 0.2, 0.11, 0.47, 0.38, 0.42, 0.64, 0.31, 0.47, 0.36, 0.39, 0.34, 0.42, 0.34, 0.44, 0.41, 0.39, 0.45, 0.48, 0.14, 0.14, 0.62, 0.42, 0.12, 0.7, 0.14, 0.48, 0.55, 0.16, 0.17, 0.8, 0.47, 0.31, 0.67, 0.89, 0.92, 0.38, 0.95, 0.42, 0.45, 0.42, 0.48, 0.14, 0.12, 0.22, 0.23, 0.53, 0.31, 0.7, 0.55, 0.98, 0.41, 0.91, 0.47, 0.36, 0.45, 0.5, 0.16, 0.16, 0.52, 0.17, 0.19, 0.75, 0.2, 0.75, 0.25, 0.31, 0.83, 0.34, 0.92, 0.97, 0.45, 0.5, 0.42, 0.44, 0.12, 0.5, 0.19, 0.27, 0.14, 0.55, 0.28, 0.52, 0.2, 0.53, 0.53, 0.92, 0.34, 1.06, 0.5, 0.38, 0.39, 0.53, 0.55, 0.69, 0.17, 0.19, 0.19, 0.14, 0.2, 0.56, 0.23, 0.25, 0.25, 0.3, 0.52, 0.52, 1.0, 0.53, 1.08, 0.73, 0.81, 0.39, 0.86, 0.17, 0.17, 0.28, 0.17, 0.55, 0.28, 0.2, 0.95, 0.38, 0.97, 0.42, 1.03, 0.98, 0.45, 0.73, 0.41, 0.45, 0.7, 0.2, 0.23, 0.72, 0.17, 0.17, 0.2, 0.3, 0.73, 0.31, 0.28, 0.34, 0.56, 0.77, 0.33, 0.61, 0.78, 0.34, 0.67, 1.28, 0.36, 1.12, 0.5, 0.88, 0.94, 0.95, 0.17, 0.19, 1.09, 0.17, 0.3, 0.17, 0.22, 0.56, 0.47, 0.23, 0.31, 0.31, 0.58, 0.78, 1.05, 0.36, 0.81, 0.48, 1.08, 1.14, 0.56, 1.16, 1.17, 0.84, 1.19, 0.23, 1.16, 0.31, 0.28, 1.16, 0.22, 1.2, 0.23, 0.33, 0.33, 1.23, 1.23, 0.75, 0.27, 1.27, 1.27, 1.25, 0.36, 0.8, 0.59, 1.0, 1.28, 1.3, 1.27, 0.83, 1.3, 1.33, 1.34, 0.84, 1.34, 1.38, 1.31, 0.86, 1.36, 1.36, 1.41, 1.39, 1.33, 1.33, 1.36, 0.55, 0.88, 1.47, 1.45, 1.44, 1.42, 1.55, 0.95, 1.56, 1.56, 0.19, 0.2, 0.23, 0.22, 0.2, 1.14, 0.27, 0.3, 0.33, 0.75, 0.48, 1.58, 1.58, 1.23, 1.16, 0.28, 0.5, 1.59, 1.61, 1.25, 0.36, 0.72, 1.61, 1.27, 0.88, 1.2, 0.91, 1.23, 0.5, 1.33, 0.94, 0.98, 1.39, 1.0, 1.45, 1.41, 0.8, 1.02, 0.72, 1.42, 1.0, 1.0, 0.28, 0.34, 1.19, 1.03, 1.44, 0.28, 0.23, 0.23, 0.33, 0.38, 0.91, 1.61, 1.45, 0.48, 0.92, 1.64, 1.45, 1.28, 1.47, 0.56, 0.5, 0.83, 1.08, 1.08, 1.61, 1.48, 1.5, 1.52, 1.66, 1.23, 1.02, 1.52, 1.55, 0.66, 1.27, 1.03, 1.53, 1.53, 1.56, 0.67, 1.06, 1.61, 0.69, 1.16, 1.11, 1.45, 1.62, 1.62, 1.64, 1.09, 1.67, 1.02, 1.36, 1.03, 1.59, 0.3, 1.19, 0.3, 0.23, 1.42, 1.05, 0.31, 0.61, 0.3, 1.27, 0.38, 0.72, 0.73, 0.33, 0.53, 0.39, 0.38, 1.38, 1.42, 1.64, 1.66, 0.94, 1.3, 0.73, 0.56, 0.75, 2.16, 1.69, 2.16, 0.59, 1.08, 1.08, 1.25, 2.17, 2.19, 2.17, 0.61, 1.17, 1.33, 1.09, 0.52, 2.2, 2.23, 0.62, 1.2, 1.11, 0.92, 0.55, 1.33, 2.38, 2.31, 0.64, 0.64, 0.64, 1.23, 1.3, 1.12, 1.27, 0.67, 1.16, 0.69, 1.2, 0.67, 1.22, 0.98, 0.69, 1.78, 1.8, 1.48, 0.73, 0.72, 0.7, 0.77, 0.77, 0.27, 0.3, 0.25, 0.72, 0.83, 1.05, 1.09, 0.34, 0.39, 0.52, 2.28, 1.45, 1.64, 0.52, 0.75, 1.34, 0.86, 0.52, 0.56, 1.8, 1.34, 0.69, 1.2, 0.95, 0.73, 2.5, 0.77, 1.27, 2.48, 0.69, 2.5, 2.5, 0.7, 2.52, 0.31, 2.52, 2.52, 2.27, 1.72, 0.2, 0.33, 1.2, 2.58, 2.55, 0.73, 1.09, 1.23, 0.67, 0.91, 0.31, 0.44, 0.66, 0.61, 0.42, 2.59, 2.59, 2.56, 2.56, 2.33, 1.09, 0.86, 1.81, 1.81, 1.83, 0.61, 2.59, 2.61, 2.58, 2.56, 2.56, 2.34, 1.09, 1.88, 1.47, 0.67, 2.62, 2.36, 1.2, 0.7, 1.12, 0.53, 2.64, 2.64, 1.28, 0.95, 0.58, 2.72, 2.7, 2.52, 0.66, 2.75, 2.73, 2.72, 2.72, 2.55, 1.36, 1.05, 2.77, 2.75, 2.8, 2.58, 1.39, 1.91, 1.61, 1.61, 1.62, 2.81, 2.88, 0.86, 1.69, 2.61, 2.89, 0.3, 0.94, 0.41, 0.44, 0.34, 0.3, 2.91]

ILAO*:
Tiempo requerido: 7.13
Nodos expandidos: 623

RLAO*:
Tiempo requerido: 2.452
Nodos expandidos: 1472

BLAO*:
Tiempo requerido: 2.111
Nodos expandidos: 1256

VI:
Tiempo requerido: 1.959
Numero de iteraciones: 91
-------------------------------------------------------
Problema 4
-------------------------------------------------------
LAO*:
Tiempo requerido: 44.316
Nodos expandidos: 503
Porcentajes del conjunto Z: [0.02, 0.03, 0.03, 0.05, 0.06, 0.08, 0.08, 0.09, 0.11, 0.11, 0.03, 0.03, 0.03, 0.06, 0.08, 0.06, 0.09, 0.11, 0.16, 0.2, 0.14, 0.08, 0.06, 0.11, 0.19, 0.12, 0.17, 0.19, 0.2, 0.05, 0.09, 0.08, 0.11, 0.11, 0.17, 0.12, 0.22, 0.17, 0.25, 0.23, 0.27, 0.28, 0.28, 0.3, 0.06, 0.3, 0.09, 0.33, 0.33, 0.17, 0.34, 0.34, 0.22, 0.39, 0.41, 0.14, 0.39, 0.22, 0.42, 0.44, 0.25, 0.28, 0.06, 0.09, 0.06, 0.33, 0.17, 0.09, 0.17, 0.39, 0.27, 0.28, 0.16, 0.42, 0.3, 0.45, 0.45, 0.34, 0.48, 0.27, 0.36, 0.5, 0.34, 0.31, 0.52, 0.38, 0.34, 0.5, 0.38, 0.52, 0.39, 0.39, 0.53, 0.23, 0.41, 0.55, 0.28, 0.56, 0.42, 0.58, 0.23, 0.52, 0.52, 0.36, 0.33, 0.39, 0.53, 0.39, 0.12, 0.55, 0.12, 0.16, 0.58, 0.42, 0.08, 0.2, 0.14, 0.17, 0.17, 0.45, 0.52, 0.62, 0.62, 0.28, 0.48, 0.64, 0.34, 0.5, 0.66, 0.38, 0.55, 0.52, 0.7, 0.53, 0.55, 0.53, 0.31, 0.33, 0.62, 0.62, 0.34, 0.38, 0.42, 0.42, 0.7, 0.47, 0.5, 0.7, 0.52, 0.73, 0.61, 0.75, 0.78, 0.83, 0.38, 0.56, 0.84, 0.61, 0.86, 0.86, 0.89, 0.89, 0.64, 0.44, 0.92, 0.94, 0.45, 0.94, 0.97, 0.11, 0.2, 0.72, 0.72, 0.25, 0.09, 0.48, 0.19, 0.19, 0.23, 1.02, 0.8, 0.61, 0.64, 0.28, 0.78, 0.72, 0.36, 0.83, 0.8, 0.88, 0.41, 0.34, 0.36, 0.44, 0.94, 0.62, 1.03, 0.3, 0.84, 0.83, 0.39, 0.84, 0.73, 0.44, 0.89, 0.94, 0.47, 0.88, 0.5, 0.89, 0.88, 0.62, 0.91, 0.91, 0.92, 0.66, 0.97, 0.48, 1.0, 0.23, 1.06, 0.34, 0.17, 0.12, 0.16, 0.3, 0.22, 0.2, 0.8, 0.31, 0.8, 0.33, 0.42, 0.8, 0.88, 0.88, 0.81, 0.5, 0.91, 0.36, 0.92, 0.55, 0.91, 0.95, 0.72, 0.73, 0.92, 0.47, 0.95, 0.97, 0.92, 1.05, 1.09, 0.48, 1.12, 0.78, 1.11, 1.12, 0.31, 0.83, 0.84, 0.42, 0.83, 0.72, 0.91, 0.94, 0.52, 0.84, 0.62, 0.56, 0.81, 0.64, 0.88, 0.91, 0.7, 0.47, 0.94, 0.72, 0.17, 0.52, 0.25, 1.09, 0.94, 0.34, 0.72, 0.25, 0.3, 0.2, 0.22, 0.39, 0.78, 1.14, 0.25, 0.98, 0.75, 1.16, 0.3, 0.27, 0.78, 1.2, 0.27, 0.34, 1.19, 0.28, 0.3, 0.3, 0.8, 0.3, 0.34, 0.47, 0.88, 1.19, 1.19, 1.19, 1.22, 1.19, 0.38, 0.92, 0.98, 0.59, 1.23, 0.98, 1.02, 0.39, 0.67, 1.27, 0.41, 0.61, 1.12, 0.41, 0.81, 0.44, 1.3, 0.73, 0.73, 0.5, 1.31, 0.77, 1.12, 0.55, 1.33, 1.22, 0.81, 0.81, 0.58, 1.19, 0.22, 0.83, 0.59, 0.59, 0.33, 0.84, 0.84, 0.62, 1.22, 0.33, 0.86, 1.02, 0.3, 0.88, 0.45, 0.95, 1.0, 1.3, 1.31, 1.03, 1.0, 1.28, 1.28, 0.66, 0.66, 0.39, 0.72, 0.62, 1.3, 0.81, 0.73, 1.05, 1.05, 0.77, 1.12, 0.38, 0.19, 0.36, 0.77, 0.31, 0.19, 0.23, 0.22, 1.34, 0.41, 1.16, 1.36, 1.2, 0.75, 0.27, 1.22, 0.83, 0.81, 0.59, 0.88, 0.34, 0.33, 0.33, 0.38, 0.84, 0.36, 0.64, 0.38, 0.41, 0.86, 0.67, 1.08, 0.45, 0.41, 0.52, 1.05, 1.25, 1.28, 1.28, 1.31, 1.3, 1.28, 0.69, 1.12, 0.61, 0.45, 1.33, 1.12, 1.08, 1.3, 1.3, 0.66, 0.75, 1.33, 1.33, 1.34, 1.38, 1.19, 0.92, 1.34, 1.34, 1.36, 1.39, 0.33, 0.2, 0.83, 1.36, 1.36, 1.52, 0.88, 1.39, 1.38, 1.53, 0.36, 0.36, 0.66, 1.42, 1.41, 1.62, 1.53, 0.88, 0.41, 0.88, 0.45, 0.88, 0.41, 0.91, 1.12, 0.72, 1.44, 1.45, 1.66, 1.25, 1.25, 1.05, 0.53, 1.23, 0.92, 1.48, 1.47, 1.28, 1.09, 0.55, 1.16, 0.94, 0.94, 1.52, 1.31, 0.72, 1.33, 0.58, 0.95, 0.59, 1.53, 1.53, 1.36, 0.83, 1.33, 1.27, 0.53, 1.17, 1.58]

ILAO*:
Tiempo requerido: 5.989
Nodos expandidos: 545

RLAO*:
Tiempo requerido: 2.452
Nodos expandidos: 1631

BLAO*:
Tiempo requerido: 2.487
Nodos expandidos: 1542

VI:
Tiempo requerido: 1.943
Numero de iteraciones: 91
-------------------------------------------------------
Problema 5
-------------------------------------------------------
LAO*:
Tiempo requerido: 75.084
Nodos expandidos: 746
Porcentajes del conjunto Z: [0.02, 0.03, 0.05, 0.06, 0.08, 0.09, 0.03, 0.05, 0.06, 0.06, 0.11, 0.14, 0.11, 0.19, 0.03, 0.03, 0.06, 0.08, 0.08, 0.09, 0.12, 0.11, 0.2, 0.05, 0.08, 0.09, 0.12, 0.14, 0.16, 0.22, 0.31, 0.38, 0.06, 0.05, 0.08, 0.08, 0.09, 0.09, 0.16, 0.14, 0.22, 0.36, 0.38, 0.39, 0.39, 0.41, 0.41, 0.42, 0.09, 0.44, 0.44, 0.39, 0.14, 0.45, 0.47, 0.47, 0.16, 0.22, 0.47, 0.52, 0.19, 0.47, 0.31, 0.56, 0.22, 0.41, 0.58, 0.25, 0.25, 0.48, 0.59, 0.27, 0.28, 0.28, 0.52, 0.61, 0.31, 0.33, 0.31, 0.36, 0.36, 0.77, 0.09, 0.06, 0.12, 0.42, 0.12, 0.47, 0.44, 0.11, 0.11, 0.12, 0.81, 0.5, 0.45, 0.16, 0.48, 0.17, 0.94, 0.48, 0.28, 0.25, 0.36, 0.28, 0.61, 0.31, 0.52, 0.56, 0.34, 0.64, 0.33, 0.64, 0.59, 0.66, 0.66, 0.34, 0.62, 0.36, 0.67, 0.38, 0.09, 0.39, 0.67, 0.69, 0.42, 0.72, 0.11, 0.95, 0.52, 0.25, 0.53, 0.39, 0.25, 0.88, 0.42, 0.89, 0.56, 0.88, 0.92, 0.95, 0.11, 0.09, 0.11, 0.17, 0.08, 0.17, 0.12, 0.16, 0.38, 0.98, 0.27, 0.12, 0.14, 1.0, 1.02, 0.3, 0.28, 1.03, 0.53, 1.03, 0.53, 1.06, 0.56, 0.84, 1.08, 0.56, 0.89, 1.09, 0.45, 0.59, 0.95, 0.59, 0.52, 1.06, 0.56, 1.0, 1.09, 0.67, 0.09, 0.17, 0.52, 0.98, 0.5, 1.12, 0.16, 1.12, 1.12, 1.02, 1.14, 1.17, 0.53, 1.02, 1.19, 0.33, 0.56, 1.23, 1.33, 0.62, 0.42, 0.3, 0.94, 1.55, 0.97, 0.44, 1.56, 1.06, 0.52, 1.58, 1.58, 0.14, 0.16, 0.11, 0.14, 0.2, 0.19, 0.19, 0.95, 0.59, 1.59, 1.61, 0.39, 0.16, 1.17, 0.19, 0.3, 0.27, 0.17, 1.62, 1.16, 0.44, 1.22, 0.2, 0.22, 1.67, 0.36, 1.19, 1.27, 1.5, 0.44, 0.41, 1.22, 1.28, 1.25, 0.48, 1.3, 0.86, 1.31, 1.31, 0.47, 0.92, 1.34, 0.53, 0.92, 0.97, 0.64, 1.69, 1.38, 1.02, 1.38, 1.39, 1.67, 0.14, 1.8, 0.84, 1.23, 2.09, 2.03, 0.38, 0.81, 1.31, 0.5, 1.34, 0.53, 0.55, 1.03, 1.59, 0.55, 1.14, 0.23, 0.62, 0.2, 0.14, 0.19, 1.28, 0.25, 1.69, 0.7, 1.44, 0.22, 0.19, 0.27, 0.33, 1.86, 0.27, 0.19, 0.77, 1.34, 0.39, 0.72, 0.62, 0.62, 1.19, 0.69, 1.42, 0.88, 1.62, 0.72, 0.89, 0.41, 1.67, 1.03, 0.64, 0.17, 0.66, 2.02, 1.39, 2.0, 2.02, 0.78, 1.28, 0.83, 1.34, 0.39, 0.86, 1.56, 1.36, 0.91, 0.92, 0.66, 1.66, 0.92, 1.06, 0.56, 0.95, 1.91, 0.2, 0.28, 0.28, 0.16, 0.16, 0.16, 0.28, 0.97, 0.25, 0.73, 0.28, 1.45, 1.84, 1.47, 2.31, 0.34, 0.25, 0.44, 0.39, 0.2, 1.02, 1.09, 0.81, 2.42, 2.45, 0.64, 0.42, 0.64, 1.39, 1.5, 1.55, 0.48, 1.03, 0.53, 0.77, 1.12, 0.78, 0.72, 2.31, 0.25, 0.92, 1.78, 1.34, 2.38, 0.84, 0.86, 1.45, 2.41, 2.39, 2.39, 0.92, 0.94, 1.62, 0.94, 0.69, 1.7, 0.22, 1.3, 0.23, 0.19, 0.3, 0.31, 1.33, 0.25, 1.73, 2.31, 0.33, 0.36, 0.58, 0.3, 0.39, 0.59, 0.22, 1.05, 0.22, 2.36, 1.06, 0.25, 1.08, 0.25, 0.56, 0.56, 0.61, 1.41, 0.48, 0.58, 1.09, 1.11, 0.88, 2.27, 1.53, 2.47, 1.59, 0.94, 1.02, 0.56, 1.58, 1.03, 1.06, 1.06, 1.08, 0.98, 0.62, 1.8, 0.95, 1.75, 0.97, 0.23, 1.78, 0.98, 0.98, 1.16, 0.47, 2.41, 1.19, 0.28, 1.41, 1.42, 2.42, 0.45, 0.89, 1.66, 0.47, 1.14, 2.47, 1.16, 0.95, 0.95, 1.17, 0.98, 1.0, 1.19, 1.19, 1.17, 1.11, 1.72, 2.22, 1.03, 0.75, 0.77, 0.3, 0.2, 0.36, 0.39, 0.27, 0.78, 0.36, 0.78, 0.47, 0.78, 0.42, 0.34, 0.28, 0.7, 0.53, 2.28, 0.81, 0.81, 1.09, 0.89, 0.84, 0.91, 0.86, 0.89, 2.42, 0.64, 1.28, 1.83, 0.53, 1.3, 1.38, 2.53, 1.05, 0.59, 1.03, 1.0, 0.73, 1.08, 1.27, 1.03, 1.28, 0.78, 1.05, 0.25, 0.83, 0.23, 2.33, 0.5, 2.5, 0.3, 1.3, 2.0, 0.47, 1.03, 1.67, 1.36, 2.66, 1.0, 1.02, 1.03, 1.16, 1.56, 0.86, 0.22, 0.31, 0.23, 0.27, 0.52, 0.91, 0.45, 0.27, 0.5, 1.12, 0.67, 0.67, 0.95, 0.64, 0.44, 0.55, 0.47, 0.89, 1.31, 0.36, 1.02, 0.89, 2.38, 1.17, 0.55, 0.66, 0.67, 1.39, 0.61, 1.84, 0.62, 2.61, 0.73, 0.77, 2.62, 1.14, 2.72, 2.59, 1.72, 2.66, 2.66, 1.67, 0.23, 2.69, 0.27, 1.06, 0.94, 0.25, 1.75, 1.75, 0.47, 1.02, 2.72, 2.72, 2.52, 2.53, 1.73, 2.77, 2.75, 2.48, 0.31, 0.33, 1.83, 2.8, 2.69, 1.64, 1.72, 1.7, 1.7, 2.81, 2.81, 0.55, 2.62, 1.73, 1.73, 1.73, 0.61, 1.75, 1.73, 1.75, 2.81, 2.61, 1.8, 1.78, 0.64, 1.03, 1.03, 1.03, 2.75, 1.02, 1.08, 1.81, 0.67, 1.06, 2.78, 1.83, 1.83, 1.73, 0.75, 1.08, 2.81, 1.84, 1.86, 1.66, 0.28, 1.72, 0.22, 0.27, 1.12, 0.47, 2.69, 0.55, 0.53, 0.94, 0.33, 1.86, 1.89, 1.88, 1.88, 1.69, 1.75, 1.14, 0.3, 0.7, 0.62, 0.69, 0.47, 1.11, 1.84, 1.84, 1.88, 1.89, 1.92, 1.89, 1.95, 1.84, 1.12, 1.88, 1.89, 1.88, 1.88, 1.94, 1.97, 1.97, 1.7, 1.92, 1.12, 1.05, 2.86, 2.5, 1.95, 1.95, 1.73, 1.72, 1.86, 1.16, 1.45, 0.66, 0.66, 1.47, 0.67, 0.58, 0.55, 1.62, 1.97, 1.98, 1.8, 1.7, 1.67, 1.69, 1.17, 2.59, 0.72, 1.33, 1.75, 1.92, 2.72, 2.11, 1.77, 2.12, 1.52, 1.78, 2.16, 1.48, 1.48, 2.84, 0.78, 1.02, 1.91, 1.91, 2.27, 2.03, 2.28, 1.92, 2.17, 1.95, 1.73, 1.81, 2.3, 1.97, 2.31, 0.27, 1.89, 0.27, 0.38, 0.97, 1.97, 2.5]

ILAO*:
Tiempo requerido: 10.211
Nodos expandidos: 778

RLAO*:
Tiempo requerido: 3.183
Nodos expandidos: 1880

BLAO*:
Tiempo requerido: 1.995
Nodos expandidos: 1481

VI:
Tiempo requerido: 1.95
Numero de iteraciones: 91
-------------------------------------------------------
Problema 6
-------------------------------------------------------
LAO*:
Tiempo requerido: 63.341
Nodos expandidos: 653
Porcentajes del conjunto Z: [0.02, 0.03, 0.05, 0.03, 0.03, 0.03, 0.03, 0.06, 0.06, 0.08, 0.08, 0.08, 0.12, 0.09, 0.16, 0.14, 0.16, 0.05, 0.09, 0.11, 0.14, 0.16, 0.17, 0.06, 0.06, 0.08, 0.11, 0.09, 0.09, 0.16, 0.14, 0.19, 0.2, 0.06, 0.12, 0.17, 0.17, 0.23, 0.17, 0.19, 0.19, 0.2, 0.22, 0.11, 0.23, 0.14, 0.23, 0.16, 0.14, 0.25, 0.25, 0.27, 0.11, 0.11, 0.31, 0.2, 0.33, 0.23, 0.2, 0.25, 0.22, 0.27, 0.27, 0.28, 0.3, 0.5, 0.14, 0.33, 0.08, 0.14, 0.44, 0.22, 0.27, 0.25, 0.3, 0.2, 0.23, 0.12, 0.19, 0.22, 0.12, 0.12, 0.39, 0.48, 0.3, 0.3, 0.31, 0.36, 0.25, 0.17, 0.39, 0.09, 0.19, 0.23, 0.55, 0.28, 0.36, 0.36, 0.48, 0.52, 0.14, 0.2, 0.16, 0.23, 0.27, 0.14, 0.42, 0.44, 0.56, 0.34, 0.41, 0.47, 0.44, 0.59, 0.62, 0.14, 0.25, 0.39, 0.41, 0.61, 0.47, 0.48, 0.17, 0.23, 0.27, 0.17, 0.27, 0.14, 0.45, 0.47, 0.64, 0.59, 0.61, 0.41, 0.42, 0.62, 0.52, 0.64, 0.55, 0.67, 0.66, 0.67, 0.67, 0.69, 0.7, 0.7, 0.73, 0.7, 0.7, 0.17, 0.75, 0.72, 0.16, 0.17, 0.17, 0.72, 0.78, 0.72, 0.45, 0.19, 0.77, 0.72, 0.75, 0.2, 0.59, 0.23, 0.23, 0.48, 0.66, 0.58, 0.69, 0.62, 0.72, 0.75, 0.75, 0.25, 0.19, 0.28, 0.2, 0.3, 0.22, 0.52, 0.84, 0.77, 0.25, 0.53, 0.88, 0.83, 0.75, 0.27, 0.28, 0.66, 0.98, 0.28, 0.7, 0.34, 0.98, 0.3, 0.42, 0.44, 0.98, 0.59, 0.98, 1.0, 0.67, 0.97, 0.77, 0.22, 0.19, 0.2, 0.8, 0.2, 0.55, 0.23, 0.23, 0.94, 0.25, 0.91, 0.25, 1.05, 0.28, 0.31, 0.28, 0.8, 0.3, 1.06, 0.67, 1.2, 1.19, 1.22, 0.67, 0.95, 1.23, 0.34, 0.19, 1.25, 0.28, 0.38, 0.19, 0.2, 0.22, 1.03, 0.36, 1.02, 0.33, 0.27, 1.11, 0.39, 1.08, 0.84, 0.27, 1.14, 1.2, 0.41, 0.7, 0.72, 0.91, 0.45, 1.23, 0.92, 0.61, 1.28, 0.94, 0.62, 0.94, 1.19, 1.23, 1.2, 1.28, 0.69, 1.22, 0.7, 0.95, 1.31, 1.23, 1.27, 0.72, 1.33, 1.25, 1.3, 0.25, 0.28, 0.75, 0.28, 0.75, 1.3, 0.31, 0.3, 1.34, 1.38, 0.77, 1.19, 0.75, 1.28, 0.47, 0.92, 0.77, 1.33, 0.97, 1.0, 1.02, 0.94, 1.23, 0.7, 1.03, 0.78, 1.34, 0.39, 0.34, 0.41, 0.23, 0.25, 0.23, 0.39, 1.11, 0.3, 1.03, 0.45, 1.2, 0.44, 0.86, 1.44, 1.25, 0.92, 0.47, 1.27, 0.73, 0.67, 1.28, 1.34, 0.75, 1.2, 0.78, 1.05, 0.77, 1.28, 0.8, 0.83, 0.84, 1.25, 0.84, 0.75, 0.86, 1.05, 0.38, 0.27, 0.28, 0.84, 0.84, 0.84, 0.86, 0.3, 0.31, 0.25, 0.86, 0.89, 0.92, 0.88, 0.33, 1.78, 1.05, 1.06, 1.22, 0.73, 1.41, 1.31, 1.42, 0.77, 1.36, 0.69, 1.48, 1.06, 1.5, 0.8, 1.5, 1.52, 0.7, 1.5, 1.56, 1.33, 1.58, 0.7, 1.34, 0.83, 1.59, 1.33, 1.47, 0.28, 0.39, 0.25, 0.36, 0.48, 0.31, 0.41, 0.27, 0.3, 0.45, 1.61, 0.38, 1.0, 1.06, 1.48, 1.06, 1.08, 0.48, 1.14, 1.62, 1.09, 1.5, 1.5, 1.09, 0.39, 1.25, 0.31, 1.41, 1.11, 1.52, 1.53, 0.41, 1.12, 1.44, 1.56, 1.55, 1.36, 1.47, 1.56, 1.56, 1.58, 0.7, 0.8, 1.45, 1.56, 1.78, 1.06, 0.84, 1.86, 0.72, 1.14, 1.92, 1.3, 1.58, 0.77, 1.28, 0.47, 0.42, 0.84, 0.31, 1.61, 1.61, 1.45, 1.31, 1.08, 0.41, 0.33, 1.48, 1.33, 0.44, 0.62, 0.36, 1.64, 1.52, 1.34, 1.34, 1.11, 0.39, 1.53, 1.36, 1.33, 1.12, 1.5, 1.61, 1.38, 0.72, 1.38, 0.83, 1.41, 0.77, 0.84, 1.58, 0.86, 1.42, 1.16, 2.08, 0.88, 1.44, 1.44, 1.7, 2.12, 1.61, 0.5, 0.39, 0.55, 0.39, 0.41, 1.06, 0.66, 0.56, 0.42, 0.88, 1.78, 1.09, 1.11, 0.42, 1.53, 0.47, 0.89, 1.11, 1.38, 0.73, 1.39, 0.73, 1.14, 0.47, 1.16, 0.91, 1.77, 1.2, 1.42, 0.92, 1.17, 1.78, 0.95, 1.61, 0.94, 1.8, 0.86, 0.75, 1.61, 0.97, 1.81, 1.09, 1.64, 1.64, 1.28, 0.97, 0.92, 1.72, 1.73, 1.19, 1.67, 0.97, 1.48, 0.98, 1.22, 0.97, 1.72, 1.72, 0.8, 1.02, 1.02, 1.73, 0.81, 0.34, 0.42, 2.19, 1.05, 1.69, 1.11, 0.33, 1.64, 0.98, 0.38, 1.75, 2.3, 1.53, 0.94, 0.39, 1.06, 1.08, 1.0, 0.44, 1.88, 1.88, 0.95, 1.41, 1.47, 0.64, 1.08, 1.38, 0.47, 0.5, 1.95, 0.92, 1.97, 1.97, 1.95, 1.61, 0.48, 2.28, 1.89, 1.48, 1.45, 1.97, 1.25, 2.02, 2.0, 1.75, 0.5, 1.45, 0.95, 1.98, 2.58, 0.52, 1.98, 1.78, 1.47, 0.75, 2.67, 1.81, 1.52, 1.47, 1.02, 1.69, 1.83, 0.81, 1.53, 1.47, 2.11, 0.83, 1.5, 1.89, 1.88, 0.83, 2.12, 1.52, 1.91, 0.98, 2.14, 0.52, 1.55, 1.94, 2.17, 0.39, 1.02, 0.58, 0.45, 0.59, 2.2, 0.42, 1.94, 1.55, 0.92, 1.69, 0.7, 2.22, 2.22, 1.94, 0.59, 2.03, 1.28, 0.41, 0.42, 2.28]

ILAO*:
Tiempo requerido: 8.001
Nodos expandidos: 708

RLAO*:
Tiempo requerido: 3.517
Nodos expandidos: 2074

BLAO*:
Tiempo requerido: 4.228
Nodos expandidos: 2399

VI:
Tiempo requerido: 1.98
Numero de iteraciones: 91
-------------------------------------------------------
Problema 7
-------------------------------------------------------
LAO*:
Tiempo requerido: 49.102
Nodos expandidos: 622
Porcentajes del conjunto Z: [0.02, 0.03, 0.05, 0.06, 0.03, 0.06, 0.09, 0.12, 0.12, 0.03, 0.03, 0.03, 0.06, 0.08, 0.08, 0.11, 0.17, 0.09, 0.11, 0.17, 0.06, 0.06, 0.09, 0.08, 0.11, 0.08, 0.12, 0.09, 0.14, 0.2, 0.22, 0.19, 0.08, 0.09, 0.06, 0.09, 0.19, 0.11, 0.14, 0.16, 0.25, 0.23, 0.22, 0.28, 0.11, 0.11, 0.12, 0.11, 0.12, 0.19, 0.2, 0.12, 0.19, 0.33, 0.34, 0.36, 0.38, 0.11, 0.28, 0.34, 0.38, 0.39, 0.14, 0.2, 0.2, 0.16, 0.22, 0.23, 0.19, 0.14, 0.44, 0.45, 0.47, 0.47, 0.48, 0.5, 0.5, 0.52, 0.12, 0.5, 0.52, 0.53, 0.3, 0.59, 0.14, 0.27, 0.61, 0.28, 0.62, 0.62, 0.34, 0.36, 0.45, 0.5, 0.2, 0.16, 0.22, 0.19, 0.34, 0.19, 0.17, 0.17, 0.31, 0.64, 0.31, 0.69, 0.7, 0.47, 0.72, 0.72, 0.52, 0.72, 0.73, 0.73, 0.58, 0.75, 0.61, 0.75, 0.77, 0.16, 0.14, 0.61, 0.14, 0.41, 0.64, 0.17, 0.16, 0.34, 0.66, 0.36, 0.17, 0.34, 0.66, 0.67, 0.44, 0.69, 0.38, 0.7, 0.7, 0.7, 0.7, 0.48, 0.72, 0.73, 0.73, 0.56, 0.78, 0.78, 0.73, 0.77, 0.78, 0.75, 0.73, 0.58, 0.8, 0.81, 0.75, 0.78, 0.88, 0.81, 0.77, 0.94, 0.7, 1.05, 1.02, 0.17, 0.28, 0.3, 0.19, 0.19, 0.25, 0.48, 0.25, 0.19, 0.19, 0.22, 0.25, 0.41, 0.7, 0.45, 0.83, 0.78, 0.75, 0.59, 0.81, 0.86, 0.77, 1.19, 0.19, 0.33, 0.5, 0.2, 0.27, 0.38, 0.72, 0.5, 0.41, 0.75, 0.77, 0.83, 0.55, 0.91, 0.64, 0.69, 0.53, 0.81, 0.19, 0.45, 0.25, 0.2, 0.27, 0.25, 0.2, 0.22, 0.33, 0.5, 0.89, 0.67, 0.86, 0.73, 0.88, 1.39, 0.34, 1.52, 0.52, 0.59, 0.48, 0.55, 0.77, 0.77, 0.8, 0.56, 0.72, 0.92, 0.75, 0.5, 1.53, 0.25, 0.28, 0.3, 0.97, 0.28, 0.23, 0.25, 0.28, 0.22, 0.25, 0.38, 0.53, 0.8, 0.58, 0.95, 1.56, 0.77, 0.36, 1.0, 0.34, 0.62, 0.52, 0.58, 0.81, 0.81, 0.84, 0.84, 0.86, 0.58, 0.89, 0.61, 1.11, 0.91, 0.28, 0.31, 1.0, 0.56, 0.56, 0.34, 0.34, 0.31, 0.31, 0.33, 0.38, 0.28, 0.27, 0.41, 0.42, 0.42, 0.47, 0.31, 0.58, 0.59, 0.61, 0.61, 0.62, 0.62, 0.61, 0.64, 1.09, 0.64, 1.02, 0.67, 1.56, 0.78, 0.69, 1.03, 0.38, 0.41, 0.36, 0.3, 1.06, 0.7, 0.42, 1.05, 0.72, 0.53, 1.05, 0.73, 0.73, 1.09, 1.09, 0.72, 0.62, 0.83, 0.84, 1.11, 1.14, 0.67, 1.11, 0.86, 1.17, 1.17, 0.81, 0.81, 0.86, 0.88, 0.83, 0.84, 0.59, 0.61, 0.83, 1.19, 1.22, 1.19, 1.19, 0.83, 0.92, 1.0, 1.2, 1.27, 1.22, 0.7, 0.64, 2.03, 1.2, 1.22, 1.23, 1.31, 1.23, 0.3, 1.38, 0.36, 1.28, 1.03, 0.53, 0.75, 0.53, 0.36, 0.38, 0.66, 0.36, 1.25, 1.42, 1.27, 1.42, 0.62, 1.08, 0.47, 0.45, 0.31, 0.27, 0.53, 0.61, 0.7, 1.27, 1.47, 1.52, 1.11, 0.3, 0.31, 0.5, 1.55, 1.14, 0.33, 1.56, 1.56, 1.17, 1.56, 1.56, 1.56, 1.56, 0.66, 1.2, 0.81, 1.59, 1.62, 1.59, 1.22, 0.86, 0.92, 1.64, 1.64, 1.61, 1.23, 0.62, 1.66, 1.66, 1.66, 1.62, 1.62, 0.62, 1.22, 1.27, 0.66, 1.72, 1.66, 1.67, 1.69, 0.64, 1.28, 1.75, 1.7, 1.73, 1.73, 1.75, 1.81, 0.61, 1.83, 0.7, 0.39, 0.39, 0.83, 0.45, 1.77, 1.72, 1.72, 1.84, 1.11, 1.28, 0.44, 1.78, 1.78, 1.77, 0.75, 1.78, 1.77, 1.14, 1.31, 1.81, 1.81, 1.8, 0.59, 1.58, 0.7, 1.86, 1.81, 1.83, 1.81, 1.8, 1.86, 0.77, 1.88, 1.88, 1.12, 1.03, 1.89, 1.89, 1.94, 0.81, 0.89, 0.91, 1.0, 1.23, 1.09, 1.14, 1.0, 0.61, 0.61, 2.0, 2.02, 1.95, 1.17, 2.02, 1.72, 0.62, 0.62, 2.03, 2.02, 2.08, 2.03, 0.66, 2.05, 2.0, 2.11, 2.0, 0.69, 2.11, 2.02, 2.03, 0.53, 0.38, 1.31, 1.19, 0.44, 0.5, 0.42, 0.33, 0.59, 0.39, 0.64, 0.45, 0.42, 2.12, 2.06, 2.03, 2.05, 1.78, 0.48, 1.33, 0.52, 0.5, 0.33, 0.42, 0.64, 0.36, 0.59, 0.45, 2.09, 2.09, 0.39, 2.12, 2.17, 2.09, 1.14, 1.3, 1.38, 2.2, 2.2, 2.2, 0.86, 1.39, 0.64, 2.2, 2.2, 2.2, 2.2, 2.2, 1.86, 0.86, 1.19, 0.89, 2.22, 2.23, 2.27, 2.23, 2.22, 2.22, 2.22, 1.88, 1.67, 1.94, 0.88, 0.88, 2.25, 2.28, 2.48, 1.94, 1.89, 1.89, 0.86, 1.72, 0.89, 1.92, 2.33, 2.55, 1.92, 1.91, 2.28, 0.92, 0.7, 1.95, 1.27, 0.94, 0.92, 0.64, 1.77, 1.94, 2.34, 2.58, 1.94, 2.58, 2.61, 0.69, 1.28, 1.81, 0.94, 1.95, 1.95, 0.73, 2.73, 0.94, 0.72, 2.02, 1.23, 2.75, 0.58, 2.03, 1.84, 1.94, 2.77, 2.77, 1.17, 0.56, 2.8]

ILAO*:
Tiempo requerido: 6.702
Nodos expandidos: 648

RLAO*:
Tiempo requerido: 2.886
Nodos expandidos: 1750

BLAO*:
Tiempo requerido: 3.798
Nodos expandidos: 2221

VI:
Tiempo requerido: 1.954
Numero de iteraciones: 91
-------------------------------------------------------
Problema 8
-------------------------------------------------------
LAO*:
Tiempo requerido: 55.758
Nodos expandidos: 624
Porcentajes del conjunto Z: [0.02, 0.03, 0.03, 0.05, 0.03, 0.05, 0.05, 0.05, 0.11, 0.08, 0.11, 0.12, 0.14, 0.14, 0.17, 0.19, 0.19, 0.2, 0.2, 0.23, 0.25, 0.27, 0.08, 0.05, 0.12, 0.12, 0.17, 0.2, 0.2, 0.22, 0.23, 0.28, 0.25, 0.31, 0.36, 0.12, 0.17, 0.22, 0.27, 0.27, 0.39, 0.11, 0.06, 0.12, 0.06, 0.16, 0.06, 0.09, 0.16, 0.2, 0.27, 0.33, 0.23, 0.25, 0.39, 0.41, 0.08, 0.14, 0.2, 0.2, 0.23, 0.31, 0.5, 0.38, 0.58, 0.59, 0.61, 0.19, 0.09, 0.14, 0.17, 0.11, 0.16, 0.33, 0.28, 0.45, 0.41, 0.61, 0.67, 0.09, 0.25, 0.36, 0.38, 0.67, 0.19, 0.14, 0.16, 0.2, 0.14, 0.14, 0.23, 0.39, 0.42, 0.69, 0.45, 0.47, 0.48, 0.22, 0.5, 0.23, 0.3, 0.44, 0.58, 0.44, 0.22, 0.5, 0.22, 0.22, 0.23, 0.53, 0.48, 0.44, 0.45, 0.91, 0.47, 0.92, 0.5, 0.25, 0.56, 0.25, 0.31, 0.33, 0.42, 0.48, 0.45, 0.48, 0.52, 0.95, 0.98, 0.23, 0.25, 0.23, 0.23, 0.27, 0.28, 0.3, 0.31, 0.45, 0.48, 0.48, 0.97, 0.48, 1.02, 0.59, 1.03, 0.28, 0.33, 0.33, 0.48, 0.98, 0.5, 0.27, 0.62, 0.25, 0.25, 0.28, 0.27, 0.25, 0.28, 0.3, 0.3, 0.31, 0.64, 0.31, 0.61, 0.33, 0.66, 0.67, 0.67, 0.67, 0.69, 0.72, 0.36, 0.7, 0.75, 0.73, 0.78, 0.78, 0.75, 0.5, 0.48, 0.81, 0.77, 0.5, 0.98, 0.83, 0.78, 0.78, 1.06, 0.58, 0.84, 0.8, 0.84, 1.11, 0.81, 0.86, 0.88, 0.3, 0.81, 0.31, 0.31, 0.88, 0.91, 0.83, 0.84, 0.83, 0.89, 0.84, 0.88, 0.91, 1.08, 0.86, 0.69, 0.34, 0.36, 0.39, 0.97, 1.12, 0.72, 1.05, 0.75, 1.06, 1.08, 0.52, 0.78, 1.09, 0.81, 0.83, 1.02, 0.52, 1.11, 0.84, 0.62, 1.08, 0.28, 0.34, 0.86, 0.81, 0.3, 0.34, 0.77, 0.28, 0.3, 0.33, 0.31, 0.83, 0.8, 0.47, 0.31, 0.34, 0.31, 0.38, 0.89, 0.31, 0.83, 0.39, 0.94, 0.41, 0.97, 0.42, 0.42, 0.39, 0.44, 0.75, 0.45, 0.45, 0.41, 0.55, 0.55, 0.42, 0.77, 0.98, 0.52, 0.98, 0.89, 0.81, 0.78, 0.56, 1.11, 0.86, 1.12, 0.8, 0.92, 1.16, 0.84, 1.14, 0.83, 1.19, 1.19, 0.86, 1.03, 0.3, 0.33, 1.2, 0.31, 1.02, 1.2, 0.66, 0.88, 0.34, 0.34, 0.91, 1.25, 1.09, 0.33, 0.98, 0.36, 1.27, 1.11, 1.12, 0.72, 0.36, 0.38, 1.05, 1.36, 1.16, 1.39, 0.41, 1.42, 0.55, 0.48, 1.19, 0.8, 0.52, 0.81, 1.22, 1.22, 1.23, 1.25, 1.25, 0.56, 1.25, 1.27, 1.05, 0.91, 1.25, 1.28, 1.3, 1.28, 0.86, 1.31, 1.33, 0.31, 0.38, 0.88, 0.31, 0.28, 0.31, 0.34, 0.42, 1.2, 0.33, 0.36, 0.34, 0.36, 0.36, 1.39, 1.39, 0.36, 0.86, 0.34, 0.69, 0.3, 0.42, 0.42, 1.41, 1.42, 1.39, 0.39, 0.39, 0.47, 1.33, 0.42, 1.91, 0.5, 1.95, 0.48, 1.48, 0.5, 0.48, 0.52, 1.17, 1.52, 1.52, 0.56, 0.56, 1.53, 0.84, 0.66, 1.31, 0.69, 0.56, 1.03, 1.52, 1.31, 0.94, 0.95, 1.22, 1.52, 0.84, 1.28, 0.38, 0.45, 0.88, 0.3, 1.23, 0.31, 1.03, 0.36, 0.88, 1.25, 1.45, 0.39, 1.27, 1.27, 1.28, 1.3, 0.44, 1.53, 0.5, 1.31, 0.59, 1.2, 0.56, 0.81, 0.58, 1.23, 1.55, 0.61, 1.27, 0.59, 1.23, 1.59, 1.59, 1.25, 0.61, 1.78, 1.81, 1.8, 0.88, 0.98, 0.36, 0.41, 0.62, 1.83, 1.31, 0.36, 0.38, 0.92, 0.36, 0.36, 0.38, 0.44, 0.31, 0.36, 0.39, 0.66, 1.86, 1.23, 0.31, 0.48, 1.38, 0.45, 0.94, 0.39, 0.47, 1.05, 0.47, 1.34, 0.52, 1.36, 1.69, 1.36, 0.5, 1.39, 1.39, 0.56, 1.23, 0.98, 1.41, 1.41, 1.41, 1.75, 1.75, 0.64, 1.44, 1.39, 1.11, 1.45, 0.86, 1.81, 1.83, 0.84, 1.86, 1.88, 1.48, 1.52, 1.55, 0.92, 1.02, 1.89, 0.97, 1.31, 1.05, 0.45, 1.91, 1.91, 0.97, 1.28, 0.47, 1.94, 1.92, 1.38, 1.33, 1.03, 1.11, 1.17, 1.0, 2.0, 1.98, 1.8, 0.44, 0.41, 1.39, 2.02, 0.66, 2.03, 1.41, 2.03, 2.05, 2.06, 1.27, 1.42, 0.86, 2.09, 1.48, 1.45, 0.67, 1.38, 1.38, 2.12, 2.14, 1.39, 1.34, 2.25, 0.95, 0.97, 1.0, 1.48, 0.36, 0.41, 0.48, 0.38, 0.55, 0.44, 0.38, 0.41, 0.55, 0.41, 0.38, 0.45, 0.41, 0.38, 1.25, 0.78, 0.86, 0.44, 1.38, 0.56, 0.94, 1.09, 2.22, 0.45, 2.0, 1.33, 1.11, 2.31, 1.12, 0.52, 2.34, 2.33, 1.45, 1.14, 1.14, 2.11, 2.34, 2.34, 2.34, 2.12, 1.5, 1.17, 0.66, 2.38, 2.36, 2.16, 1.44, 2.47, 0.98, 1.02, 1.03, 1.02, 2.59, 1.41, 1.11, 2.61, 1.42, 1.17, 1.08, 0.58, 2.62, 0.56, 0.44, 0.38, 1.52, 1.34, 0.94, 0.59, 1.3, 2.67, 2.67, 1.44, 1.16, 1.2, 2.7]

ILAO*:
Tiempo requerido: 8.904
Nodos expandidos: 663

RLAO*:
Tiempo requerido: 3.174
Nodos expandidos: 1928

BLAO*:
Tiempo requerido: 3.359
Nodos expandidos: 1858

VI:
Tiempo requerido: 1.956
Numero de iteraciones: 91
-------------------------------------------------------
Problema 9
-------------------------------------------------------
LAO*:
Tiempo requerido: 42.581
Nodos expandidos: 448
Porcentajes del conjunto Z: [0.02, 0.03, 0.03, 0.05, 0.05, 0.06, 0.08, 0.03, 0.05, 0.05, 0.08, 0.11, 0.11, 0.09, 0.11, 0.12, 0.08, 0.12, 0.08, 0.17, 0.09, 0.22, 0.22, 0.23, 0.23, 0.25, 0.25, 0.27, 0.27, 0.27, 0.28, 0.08, 0.05, 0.08, 0.06, 0.3, 0.08, 0.16, 0.19, 0.23, 0.23, 0.17, 0.25, 0.27, 0.44, 0.06, 0.44, 0.08, 0.17, 0.11, 0.25, 0.12, 0.3, 0.14, 0.28, 0.25, 0.08, 0.31, 0.06, 0.09, 0.09, 0.12, 0.11, 0.33, 0.17, 0.08, 0.16, 0.34, 0.36, 0.22, 0.38, 0.31, 0.17, 0.28, 0.34, 0.33, 0.11, 0.36, 0.39, 0.28, 0.39, 0.14, 0.44, 0.2, 0.45, 0.22, 0.47, 0.28, 0.47, 0.23, 0.31, 0.5, 0.48, 0.5, 0.25, 0.33, 0.53, 0.38, 0.27, 0.12, 0.16, 0.09, 0.55, 0.55, 0.56, 0.3, 0.62, 0.17, 0.62, 0.66, 0.16, 0.69, 0.69, 0.17, 0.7, 0.72, 0.34, 0.72, 0.75, 0.19, 0.78, 0.23, 0.27, 0.8, 0.28, 0.36, 0.8, 0.39, 0.56, 0.56, 0.38, 0.8, 0.59, 0.84, 0.12, 0.45, 0.64, 0.86, 0.47, 0.67, 0.64, 0.42, 0.48, 0.48, 0.5, 0.5, 0.5, 0.16, 0.3, 0.77, 0.53, 0.52, 0.16, 0.38, 0.58, 0.52, 0.58, 0.75, 0.41, 0.55, 0.61, 0.59, 0.77, 0.27, 0.53, 0.78, 0.31, 0.62, 0.64, 0.62, 0.84, 0.36, 0.64, 0.67, 0.64, 0.42, 0.81, 0.72, 0.69, 0.81, 0.17, 0.11, 0.16, 0.61, 0.2, 0.14, 0.81, 0.89, 0.2, 0.62, 0.19, 0.92, 0.66, 0.94, 0.91, 0.5, 0.19, 0.44, 0.33, 0.95, 0.97, 0.53, 1.03, 0.41, 0.22, 0.53, 0.77, 0.58, 0.45, 0.58, 0.59, 0.59, 0.84, 0.8, 0.66, 0.7, 0.83, 0.38, 0.67, 0.92, 0.39, 0.12, 0.47, 0.69, 0.94, 0.39, 0.17, 0.5, 0.7, 0.7, 0.39, 0.64, 0.7, 0.44, 0.98, 0.95, 1.05, 0.7, 0.48, 1.28, 0.53, 1.05, 0.91, 0.41, 0.17, 1.05, 1.05, 0.42, 0.25, 0.77, 1.06, 1.08, 0.67, 0.58, 1.11, 0.33, 0.84, 1.12, 0.38, 0.61, 0.75, 1.12, 0.62, 0.14, 0.22, 0.77, 0.23, 0.84, 0.17, 0.84, 0.22, 0.41, 0.19, 0.66, 0.2, 0.86, 0.89, 0.23, 0.88, 0.91, 0.22, 0.27, 0.95, 0.72, 0.98, 0.94, 0.75, 0.95, 1.03, 0.77, 0.77, 1.16, 1.0, 0.25, 1.08, 1.17, 1.16, 0.89, 0.91, 0.28, 0.47, 1.28, 0.91, 0.94, 0.7, 0.92, 0.36, 1.19, 0.75, 1.3, 0.72, 1.02, 1.03, 1.03, 1.05, 0.78, 0.91, 0.59, 1.09, 0.52, 0.98, 0.25, 1.08, 1.16, 1.16, 0.2, 0.86, 0.92, 0.28, 0.52, 0.31, 1.56, 1.02, 1.23, 1.06, 1.27, 0.78, 1.12, 1.31, 0.23, 0.25, 0.14, 0.19, 0.23, 1.33, 0.17, 0.19, 0.22, 0.2, 1.05, 0.98, 0.23, 0.52, 1.06, 0.55, 1.19, 0.28, 1.19, 0.88, 1.25, 0.66, 1.19, 0.58, 1.28, 0.27, 1.19, 0.34, 0.97, 1.31, 0.52, 0.77, 1.08, 0.55, 1.17, 0.25, 0.97, 0.2, 0.98, 1.64, 0.23, 1.31, 1.31, 1.31, 1.33, 1.19, 1.38, 0.2, 0.22, 0.53, 1.2, 1.22, 1.22, 1.55, 1.23, 0.22, 0.91, 1.7, 1.58, 0.61, 1.58, 1.59, 0.48, 1.59, 0.52, 1.61, 0.98, 0.3, 0.95, 0.2, 0.33, 0.23, 1.48, 1.17, 0.2, 0.42, 0.95, 0.27, 0.27, 1.2, 1.5, 1.23, 0.66, 0.31, 1.52, 0.61, 0.34, 0.88, 0.89, 1.52, 1.52, 1.52, 0.94, 1.56, 1.53, 0.61, 1.3, 1.59, 1.31, 0.62, 1.62, 0.98, 0.36, 1.64, 0.64, 1.39, 1.64, 1.33, 1.66]

ILAO*:
Tiempo requerido: 4.558
Nodos expandidos: 470

RLAO*:
Tiempo requerido: 1.861
Nodos expandidos: 1755

BLAO*:
Tiempo requerido: 1.618
Nodos expandidos: 1258

VI:
Tiempo requerido: 1.969
Numero de iteraciones: 91
-------------------------------------------------------
Problema 10
-------------------------------------------------------
LAO*:
Tiempo requerido: 56.152
Nodos expandidos: 644
Porcentajes del conjunto Z: [0.02, 0.03, 0.03, 0.06, 0.05, 0.08, 0.06, 0.09, 0.08, 0.11, 0.09, 0.19, 0.03, 0.05, 0.03, 0.08, 0.11, 0.06, 0.14, 0.09, 0.17, 0.11, 0.09, 0.14, 0.17, 0.22, 0.19, 0.23, 0.25, 0.27, 0.27, 0.3, 0.3, 0.31, 0.33, 0.06, 0.05, 0.06, 0.09, 0.36, 0.14, 0.19, 0.2, 0.25, 0.22, 0.28, 0.23, 0.33, 0.53, 0.16, 0.2, 0.25, 0.08, 0.45, 0.06, 0.08, 0.11, 0.48, 0.5, 0.17, 0.2, 0.3, 0.12, 0.47, 0.53, 0.2, 0.27, 0.11, 0.11, 0.09, 0.08, 0.11, 0.09, 0.09, 0.14, 0.62, 0.67, 0.23, 0.27, 0.36, 0.38, 0.19, 0.64, 0.75, 0.27, 0.3, 0.19, 0.12, 0.12, 0.12, 0.16, 0.17, 0.3, 0.72, 0.25, 0.31, 0.38, 0.33, 0.39, 0.34, 0.36, 0.38, 0.38, 0.38, 0.39, 0.39, 0.38, 0.38, 0.77, 0.78, 0.44, 0.48, 0.3, 0.33, 0.36, 0.38, 0.39, 0.42, 0.2, 0.41, 0.48, 0.47, 0.17, 0.23, 0.2, 0.3, 0.42, 0.64, 0.73, 0.67, 0.69, 0.27, 0.27, 0.7, 0.31, 0.7, 0.72, 0.72, 0.72, 0.73, 0.36, 0.77, 0.73, 0.41, 0.36, 0.78, 0.81, 0.75, 0.8, 0.8, 0.83, 0.77, 0.77, 0.77, 0.48, 0.86, 0.84, 0.8, 0.81, 0.88, 0.88, 0.62, 0.81, 1.03, 0.83, 0.84, 1.05, 1.06, 1.08, 0.33, 0.7, 0.73, 0.34, 0.42, 0.8, 0.52, 0.64, 0.22, 0.22, 0.92, 0.27, 0.27, 0.75, 0.77, 0.75, 0.78, 0.28, 0.28, 1.17, 0.8, 0.31, 0.8, 0.31, 0.38, 1.19, 0.83, 1.2, 0.84, 1.22, 0.41, 0.41, 0.47, 0.44, 0.39, 0.45, 0.88, 0.8, 1.0, 0.19, 0.83, 0.89, 1.25, 1.27, 0.77, 1.3, 0.3, 1.33, 0.38, 0.33, 0.84, 1.36, 0.45, 1.39, 0.59, 0.92, 0.19, 0.23, 0.23, 0.23, 0.22, 0.3, 0.27, 0.27, 0.77, 0.77, 0.81, 1.33, 0.31, 0.33, 0.31, 0.33, 0.83, 0.39, 0.84, 0.42, 0.88, 0.41, 1.41, 0.52, 0.5, 0.47, 0.86, 0.88, 0.48, 0.47, 0.62, 0.89, 0.22, 0.25, 0.95, 1.34, 1.36, 0.34, 0.89, 0.44, 0.39, 1.44, 0.89, 0.89, 0.91, 0.92, 0.62, 0.94, 0.66, 0.25, 0.28, 0.95, 0.22, 0.2, 0.23, 0.95, 0.28, 0.22, 0.42, 0.28, 0.3, 0.3, 0.42, 0.97, 0.98, 1.0, 1.02, 0.8, 0.8, 1.05, 1.48, 1.05, 1.06, 1.44, 0.36, 0.33, 0.33, 0.36, 0.84, 0.39, 0.36, 1.08, 1.11, 1.09, 0.42, 1.53, 0.45, 1.12, 1.12, 1.23, 0.91, 1.58, 1.14, 1.16, 1.14, 0.94, 1.59, 0.56, 0.61, 1.16, 1.19, 1.16, 1.16, 1.61, 0.48, 1.17, 1.17, 1.2, 1.17, 1.22, 1.2, 1.62, 1.62, 0.67, 1.2, 1.23, 1.2, 1.31, 0.97, 1.66, 0.7, 1.2, 1.38, 0.98, 0.89, 1.67, 0.92, 0.72, 1.39, 0.97, 0.98, 0.73, 0.77, 1.0, 1.47, 0.78, 1.48, 1.44, 1.44, 1.45, 1.45, 1.25, 0.5, 1.66, 0.38, 1.47, 1.47, 1.69, 0.42, 1.48, 0.97, 1.72, 1.2, 1.0, 1.25, 1.02, 0.64, 1.0, 1.03, 1.03, 0.62, 1.78, 1.05, 1.09, 0.25, 0.22, 0.59, 1.83, 0.28, 0.31, 0.47, 0.33, 0.27, 0.33, 0.39, 1.3, 0.67, 0.38, 1.11, 0.34, 1.84, 1.53, 1.12, 1.09, 0.72, 0.36, 0.88, 0.39, 1.31, 0.41, 1.12, 1.81, 1.81, 1.59, 1.14, 1.16, 1.14, 0.39, 0.88, 1.16, 1.83, 1.84, 1.47, 0.41, 0.45, 1.61, 1.27, 0.38, 0.53, 1.17, 1.7, 1.7, 1.17, 1.2, 1.89, 1.69, 0.55, 1.73, 1.75, 1.2, 1.55, 1.3, 1.8, 1.33, 1.22, 0.62, 0.62, 0.62, 1.34, 1.44, 0.47, 1.23, 1.02, 1.41, 1.73, 1.42, 0.77, 1.11, 0.66, 0.28, 0.27, 1.03, 0.89, 0.3, 0.94, 1.0, 0.91, 0.92, 1.2, 1.2, 1.94, 1.5, 1.52, 1.52, 1.23, 2.0, 1.8, 0.44, 1.36, 2.03, 1.84, 1.05, 2.06, 0.52, 1.5, 2.08, 2.08, 0.69, 1.44, 2.09, 2.09, 2.09, 0.77, 1.44, 2.11, 2.11, 2.11, 0.3, 0.28, 2.11, 0.3, 2.11, 2.11, 0.34, 0.38, 0.27, 0.3, 0.48, 0.27, 0.34, 1.45, 2.14, 2.17, 0.31, 2.19, 2.17, 1.09, 0.94, 0.36, 0.91, 1.44, 2.23, 2.45, 0.88, 0.36, 1.14, 1.53, 0.95, 0.48, 0.38, 1.0, 0.39, 1.52, 1.56, 0.39, 0.62, 1.53, 1.53, 1.59, 1.94, 0.56, 1.55, 1.64, 0.58, 2.08, 1.3, 0.64, 1.66, 0.67, 0.64, 0.59, 2.11, 0.66, 1.05, 1.72, 2.86, 1.77, 1.78, 0.7, 2.17, 2.89, 1.8, 1.16, 0.83, 0.39, 0.91, 0.34, 0.34, 0.3, 2.42, 1.08, 1.61, 0.97, 2.44, 0.95, 1.53, 1.23, 1.67, 1.53, 0.98, 2.44, 2.44, 1.02, 1.0, 1.03, 2.45, 2.47, 1.73, 0.52, 1.02, 2.48, 1.02, 2.5, 0.53, 1.38, 1.03, 1.03, 2.53, 2.52, 1.06, 1.06, 2.56, 1.11, 1.08, 2.55, 0.55, 0.7, 1.11, 2.59, 1.14, 1.09, 1.78, 0.81, 2.3, 2.61, 1.17, 0.31, 1.17, 0.41, 0.34, 0.52, 1.81, 0.31, 0.33, 0.39, 0.39, 2.31, 2.62, 2.62, 1.19, 1.19, 0.42, 1.22, 1.19, 1.0, 0.34, 1.83, 2.42, 2.66]

ILAO*:
Tiempo requerido: 9.154
Nodos expandidos: 679

RLAO*:
Tiempo requerido: 3.07
Nodos expandidos: 1769

BLAO*:
Tiempo requerido: 3.059
Nodos expandidos: 1869

VI:
Tiempo requerido: 1.99
Numero de iteraciones: 91
-------------------------------------------------------
