Problema 1
-------------------------------------------------------
LAO*:
Tiempo requerido: 28.65
Nodos expandidos: 428
Porcentajes del conjunto Z: [0.02, 0.04, 0.04, 0.08, 0.1, 0.12, 0.14, 0.16, 0.18, 0.04, 0.08, 0.08, 0.08, 0.12, 0.12, 0.14, 0.2, 0.18, 0.22, 0.12, 0.16, 0.12, 0.18, 0.22, 0.31, 0.24, 0.27, 0.08, 0.14, 0.1, 0.08, 0.1, 0.12, 0.18, 0.33, 0.29, 0.39, 0.08, 0.12, 0.16, 0.29, 0.33, 0.43, 0.16, 0.08, 0.16, 0.16, 0.18, 0.12, 0.33, 0.35, 0.41, 0.57, 0.12, 0.16, 0.2, 0.35, 0.51, 0.53, 0.2, 0.1, 0.22, 0.22, 0.24, 0.22, 0.47, 0.43, 0.49, 0.45, 0.57, 0.61, 0.63, 0.65, 0.14, 0.67, 0.2, 0.2, 0.69, 0.69, 0.27, 0.71, 0.71, 0.33, 0.73, 0.76, 0.76, 0.43, 0.78, 0.76, 0.78, 0.78, 0.55, 0.82, 0.8, 0.8, 0.8, 0.61, 0.82, 0.86, 0.65, 0.84, 0.9, 0.88, 0.86, 0.22, 0.94, 0.9, 0.12, 0.14, 0.24, 0.22, 0.27, 0.27, 0.29, 0.88, 0.98, 1.0, 0.22, 0.9, 1.02, 0.69, 0.96, 0.98, 0.73, 0.51, 0.47, 0.57, 0.49, 0.59, 0.65, 0.53, 0.86, 0.63, 0.9, 0.76, 0.96, 0.96, 1.02, 0.24, 0.96, 0.16, 1.16, 0.98, 0.43, 0.73, 1.06, 1.0, 0.78, 1.16, 0.45, 0.47, 1.18, 0.88, 0.86, 1.22, 0.67, 0.65, 0.88, 0.65, 1.24, 1.27, 0.73, 1.29, 0.8, 0.98, 0.14, 0.33, 0.27, 0.16, 0.31, 1.2, 0.33, 1.04, 1.06, 0.8, 0.59, 0.53, 0.71, 1.29, 0.8, 0.82, 1.0, 0.76, 1.33, 0.82, 0.78, 1.06, 1.0, 0.31, 0.84, 1.0, 1.06, 1.0, 0.78, 0.86, 1.1, 1.12, 0.88, 1.14, 1.14, 1.16, 1.16, 0.86, 1.94, 0.9, 0.61, 0.9, 0.98, 1.0, 1.31, 0.76, 0.78, 1.31, 1.35, 0.86, 1.35, 1.37, 0.29, 1.0, 1.02, 0.2, 0.33, 0.18, 0.35, 0.65, 1.39, 0.24, 1.27, 0.92, 1.14, 1.12, 0.84, 1.22, 1.27, 1.37, 0.53, 0.71, 0.96, 0.76, 1.08, 0.94, 1.51, 1.16, 1.63, 1.16, 0.9, 1.55, 0.94, 1.57, 1.2, 0.96, 1.43, 0.9, 1.76, 1.76, 0.98, 1.51, 0.94, 1.78, 1.78, 1.02, 1.0, 1.55, 1.1, 1.84, 1.8, 1.57, 0.92, 1.88, 1.12, 1.59, 1.59, 1.06, 0.71, 1.18, 1.63, 1.65, 1.9, 1.31, 1.73, 1.33, 1.02, 1.92, 1.24, 0.63, 1.63, 1.67, 1.35, 0.2, 0.67, 0.22, 0.67, 0.22, 0.27, 0.86, 1.65, 1.73, 1.41, 1.55, 1.37, 0.9, 1.67, 1.57, 1.39, 1.53, 1.76, 0.86, 1.86, 1.37, 1.76, 1.37, 1.76, 1.41, 1.94, 1.78, 1.78, 1.8, 1.84, 1.43, 1.47, 1.43, 1.96, 1.8, 1.8, 1.76, 1.51, 1.49, 1.84, 0.55, 2.22, 1.86, 1.88, 1.82, 1.98, 1.53, 1.51, 1.0, 0.57, 1.94, 1.9, 2.22, 1.59, 1.59, 1.61, 2.0, 0.94, 1.59, 1.67, 1.35, 1.94, 1.71, 1.69, 1.69, 0.88, 1.49, 2.35, 1.82, 2.0, 1.92, 0.67, 1.73, 1.76, 1.55, 1.8, 1.98, 0.69, 1.0, 1.76, 1.69, 2.02, 1.69, 1.84, 3.55, 1.9, 2.06, 1.45, 1.47, 1.82, 2.1, 1.94, 2.27, 2.14, 0.59, 0.94, 2.29, 2.16, 1.65, 2.31, 2.37, 2.18, 2.18, 1.0, 2.27, 2.2, 2.29, 2.29, 2.02, 1.37, 2.33, 0.24, 0.24, 2.33, 0.65, 0.67, 2.02, 0.29, 1.78, 1.41, 0.29, 0.67, 0.69, 0.69, 2.35, 2.35, 2.69, 3.27, 0.31, 2.37, 2.39, 2.35, 2.98, 0.76, 2.41, 2.43, 2.1, 2.35, 1.43, 2.47]

ILAO*:
Tiempo requerido: 2.999
Nodos expandidos: 462

RLAO*:
Tiempo requerido: 2.077
Nodos expandidos: 1353

BLAO*:
Tiempo requerido: 2.433
Nodos expandidos: 1768

VI:
Tiempo requerido: 1.475
Numero de iteraciones: 91
-------------------------------------------------------
Problema 2
-------------------------------------------------------
LAO*:
Tiempo requerido: 37.759
Nodos expandidos: 515
Porcentajes del conjunto Z: [0.02, 0.04, 0.06, 0.08, 0.1, 0.12, 0.04, 0.04, 0.08, 0.08, 0.12, 0.14, 0.18, 0.04, 0.04, 0.1, 0.14, 0.18, 0.2, 0.24, 0.08, 0.16, 0.22, 0.22, 0.24, 0.06, 0.06, 0.06, 0.27, 0.24, 0.1, 0.22, 0.35, 0.37, 0.41, 0.43, 0.45, 0.1, 0.47, 0.08, 0.47, 0.1, 0.47, 0.14, 0.49, 0.51, 0.53, 0.53, 0.55, 0.31, 0.55, 0.55, 0.55, 0.59, 0.59, 0.63, 0.63, 0.61, 0.71, 0.39, 0.73, 0.45, 0.8, 0.14, 0.14, 0.12, 0.16, 0.57, 0.29, 0.29, 0.45, 0.69, 0.49, 0.51, 0.73, 0.76, 0.8, 0.84, 0.82, 0.86, 0.22, 0.31, 0.9, 0.33, 0.33, 0.92, 0.53, 0.55, 0.94, 0.57, 0.59, 1.0, 0.49, 0.73, 0.53, 0.69, 0.71, 0.43, 0.82, 0.51, 0.78, 0.8, 0.8, 0.86, 0.86, 0.86, 0.88, 1.04, 0.9, 0.9, 0.33, 0.61, 0.94, 0.96, 0.67, 0.88, 0.59, 0.82, 0.49, 0.76, 0.82, 1.04, 0.35, 0.37, 0.94, 0.57, 1.02, 0.35, 0.65, 0.55, 0.88, 0.61, 0.71, 0.69, 1.0, 0.8, 0.78, 0.92, 1.1, 0.9, 0.96, 1.04, 0.35, 0.35, 0.35, 0.59, 0.61, 0.41, 0.86, 0.63, 0.92, 0.78, 0.84, 0.84, 0.96, 1.14, 1.08, 0.37, 0.37, 0.43, 0.39, 0.39, 0.61, 0.41, 0.37, 0.39, 1.1, 0.43, 0.43, 1.12, 0.47, 0.47, 0.82, 1.14, 0.51, 1.12, 0.53, 1.14, 0.78, 0.82, 1.14, 0.98, 1.14, 0.39, 1.02, 1.12, 0.39, 0.69, 0.65, 1.16, 1.2, 0.67, 0.96, 1.27, 1.18, 1.35, 0.45, 0.49, 1.14, 0.55, 0.41, 0.65, 0.39, 1.18, 0.71, 0.73, 1.04, 0.67, 1.35, 1.06, 1.37, 0.96, 1.41, 1.18, 1.04, 1.06, 1.12, 0.39, 0.55, 1.14, 0.45, 0.41, 0.57, 0.43, 0.76, 1.16, 0.47, 0.49, 0.47, 0.59, 1.24, 0.61, 0.71, 1.18, 1.16, 1.02, 1.2, 1.22, 1.2, 0.63, 1.06, 1.22, 1.27, 1.27, 1.22, 1.12, 0.65, 1.24, 1.33, 1.33, 1.47, 0.67, 1.41, 1.35, 0.69, 1.39, 1.43, 1.45, 1.37, 0.71, 0.73, 1.45, 1.49, 1.12, 0.53, 0.55, 0.43, 0.57, 1.47, 1.51, 1.51, 1.14, 0.49, 0.61, 1.61, 1.18, 0.65, 0.41, 1.18, 0.45, 0.73, 0.76, 1.27, 0.84, 1.12, 1.49, 1.37, 0.86, 1.2, 0.88, 0.88, 0.92, 1.41, 1.59, 1.55, 1.57, 0.92, 1.08, 0.45, 0.92, 0.92, 1.27, 1.29, 0.78, 1.16, 0.51, 1.35, 0.49, 1.41, 0.51, 1.1, 0.53, 0.63, 1.33, 0.73, 0.78, 1.31, 1.35, 1.35, 1.35, 1.45, 1.37, 1.39, 1.45, 1.41, 1.41, 1.47, 0.57, 0.59, 0.45, 0.47, 0.59, 1.45, 1.49, 1.78, 0.59, 1.47, 0.43, 1.47, 1.33, 0.67, 1.29, 1.73, 1.51, 1.41, 0.84, 1.31, 0.59, 0.69, 0.84, 1.53, 1.53, 1.53, 1.45, 0.71, 0.73, 1.18, 1.45, 1.61, 1.61, 1.53, 0.92, 0.76, 1.86, 1.82, 1.45, 1.88, 1.9, 1.49, 0.86, 1.22, 1.22, 1.9, 1.94, 0.88, 1.04, 1.51, 1.73, 0.88, 1.08, 1.92, 1.98, 0.88, 1.53, 1.53, 1.82, 1.65, 1.22, 1.55, 1.57, 1.57, 1.53, 0.51, 1.69, 0.47, 2.04, 1.61, 1.73, 1.63, 0.55, 0.59, 1.31, 1.92, 1.71, 1.69, 1.49, 0.73, 0.76, 1.9, 1.69, 0.82, 1.98, 0.9, 2.35, 0.92, 1.27, 1.51, 1.53, 1.94, 1.96, 2.02, 1.53, 1.61, 1.61, 0.59, 0.61, 0.47, 0.61, 1.14, 0.51, 0.61, 0.61, 2.04, 1.71, 1.59, 1.94, 2.06, 1.49, 0.61, 0.67, 1.31, 1.33, 2.06, 0.61, 0.98, 0.96, 1.57, 2.1, 0.76, 0.63, 0.8, 1.61, 1.69, 2.24, 0.92, 1.71, 1.71, 0.96, 2.27, 1.47, 1.49, 2.57, 1.1, 1.73, 1.76, 2.29, 1.98, 2.86, 1.8, 1.55, 1.51, 1.51, 2.08, 2.98, 1.82, 1.61, 1.37, 2.1, 1.69, 1.92, 0.63, 1.41, 1.69, 2.14, 1.8, 2.29, 1.94, 0.49, 1.55, 0.53, 1.71, 2.1, 2.16, 2.16, 2.45, 1.96, 1.59, 0.57, 0.57, 0.61, 1.73, 2.43, 1.94, 0.76, 0.84, 1.76, 1.76, 1.51, 2.43, 1.8, 2.18, 1.63, 1.96, 0.8, 2.45]

ILAO*:
Tiempo requerido: 5.281
Nodos expandidos: 543

RLAO*:
Tiempo requerido: 1.91
Nodos expandidos: 1747

BLAO*:
Tiempo requerido: 1.979
Nodos expandidos: 1520

VI:
Tiempo requerido: 1.571
Numero de iteraciones: 91
-------------------------------------------------------
Problema 3
-------------------------------------------------------
LAO*:
Tiempo requerido: 54.867
Nodos expandidos: 723
Porcentajes del conjunto Z: [0.02, 0.04, 0.06, 0.06, 0.08, 0.08, 0.04, 0.04, 0.04, 0.08, 0.08, 0.1, 0.16, 0.12, 0.29, 0.31, 0.33, 0.1, 0.14, 0.33, 0.08, 0.14, 0.16, 0.1, 0.22, 0.39, 0.41, 0.1, 0.12, 0.18, 0.35, 0.43, 0.12, 0.2, 0.1, 0.22, 0.16, 0.1, 0.18, 0.14, 0.31, 0.51, 0.45, 0.12, 0.12, 0.14, 0.16, 0.14, 0.16, 0.16, 0.55, 0.2, 0.22, 0.47, 0.24, 0.49, 0.51, 0.51, 0.55, 0.29, 0.57, 0.57, 0.27, 0.14, 0.12, 0.2, 0.29, 0.59, 0.59, 0.18, 0.18, 0.61, 0.61, 0.61, 0.61, 0.61, 0.67, 0.63, 0.63, 0.24, 0.69, 0.69, 0.33, 0.59, 0.37, 0.71, 0.71, 0.39, 0.67, 0.76, 0.78, 0.76, 0.82, 0.8, 0.55, 0.84, 0.86, 0.88, 0.16, 0.16, 0.9, 0.22, 0.65, 0.65, 0.67, 0.29, 0.76, 0.69, 0.73, 0.33, 0.61, 0.73, 0.39, 0.65, 0.41, 0.73, 0.43, 0.76, 0.55, 0.45, 0.9, 0.8, 0.45, 0.92, 0.49, 0.82, 0.24, 0.94, 0.16, 0.51, 0.24, 0.94, 0.37, 0.24, 0.41, 0.65, 0.22, 0.78, 0.8, 0.71, 0.73, 0.45, 0.84, 0.8, 0.57, 0.96, 0.88, 1.08, 0.16, 1.0, 0.22, 0.16, 0.35, 0.69, 0.22, 1.02, 0.73, 0.78, 0.82, 0.41, 0.47, 0.76, 0.51, 0.63, 0.94, 0.96, 0.22, 0.39, 0.92, 0.37, 0.39, 0.47, 0.47, 0.24, 0.37, 0.27, 0.8, 0.84, 0.73, 0.31, 0.84, 0.33, 0.76, 0.55, 0.98, 0.73, 1.0, 1.06, 0.73, 0.73, 1.08, 0.92, 0.35, 1.22, 0.2, 0.76, 0.37, 1.1, 0.22, 0.2, 0.71, 0.78, 1.12, 0.8, 0.8, 0.33, 0.92, 0.94, 0.76, 0.96, 0.69, 0.9, 0.98, 0.71, 0.24, 0.47, 1.04, 0.47, 0.76, 0.53, 0.24, 0.57, 0.53, 0.27, 0.84, 0.49, 0.29, 0.82, 0.86, 0.51, 0.82, 0.84, 0.35, 0.86, 0.86, 0.41, 0.9, 0.88, 0.92, 0.78, 0.9, 0.71, 0.63, 1.0, 0.94, 0.88, 0.92, 0.92, 1.02, 1.02, 0.94, 0.86, 0.96, 2.14, 1.04, 1.04, 0.96, 1.53, 1.08, 1.0, 1.0, 0.73, 2.45, 0.78, 1.04, 1.04, 1.1, 1.57, 1.57, 0.22, 0.31, 0.22, 0.27, 0.22, 0.41, 0.29, 0.41, 1.57, 1.59, 0.86, 0.8, 0.45, 0.96, 0.98, 0.98, 1.0, 1.04, 0.94, 1.08, 2.41, 0.29, 0.51, 0.29, 0.57, 0.67, 0.63, 0.65, 0.31, 0.33, 0.33, 0.92, 0.84, 0.84, 0.98, 0.98, 1.67, 0.45, 1.02, 0.49, 1.06, 0.73, 1.12, 1.06, 0.8, 0.86, 1.14, 1.08, 1.29, 1.22, 0.94, 1.49, 0.98, 0.76, 0.78, 1.67, 1.53, 0.24, 0.39, 0.24, 0.27, 0.43, 1.55, 0.35, 1.73, 1.59, 0.98, 1.61, 1.63, 1.65, 0.53, 1.84, 1.04, 1.04, 1.16, 1.24, 0.98, 1.0, 0.69, 0.71, 0.31, 0.37, 0.33, 0.37, 0.69, 1.02, 0.96, 0.29, 0.53, 0.45, 1.51, 1.04, 1.04, 1.0, 1.0, 1.08, 1.1, 1.06, 1.12, 1.57, 1.16, 0.51, 1.84, 1.27, 0.82, 0.82, 0.92, 1.71, 2.02, 1.73, 1.73, 1.73, 1.59, 2.08, 2.12, 0.98, 2.1, 2.12, 2.18, 2.2, 0.9, 1.96, 2.39, 1.04, 0.37, 0.88, 0.33, 0.45, 0.47, 0.51, 0.61, 0.51, 0.49, 0.49, 1.2, 1.29, 1.37, 1.22, 2.43, 3.2, 2.43, 2.47, 1.04, 0.8, 0.82, 0.35, 0.39, 0.41, 2.22, 1.08, 0.37, 2.49, 0.39, 0.47, 0.73, 0.49, 0.82, 2.51, 2.51, 0.43, 2.53, 2.55, 2.55, 2.53, 1.18, 0.45, 2.55, 2.59, 2.63, 2.96, 3.14, 0.53, 3.2, 0.98, 1.29, 0.92, 0.55, 3.22, 0.57, 0.57, 1.31, 0.61, 0.63, 0.65, 1.02, 1.33, 2.98, 1.35, 1.35, 3.04, 3.04, 1.35, 3.2, 1.1, 1.39, 3.16, 0.88, 3.24, 1.12, 0.53, 0.57, 0.57, 0.86, 0.76, 0.49, 0.63, 3.2, 3.24, 0.39, 1.18, 1.14, 1.16, 1.47, 3.24, 3.33, 3.27, 2.43, 2.9, 0.71, 1.29, 2.94, 2.98, 2.59, 1.35, 1.04, 1.06, 0.53, 0.55, 1.16, 0.55, 0.84, 0.88, 0.84, 1.16, 0.51, 2.73, 0.51, 0.53, 2.67, 2.67, 2.69, 1.22, 2.63, 2.78, 2.69, 0.55, 2.82, 2.82, 2.92, 0.53, 3.0, 2.71, 0.57, 2.86, 2.71, 2.71, 2.71, 1.0, 0.98, 0.59, 3.06, 1.29, 0.96, 2.84, 2.76, 2.78, 2.8, 2.78, 0.71, 2.76, 1.35, 3.02, 0.61, 3.08, 1.59, 2.9, 2.9, 2.86, 2.82, 0.98, 1.39, 3.1, 3.1, 2.94, 2.67, 2.92, 3.12, 3.14, 2.92, 2.84, 1.45, 2.96, 2.94, 3.02, 3.06, 3.14, 3.08, 2.98, 2.73, 0.82, 3.16, 0.59, 3.12, 0.94, 0.63, 0.57, 1.24, 3.14, 0.41, 0.61, 1.1, 1.12, 2.73, 1.27, 1.29, 2.8, 1.29, 1.29, 1.31, 1.33, 3.02, 0.73, 1.02, 3.04, 2.96, 2.92, 0.69, 3.22, 1.37, 1.71, 1.39, 3.33, 3.0, 1.02, 3.53, 3.18, 3.61, 1.59, 0.92, 0.92, 3.98, 0.57, 0.57, 0.57, 0.57, 0.84, 0.88, 1.61, 1.08, 0.55, 4.08, 1.63, 1.63, 1.65, 0.49, 0.98, 1.27, 4.1, 1.37, 3.37, 3.41, 0.51, 0.71, 1.69, 1.65, 1.02, 4.12, 3.53, 1.71, 1.76, 3.9, 1.31, 1.41, 1.78, 1.78, 1.02, 1.31, 1.06, 1.1, 1.06, 3.41, 3.37, 1.76, 1.08, 3.78, 3.45, 1.78, 1.31, 3.08, 3.8, 1.8, 1.45, 1.8, 1.47, 1.86, 4.04, 1.88, 0.55, 0.61, 0.63, 0.94, 0.65, 0.71, 0.94, 4.08, 0.61, 1.9, 1.57, 0.43, 1.04, 1.27, 0.69, 0.43, 1.12, 1.14, 1.16, 1.92, 1.88, 1.33, 1.18, 1.31, 4.16, 4.14, 0.86, 1.98, 1.2, 1.96, 4.12, 3.39, 1.96, 4.18, 4.14, 1.98, 3.92, 3.63, 4.22, 4.22, 4.27, 2.04, 1.29, 2.08, 0.98, 0.76, 3.49, 2.24, 2.22, 4.76, 3.47, 1.02, 2.27, 2.29, 2.24, 1.29, 4.78]

ILAO*:
Tiempo requerido: 6.701
Nodos expandidos: 763

RLAO*:
Tiempo requerido: 2.161
Nodos expandidos: 1847

BLAO*:
Tiempo requerido: 2.338
Nodos expandidos: 1536

VI:
Tiempo requerido: 1.469
Numero de iteraciones: 91
-------------------------------------------------------
Problema 4
-------------------------------------------------------
LAO*:
Tiempo requerido: 32.288
Nodos expandidos: 464
Porcentajes del conjunto Z: [0.02, 0.04, 0.06, 0.08, 0.08, 0.1, 0.14, 0.04, 0.06, 0.06, 0.1, 0.14, 0.16, 0.06, 0.12, 0.2, 0.2, 0.22, 0.24, 0.27, 0.06, 0.08, 0.1, 0.1, 0.22, 0.08, 0.27, 0.22, 0.29, 0.29, 0.31, 0.1, 0.1, 0.14, 0.12, 0.12, 0.22, 0.33, 0.39, 0.31, 0.12, 0.14, 0.33, 0.16, 0.16, 0.37, 0.39, 0.35, 0.16, 0.2, 0.12, 0.24, 0.14, 0.27, 0.39, 0.49, 0.37, 0.51, 0.39, 0.53, 0.41, 0.55, 0.55, 0.59, 0.43, 0.61, 0.61, 0.45, 0.61, 0.45, 0.63, 0.47, 0.61, 0.49, 0.67, 0.53, 0.18, 0.65, 0.65, 0.65, 0.69, 0.69, 0.8, 0.71, 0.27, 0.55, 0.71, 0.86, 0.71, 0.84, 0.29, 0.57, 0.76, 0.92, 0.76, 0.92, 0.31, 0.61, 0.51, 0.63, 0.63, 0.67, 0.98, 0.98, 0.55, 0.86, 0.59, 0.88, 0.47, 0.51, 0.22, 0.29, 0.14, 0.16, 0.29, 0.67, 0.67, 0.31, 0.41, 0.35, 1.06, 0.8, 0.43, 1.08, 0.55, 1.1, 1.1, 0.61, 1.12, 1.14, 0.67, 0.47, 1.18, 0.69, 0.55, 1.27, 0.61, 0.71, 0.73, 1.31, 1.31, 0.88, 0.37, 0.92, 1.33, 0.59, 0.78, 0.29, 0.16, 0.18, 0.33, 0.41, 1.51, 0.78, 1.53, 0.8, 1.55, 1.55, 0.43, 0.43, 1.57, 1.59, 1.63, 0.57, 0.73, 0.78, 1.39, 0.8, 1.41, 1.43, 0.94, 1.57, 0.84, 1.59, 1.59, 1.61, 1.65, 0.86, 1.63, 1.67, 1.65, 1.67, 1.69, 1.69, 1.65, 1.73, 0.86, 1.69, 1.76, 1.73, 1.76, 1.71, 0.9, 1.67, 1.86, 2.02, 0.92, 1.92, 1.98, 1.94, 0.76, 1.96, 1.51, 1.98, 1.98, 1.55, 2.02, 2.0, 0.33, 0.2, 0.2, 0.43, 0.47, 1.57, 2.02, 2.04, 1.61, 1.63, 1.63, 2.08, 1.57, 0.8, 1.86, 1.61, 0.86, 0.45, 0.43, 0.92, 0.59, 0.78, 0.94, 1.92, 0.92, 0.94, 2.39, 2.02, 0.96, 2.43, 2.04, 2.06, 0.24, 0.98, 0.92, 2.67, 1.0, 0.92, 2.22, 2.14, 0.98, 2.45, 1.16, 2.22, 0.69, 0.92, 2.08, 2.59, 2.14, 0.43, 2.2, 0.55, 0.43, 0.24, 2.45, 2.47, 2.29, 0.29, 0.98, 2.82, 1.02, 0.67, 2.84, 0.55, 1.04, 2.24, 0.69, 1.43, 2.86, 2.31, 1.06, 1.49, 0.71, 2.33, 0.73, 1.08, 0.69, 0.76, 1.53, 2.35, 0.78, 1.41, 0.9, 1.43, 2.37, 0.82, 0.98, 2.92, 1.04, 2.71, 2.73, 2.73, 3.04, 3.06, 0.31, 1.04, 2.84, 1.08, 2.88, 1.2, 0.57, 2.94, 1.39, 0.61, 2.45, 1.41, 1.47, 0.92, 1.02, 1.08, 2.69, 2.69, 1.0, 0.57, 2.73, 0.57, 0.69, 2.49, 2.61, 2.63, 0.31, 3.27, 3.29, 1.22, 0.67, 2.43, 0.57, 0.82, 3.45, 1.45, 2.45, 0.59, 0.65, 1.0, 3.27, 3.22, 3.24, 3.29, 1.1, 0.59, 3.24, 0.33, 3.27, 3.35, 0.96, 3.37, 3.29, 1.14, 3.33, 3.51, 0.59, 0.59, 0.61, 0.84, 3.55, 2.61, 0.63, 0.67, 1.49, 1.08, 3.24, 1.16, 0.73, 1.22, 0.73, 0.73, 3.35, 0.63, 0.35, 1.24, 0.65, 3.35, 3.37, 1.31, 0.67, 0.59, 0.59, 0.63, 3.39, 1.55, 0.67, 0.71, 2.63, 0.88, 0.73, 0.76, 3.43, 3.43, 1.47, 0.71, 3.45, 3.47, 1.51, 3.49, 3.49, 3.49, 1.67, 3.55, 3.53, 3.51, 3.51, 1.06, 3.57, 3.63, 3.53, 1.14, 3.61, 3.65, 3.55, 3.27, 3.31, 3.39, 3.43, 3.43, 3.43, 1.27, 3.63, 3.67, 3.63, 3.57, 3.43, 0.33, 3.31, 3.31, 0.35, 0.37, 1.33, 3.76, 3.65, 3.67, 3.78, 3.39, 0.65, 3.37, 1.53, 0.45, 3.67, 3.82, 3.43, 0.47, 2.98, 1.73, 3.9, 3.84, 3.47, 0.73, 0.67, 0.76, 1.22, 4.02, 3.9, 2.59, 3.61, 0.65, 3.63, 4.06]

ILAO*:
Tiempo requerido: 4.7
Nodos expandidos: 493

RLAO*:
Tiempo requerido: 1.589
Nodos expandidos: 1283

BLAO*:
Tiempo requerido: 2.595
Nodos expandidos: 1619

VI:
Tiempo requerido: 1.447
Numero de iteraciones: 91
-------------------------------------------------------
Problema 5
-------------------------------------------------------
LAO*:
Tiempo requerido: 29.452
Nodos expandidos: 437
Porcentajes del conjunto Z: [0.02, 0.04, 0.04, 0.04, 0.04, 0.08, 0.08, 0.08, 0.1, 0.08, 0.1, 0.12, 0.12, 0.14, 0.16, 0.18, 0.18, 0.22, 0.2, 0.27, 0.24, 0.22, 0.29, 0.31, 0.27, 0.35, 0.14, 0.37, 0.1, 0.16, 0.1, 0.16, 0.12, 0.18, 0.22, 0.29, 0.43, 0.12, 0.14, 0.18, 0.24, 0.1, 0.2, 0.14, 0.18, 0.22, 0.14, 0.24, 0.14, 0.16, 0.27, 0.27, 0.35, 0.29, 0.37, 0.31, 0.39, 0.33, 0.39, 0.33, 0.35, 0.41, 0.49, 0.43, 0.51, 0.43, 0.47, 0.69, 0.51, 0.49, 0.69, 0.55, 0.16, 0.55, 0.18, 0.71, 0.59, 0.88, 0.59, 0.22, 0.61, 0.61, 0.24, 0.33, 0.65, 0.63, 0.63, 0.39, 0.71, 0.43, 0.73, 0.37, 0.47, 0.76, 0.65, 0.43, 0.22, 0.18, 0.18, 0.14, 0.2, 0.22, 0.24, 0.92, 0.31, 0.18, 0.35, 0.2, 0.2, 0.98, 0.41, 0.35, 0.67, 0.71, 0.51, 0.57, 0.8, 0.67, 0.63, 0.82, 0.69, 0.9, 0.94, 0.2, 0.22, 0.22, 0.29, 0.35, 0.67, 0.43, 0.71, 0.45, 0.43, 0.8, 0.73, 0.47, 0.51, 0.76, 0.49, 0.49, 0.53, 0.88, 0.9, 0.51, 0.57, 0.61, 0.61, 0.22, 0.69, 0.65, 0.18, 0.24, 0.24, 0.2, 0.22, 0.24, 0.22, 1.43, 0.29, 0.22, 0.24, 1.53, 0.31, 0.45, 0.76, 1.63, 0.53, 0.71, 1.65, 0.59, 0.55, 1.73, 0.65, 0.71, 0.22, 0.27, 1.61, 1.49, 0.67, 0.8, 1.63, 0.55, 1.65, 0.63, 1.53, 0.92, 0.65, 1.55, 2.47, 0.82, 0.29, 0.84, 0.27, 0.24, 0.2, 0.37, 0.43, 0.86, 1.51, 0.33, 0.43, 1.65, 0.53, 1.71, 0.82, 0.61, 1.76, 0.92, 0.69, 2.0, 0.73, 2.02, 0.92, 2.04, 0.96, 2.04, 0.22, 0.31, 2.04, 0.24, 0.33, 2.06, 2.08, 2.06, 2.08, 2.12, 2.12, 2.08, 0.43, 2.12, 2.1, 2.2, 2.18, 2.24, 2.1, 0.55, 2.18, 2.29, 1.71, 0.9, 0.65, 2.2, 2.2, 1.8, 0.94, 2.22, 2.22, 2.22, 0.67, 2.27, 2.24, 2.27, 0.73, 2.31, 2.27, 2.29, 2.02, 2.43, 0.27, 0.45, 0.43, 0.94, 0.33, 0.31, 0.33, 0.47, 2.47, 2.47, 0.98, 2.1, 2.51, 2.12, 0.35, 0.37, 2.53, 1.73, 0.69, 2.43, 2.37, 2.37, 2.47, 0.96, 1.98, 2.51, 0.71, 1.0, 0.98, 2.51, 0.24, 0.33, 1.02, 0.29, 0.37, 2.76, 1.08, 2.31, 2.39, 2.31, 2.82, 2.35, 2.82, 1.96, 0.98, 2.61, 0.73, 2.04, 2.49, 2.06, 1.02, 2.51, 0.47, 0.41, 2.37, 0.51, 0.35, 0.45, 0.51, 0.35, 0.41, 2.35, 2.8, 2.59, 1.12, 0.39, 2.49, 2.57, 2.43, 1.98, 2.9, 2.53, 2.94, 2.67, 2.94, 0.67, 0.67, 2.55, 0.76, 2.51, 1.0, 2.57, 0.45, 0.35, 1.12, 2.63, 1.06, 0.41, 1.08, 2.39, 1.1, 1.1, 1.1, 2.0, 1.14, 1.16, 1.73, 2.08, 2.53, 0.49, 0.51, 0.53, 1.06, 0.53, 0.49, 0.65, 0.37, 0.43, 0.45, 0.69, 2.86, 2.73, 1.2, 2.71, 0.41, 0.43, 2.73, 2.2, 1.2, 2.49, 2.51, 2.04, 2.08, 1.22, 3.08, 2.98, 2.96, 1.71, 2.82, 0.71, 2.45, 3.12, 2.86, 1.69, 3.14, 3.14, 2.88, 3.16, 3.16, 2.76, 2.9, 2.9, 3.18, 3.18, 2.92, 2.92, 3.18, 2.73, 3.2, 3.22, 2.94, 2.94, 2.16, 2.76, 1.27, 0.37, 3.29, 2.78, 3.31, 3.31, 2.82, 2.8, 2.82, 0.43, 3.35, 3.35, 3.33, 2.29, 2.65, 2.86, 1.57, 2.41, 3.43, 2.9, 2.9, 2.06, 3.1, 2.94, 3.47]

ILAO*:
Tiempo requerido: 3.914
Nodos expandidos: 458

RLAO*:
Tiempo requerido: 1.8
Nodos expandidos: 1517

BLAO*:
Tiempo requerido: 1.629
Nodos expandidos: 1454

VI:
Tiempo requerido: 1.43
Numero de iteraciones: 91
-------------------------------------------------------
Problema 6
-------------------------------------------------------
LAO*:
Tiempo requerido: 55.881
Nodos expandidos: 693
Porcentajes del conjunto Z: [0.02, 0.04, 0.04, 0.08, 0.04, 0.06, 0.04, 0.06, 0.1, 0.14, 0.14, 0.18, 0.06, 0.06, 0.08, 0.12, 0.08, 0.1, 0.1, 0.2, 0.24, 0.18, 0.27, 0.12, 0.08, 0.12, 0.14, 0.12, 0.14, 0.14, 0.27, 0.16, 0.35, 0.18, 0.2, 0.22, 0.12, 0.24, 0.31, 0.37, 0.12, 0.14, 0.14, 0.18, 0.18, 0.31, 0.16, 0.18, 0.24, 0.33, 0.39, 0.35, 0.43, 0.37, 0.39, 0.41, 0.43, 0.45, 0.45, 0.49, 0.47, 0.14, 0.49, 0.53, 0.47, 0.55, 0.57, 0.43, 0.39, 0.45, 0.47, 0.47, 0.49, 0.49, 0.51, 0.45, 0.53, 0.55, 0.47, 0.24, 0.57, 0.24, 0.57, 0.61, 0.53, 0.18, 0.2, 0.71, 0.22, 0.76, 0.41, 0.37, 0.78, 0.39, 0.8, 0.47, 0.41, 0.41, 0.82, 0.51, 0.51, 0.86, 0.53, 0.51, 0.59, 0.55, 0.67, 0.55, 0.41, 0.37, 0.49, 0.92, 0.43, 0.53, 0.94, 0.51, 0.57, 0.96, 0.59, 1.04, 1.1, 1.04, 1.06, 1.16, 1.1, 0.51, 0.27, 1.12, 0.22, 0.29, 0.27, 0.55, 0.31, 1.16, 0.2, 1.16, 0.22, 1.18, 1.2, 0.39, 1.22, 1.22, 0.45, 1.27, 1.02, 0.55, 0.53, 0.63, 1.06, 0.59, 0.8, 0.61, 1.12, 1.14, 1.16, 0.35, 0.55, 1.18, 1.2, 0.41, 1.24, 1.31, 0.49, 1.37, 1.04, 0.65, 1.1, 0.78, 1.08, 1.16, 0.82, 1.24, 0.31, 1.2, 0.59, 0.29, 0.29, 0.35, 0.33, 0.41, 0.24, 0.27, 1.22, 1.24, 0.41, 0.41, 0.49, 1.31, 0.63, 1.1, 1.33, 0.61, 1.37, 0.84, 0.65, 1.22, 1.39, 0.84, 1.39, 0.67, 1.43, 0.88, 1.33, 0.69, 1.73, 1.73, 1.51, 0.35, 0.69, 0.92, 1.76, 1.8, 1.57, 0.86, 1.53, 1.59, 0.88, 0.9, 1.67, 0.45, 0.92, 0.41, 1.55, 0.94, 0.94, 0.96, 0.96, 1.63, 0.98, 1.0, 0.98, 1.98, 0.82, 0.65, 1.82, 1.84, 0.33, 1.55, 0.27, 0.27, 0.33, 0.35, 1.9, 0.49, 1.88, 0.37, 0.29, 1.67, 1.9, 1.67, 1.65, 0.47, 1.82, 1.0, 0.51, 1.67, 1.86, 0.67, 1.16, 1.92, 0.65, 1.18, 0.73, 0.96, 1.2, 1.2, 0.98, 1.8, 0.73, 1.22, 1.24, 1.0, 2.47, 0.76, 0.47, 0.33, 1.88, 1.02, 2.02, 0.78, 0.78, 2.04, 1.04, 0.8, 0.82, 0.82, 1.06, 1.8, 1.08, 0.84, 1.08, 0.86, 1.08, 1.65, 0.51, 0.51, 0.84, 1.04, 0.55, 1.88, 1.2, 1.2, 0.92, 1.86, 1.18, 1.22, 1.22, 1.1, 1.9, 0.94, 1.9, 1.2, 1.24, 1.24, 0.96, 0.96, 1.22, 1.78, 1.29, 1.22, 0.98, 1.0, 0.67, 1.22, 1.02, 1.06, 1.59, 1.29, 1.02, 1.9, 1.31, 1.31, 0.35, 1.04, 1.69, 0.76, 0.35, 0.37, 0.37, 0.35, 1.33, 1.1, 1.33, 1.33, 1.1, 1.76, 0.31, 0.33, 1.37, 1.41, 1.41, 1.37, 1.65, 1.47, 2.06, 1.43, 1.57, 1.39, 0.49, 0.86, 2.08, 1.14, 1.43, 1.43, 1.12, 2.04, 1.2, 2.12, 2.12, 1.14, 1.45, 1.47, 1.94, 1.12, 2.47, 2.45, 1.16, 1.47, 1.53, 1.18, 0.65, 1.35, 2.24, 2.22, 2.2, 1.2, 2.1, 2.41, 2.41, 2.0, 1.02, 0.8, 2.08, 1.06, 0.57, 2.18, 0.35, 1.49, 1.12, 0.84, 1.16, 0.49, 0.53, 1.18, 2.27, 0.53, 0.57, 0.51, 1.12, 0.61, 2.33, 1.31, 2.24, 2.47, 2.33, 2.45, 1.04, 1.16, 0.39, 0.45, 1.14, 0.41, 0.37, 0.82, 1.71, 0.86, 0.84, 0.35, 0.37, 1.73, 0.39, 1.2, 0.51, 1.73, 0.53, 1.69, 1.67, 2.35, 1.73, 1.76, 2.31, 1.22, 0.57, 2.37, 2.59, 0.67, 0.67, 1.31, 2.51, 1.33, 2.63, 1.35, 1.35, 0.84, 2.71, 1.39, 0.37, 1.37, 1.37, 1.14, 0.61, 0.39, 0.43, 2.71, 1.39, 1.92, 1.2, 2.73, 0.47, 1.43, 1.98, 1.35, 2.16, 2.16, 1.35, 0.65, 2.24, 0.55, 2.24, 2.24, 0.67, 2.24, 2.35, 2.29, 2.29, 1.41, 2.53, 2.49, 2.33, 2.57, 1.45, 1.06, 1.18, 0.43, 0.43, 0.47, 1.16, 0.47, 0.49, 1.47, 0.86, 1.24, 0.41, 2.92, 1.35, 0.59, 1.55, 0.61, 0.63, 2.2, 2.31, 1.33, 0.69, 0.71, 2.41, 2.35, 3.47, 1.41, 3.51, 1.47, 3.53, 1.02, 3.53, 0.45, 1.45, 0.63, 0.39, 0.39, 0.43, 1.33, 0.47, 0.45, 0.49, 0.63, 1.0, 0.51, 0.51, 0.65, 0.53, 0.55, 0.59, 1.39, 0.61, 3.33, 1.49, 3.35, 3.35, 2.39, 3.41, 1.59, 3.47, 2.47, 1.08, 1.65, 1.12, 0.45, 0.45, 0.61, 1.71, 1.2, 0.47, 0.51, 0.88, 0.53, 1.29, 1.24, 0.67, 1.27, 1.51, 0.55, 0.43, 1.29, 0.57, 0.76, 0.65, 0.65, 1.33, 1.33, 0.73, 0.59, 1.33, 1.35, 0.78, 2.49, 1.41, 0.71, 0.73, 2.67, 0.78, 0.73, 2.45, 0.76, 1.59, 3.59, 2.49, 0.78, 0.8, 1.69, 1.1, 2.53, 1.73, 2.55, 0.51, 0.65, 0.65, 0.65, 1.84, 0.71, 2.57, 1.53, 1.29, 2.59, 0.71, 1.57, 1.31, 2.63, 0.69, 1.59, 1.61, 2.65, 2.65, 1.33, 2.69, 2.59, 2.55, 2.63, 3.61, 2.57, 2.73, 2.73, 0.78, 1.67, 3.73, 2.9, 2.9, 2.92, 2.69, 1.2, 1.18, 0.86, 2.96, 2.96, 2.73, 1.27, 0.55, 1.06, 1.88, 0.57, 0.65, 0.55, 1.94, 1.18, 0.57, 0.65, 0.57, 1.08, 3.04, 1.98, 0.69, 0.61, 3.06, 1.1, 1.12, 0.73, 1.65, 0.78, 0.8, 3.1, 3.1, 1.14, 1.14, 3.14, 1.16, 1.18, 2.65, 3.12, 1.22, 3.18, 3.16, 3.14, 2.86, 3.2, 3.24, 0.84, 1.47, 0.78, 3.14, 2.51, 2.51, 1.67, 3.14, 0.88, 2.55]

ILAO*:
Tiempo requerido: 9.368
Nodos expandidos: 716

RLAO*:
Tiempo requerido: 1.849
Nodos expandidos: 1451

BLAO*:
Tiempo requerido: 3.433
Nodos expandidos: 1798

VI:
Tiempo requerido: 1.443
Numero de iteraciones: 91
-------------------------------------------------------
Problema 7
-------------------------------------------------------
LAO*:
Tiempo requerido: 48.23
Nodos expandidos: 667
Porcentajes del conjunto Z: [0.02, 0.04, 0.04, 0.08, 0.04, 0.06, 0.12, 0.08, 0.14, 0.1, 0.16, 0.18, 0.2, 0.06, 0.12, 0.12, 0.16, 0.18, 0.2, 0.22, 0.22, 0.24, 0.24, 0.27, 0.27, 0.27, 0.37, 0.08, 0.1, 0.1, 0.41, 0.12, 0.18, 0.43, 0.18, 0.24, 0.49, 0.22, 0.27, 0.27, 0.29, 0.35, 0.08, 0.1, 0.08, 0.18, 0.49, 0.27, 0.53, 0.31, 0.57, 0.53, 0.59, 0.55, 0.33, 0.27, 0.59, 0.55, 0.41, 0.65, 0.57, 0.43, 0.71, 0.45, 0.12, 0.47, 0.24, 0.16, 0.51, 0.53, 0.61, 0.31, 0.59, 0.35, 0.31, 0.49, 0.67, 0.51, 0.53, 0.53, 0.57, 0.1, 0.14, 0.1, 0.53, 1.04, 0.2, 0.67, 0.71, 0.39, 0.27, 0.31, 0.59, 0.47, 0.78, 0.8, 0.57, 0.14, 0.16, 0.27, 0.53, 0.29, 0.82, 0.31, 0.31, 0.37, 0.33, 0.35, 0.39, 0.45, 0.59, 0.47, 0.49, 0.49, 0.71, 0.76, 0.14, 0.12, 0.65, 0.16, 0.14, 0.16, 0.14, 0.14, 0.63, 0.14, 0.57, 0.33, 0.16, 0.43, 0.43, 0.49, 0.88, 0.69, 0.82, 0.16, 0.18, 0.22, 0.22, 0.67, 0.2, 0.31, 0.14, 0.73, 0.57, 0.76, 0.33, 0.59, 0.51, 0.61, 0.63, 0.53, 0.63, 0.63, 0.65, 0.65, 0.67, 0.57, 0.71, 0.9, 0.78, 0.82, 0.92, 0.8, 0.8, 0.63, 0.84, 0.22, 0.31, 0.14, 0.78, 0.59, 1.24, 0.22, 0.37, 0.82, 0.86, 0.49, 0.45, 0.59, 0.82, 0.55, 0.92, 0.86, 1.0, 0.24, 0.88, 0.33, 0.31, 0.18, 0.24, 0.8, 1.35, 0.27, 1.39, 0.53, 0.47, 0.65, 0.71, 0.9, 0.78, 0.57, 0.96, 1.02, 0.86, 0.84, 0.24, 0.37, 0.78, 0.39, 0.86, 1.41, 0.92, 0.47, 0.73, 0.51, 0.78, 0.59, 0.98, 0.86, 0.94, 0.33, 0.33, 0.47, 0.35, 0.96, 0.37, 0.2, 0.2, 1.41, 0.33, 1.47, 0.94, 0.8, 0.96, 0.53, 0.9, 0.98, 0.98, 0.98, 0.98, 0.69, 0.92, 1.0, 1.02, 1.86, 0.73, 1.02, 1.22, 1.02, 1.96, 1.29, 0.65, 1.06, 1.98, 1.98, 0.67, 1.16, 2.06, 2.02, 0.33, 0.27, 1.33, 2.0, 2.04, 2.0, 1.96, 1.14, 1.71, 1.24, 2.18, 2.14, 2.08, 1.39, 0.9, 0.45, 0.45, 2.2, 2.14, 2.22, 2.18, 0.37, 1.43, 1.41, 0.94, 1.47, 2.2, 1.49, 1.51, 1.02, 2.22, 0.57, 0.96, 0.78, 2.24, 0.82, 1.06, 0.94, 0.37, 0.51, 0.53, 0.45, 0.43, 1.06, 0.35, 0.35, 0.37, 0.41, 1.78, 1.49, 0.51, 0.94, 1.51, 0.47, 2.51, 1.57, 1.53, 1.53, 1.04, 1.63, 1.55, 1.55, 0.94, 1.08, 1.67, 1.59, 1.61, 1.59, 1.59, 1.0, 0.94, 1.45, 1.69, 1.71, 1.12, 1.76, 1.76, 1.73, 0.84, 1.14, 1.82, 1.53, 1.1, 1.86, 1.12, 0.37, 1.8, 1.14, 1.14, 1.98, 1.73, 0.51, 1.47, 1.84, 2.47, 0.39, 1.71, 2.06, 2.08, 1.8, 2.1, 1.73, 1.86, 0.59, 1.14, 0.82, 1.02, 1.22, 1.08, 0.86, 1.14, 0.45, 0.49, 0.57, 0.47, 0.43, 2.04, 1.27, 1.08, 0.51, 1.16, 0.41, 0.39, 0.39, 2.12, 0.41, 0.55, 1.96, 0.53, 1.96, 0.59, 1.63, 1.98, 1.63, 1.71, 2.0, 2.02, 1.78, 1.24, 1.1, 0.63, 1.12, 1.14, 0.88, 1.22, 1.1, 2.55, 2.55, 0.57, 0.57, 2.0, 2.67, 1.55, 1.92, 0.55, 1.63, 1.16, 1.76, 0.63, 0.67, 1.27, 1.12, 1.29, 1.1, 1.14, 0.59, 0.57, 1.31, 0.45, 0.53, 0.67, 0.67, 2.22, 0.45, 0.47, 0.55, 1.18, 0.59, 0.47, 1.2, 0.57, 2.29, 1.24, 2.59, 0.55, 0.55, 2.14, 2.47, 0.63, 2.35, 2.51, 0.67, 2.49, 2.59, 0.69, 2.51, 1.24, 2.76, 1.47, 1.18, 0.9, 1.51, 2.8, 2.8, 2.8, 1.27, 2.8, 2.84, 2.8, 1.29, 1.29, 2.88, 2.88, 2.86, 2.82, 1.31, 1.31, 2.92, 2.9, 2.9, 2.94, 2.84, 2.84, 0.41, 1.24, 1.33, 3.0, 2.57, 2.59, 1.39, 0.59, 0.63, 1.27, 1.27, 2.35, 0.41, 3.06, 2.65, 2.67, 1.29, 1.31, 0.51, 3.12, 2.8, 2.47, 2.47, 1.27, 2.29, 0.63, 0.65, 1.18, 0.69, 0.65, 1.33, 2.82, 1.31, 1.14, 1.37, 2.84, 1.2, 2.86, 0.53, 0.65, 0.69, 0.57, 0.55, 0.69, 1.24, 0.63, 2.24, 1.14, 1.35, 1.18, 0.49, 0.51, 0.63, 0.53, 2.92, 2.98, 0.63, 1.18, 1.29, 1.39, 0.51, 0.65, 0.51, 0.55, 1.22, 2.61, 2.55, 1.35, 1.41, 3.08, 0.69, 2.92, 2.65, 2.98, 1.51, 1.41, 0.57, 2.92, 2.47, 2.67, 2.84, 2.73, 0.65, 0.61, 3.04, 3.04, 2.86, 1.47, 2.35, 3.08, 3.08, 3.08, 2.88, 1.1, 2.45, 3.12, 3.12, 3.1, 3.1, 2.98, 1.53, 0.9, 2.51, 1.22, 3.22, 3.22, 3.18, 1.37, 2.84, 0.94, 2.53, 1.33, 3.24, 3.24, 3.2, 1.37, 0.55, 2.9, 1.41, 2.55, 2.55, 1.57, 0.63, 3.29, 3.27, 1.39, 2.96, 0.57, 1.0, 2.57, 2.57, 1.61, 2.1, 0.45, 3.0, 2.98, 1.02, 1.92, 1.9, 3.29, 1.88, 0.61, 3.29, 2.0, 2.63, 1.94, 4.16, 0.61, 0.61, 0.67, 3.39, 1.02, 3.37, 3.41, 3.39, 4.2, 3.06, 2.61, 2.61, 2.61, 2.02, 0.53, 3.49, 3.2, 3.1, 4.43, 2.63, 2.67, 2.73, 2.76, 2.04, 0.67, 3.51, 3.1, 2.04, 2.43, 2.57, 0.67, 2.76, 2.04, 0.71, 1.47, 0.76, 3.53]

ILAO*:
Tiempo requerido: 7.926
Nodos expandidos: 694

RLAO*:
Tiempo requerido: 2.283
Nodos expandidos: 1470

BLAO*:
Tiempo requerido: 3.791
Nodos expandidos: 1967

VI:
Tiempo requerido: 1.445
Numero de iteraciones: 91
-------------------------------------------------------
Problema 8
-------------------------------------------------------
LAO*:
Tiempo requerido: 23.022
Nodos expandidos: 346
Porcentajes del conjunto Z: [0.02, 0.04, 0.06, 0.04, 0.04, 0.04, 0.06, 0.1, 0.08, 0.14, 0.16, 0.06, 0.08, 0.08, 0.1, 0.16, 0.12, 0.14, 0.16, 0.18, 0.08, 0.16, 0.22, 0.08, 0.08, 0.1, 0.1, 0.1, 0.1, 0.12, 0.2, 0.29, 0.35, 0.1, 0.12, 0.12, 0.22, 0.24, 0.41, 0.16, 0.14, 0.14, 0.22, 0.29, 0.41, 0.43, 0.45, 0.45, 0.45, 0.49, 0.49, 0.49, 0.55, 0.51, 0.57, 0.53, 0.59, 0.22, 0.69, 0.14, 0.71, 0.71, 0.76, 0.78, 0.78, 0.82, 0.8, 0.45, 0.86, 0.82, 0.9, 0.92, 0.59, 0.16, 0.16, 0.18, 0.14, 0.14, 0.71, 0.43, 0.39, 0.94, 0.61, 0.98, 0.98, 0.67, 1.04, 0.71, 1.14, 0.82, 0.27, 0.88, 0.65, 1.14, 0.41, 0.2, 0.41, 0.39, 0.33, 1.04, 1.1, 0.71, 0.71, 0.82, 1.1, 1.1, 1.12, 0.9, 1.33, 0.92, 0.92, 0.29, 1.04, 1.08, 1.16, 1.18, 0.69, 1.2, 1.2, 0.8, 1.24, 1.22, 1.24, 0.86, 1.24, 1.27, 1.27, 1.29, 1.29, 1.29, 1.31, 1.33, 1.31, 1.33, 0.94, 0.43, 0.45, 0.49, 0.43, 0.43, 1.33, 1.35, 1.35, 1.08, 0.31, 0.33, 0.45, 0.33, 1.37, 1.35, 1.39, 1.43, 0.35, 0.69, 1.18, 1.27, 1.31, 1.35, 1.24, 0.94, 1.31, 0.98, 1.31, 0.94, 0.94, 0.98, 0.43, 0.33, 1.04, 1.39, 1.51, 0.33, 0.43, 1.39, 1.53, 1.22, 0.35, 1.47, 1.59, 0.76, 1.29, 1.31, 0.9, 1.02, 1.06, 0.53, 0.45, 0.59, 1.04, 0.53, 0.39, 0.43, 1.22, 1.71, 1.24, 1.39, 1.37, 1.27, 0.78, 1.43, 1.02, 1.08, 1.1, 0.49, 0.33, 0.39, 1.14, 0.45, 1.12, 1.69, 1.76, 1.86, 1.88, 1.9, 1.35, 1.92, 1.31, 1.45, 0.94, 1.94, 1.94, 1.94, 1.57, 1.1, 1.96, 1.96, 1.98, 1.59, 1.98, 1.98, 1.98, 2.0, 1.1, 2.0, 2.02, 2.0, 2.0, 2.0, 2.02, 0.61, 0.55, 0.57, 1.33, 0.61, 2.14, 2.08, 2.22, 2.1, 0.45, 2.08, 0.51, 0.47, 0.51, 2.27, 2.12, 2.41, 2.43, 2.43, 1.96, 1.41, 1.41, 1.43, 2.47, 1.45, 1.51, 1.49, 1.51, 1.53, 0.8, 2.51, 1.73, 2.04, 2.04, 1.78, 1.12, 2.1, 1.27, 0.39, 0.41, 0.45, 2.08, 0.47, 2.12, 0.49, 2.12, 0.51, 2.16, 2.16, 2.18, 2.2, 2.18, 1.94, 2.22, 2.2, 2.2, 1.94, 1.55, 0.98, 2.29, 2.22, 2.22, 2.49, 2.02, 2.0, 1.16, 1.71, 2.27, 2.27, 2.33, 2.33, 2.27, 1.18, 1.78, 2.31, 2.43, 2.33, 2.43, 2.35, 2.43, 2.35, 2.02, 0.63, 0.55, 1.35, 0.65, 0.63, 0.63, 0.57, 2.61, 2.53, 2.16, 2.08, 2.1, 0.55, 0.63, 0.57, 2.61, 2.16, 0.59, 2.63, 2.63, 0.61, 2.67, 2.18, 2.18, 2.71]

ILAO*:
Tiempo requerido: 3.194
Nodos expandidos: 369

RLAO*:
Tiempo requerido: 1.675
Nodos expandidos: 1501

BLAO*:
Tiempo requerido: 1.615
Nodos expandidos: 1337

VI:
Tiempo requerido: 1.441
Numero de iteraciones: 91
-------------------------------------------------------
Problema 9
-------------------------------------------------------
LAO*:
Tiempo requerido: 34.913
Nodos expandidos: 560
Porcentajes del conjunto Z: [0.02, 0.04, 0.04, 0.06, 0.06, 0.04, 0.08, 0.08, 0.1, 0.06, 0.1, 0.12, 0.12, 0.14, 0.14, 0.16, 0.14, 0.18, 0.16, 0.18, 0.24, 0.22, 0.33, 0.35, 0.37, 0.39, 0.41, 0.1, 0.06, 0.14, 0.12, 0.08, 0.12, 0.22, 0.24, 0.33, 0.45, 0.12, 0.08, 0.16, 0.16, 0.27, 0.47, 0.16, 0.1, 0.12, 0.12, 0.14, 0.14, 0.29, 0.35, 0.35, 0.37, 0.51, 0.39, 0.16, 0.1, 0.2, 0.2, 0.2, 0.37, 0.41, 0.57, 0.45, 0.59, 0.61, 0.61, 0.63, 0.65, 0.14, 0.65, 0.65, 0.63, 0.14, 0.67, 0.16, 0.71, 0.76, 0.18, 0.78, 0.16, 0.18, 0.18, 0.2, 0.35, 0.22, 0.43, 0.37, 0.49, 0.53, 0.65, 0.18, 0.82, 0.14, 0.16, 0.27, 0.24, 0.18, 0.35, 0.31, 0.47, 0.37, 0.59, 0.86, 0.16, 0.16, 0.22, 0.18, 0.27, 0.2, 0.22, 0.33, 0.41, 0.65, 0.29, 0.16, 0.29, 0.16, 0.29, 0.2, 0.31, 0.41, 0.41, 0.55, 0.51, 0.69, 0.53, 0.73, 0.55, 0.76, 0.78, 0.92, 0.2, 0.22, 0.18, 0.2, 0.2, 0.29, 0.29, 0.35, 0.22, 0.27, 0.39, 0.51, 0.55, 0.67, 0.86, 0.9, 0.94, 0.31, 0.2, 0.24, 0.27, 0.16, 0.31, 0.18, 0.35, 0.39, 0.29, 0.27, 0.24, 0.63, 0.51, 0.82, 0.53, 0.9, 0.55, 0.96, 0.57, 1.02, 0.59, 1.04, 1.45, 1.08, 0.45, 0.22, 0.24, 1.08, 0.24, 1.1, 1.1, 1.12, 1.1, 0.33, 0.29, 1.14, 1.16, 1.12, 1.1, 0.43, 1.18, 0.55, 1.18, 0.57, 1.2, 1.2, 1.22, 1.14, 1.22, 0.88, 1.24, 1.24, 0.96, 1.27, 1.27, 1.45, 1.04, 1.29, 1.29, 1.29, 1.31, 0.31, 1.33, 1.51, 1.31, 0.33, 0.35, 0.2, 0.47, 0.39, 1.35, 1.33, 1.37, 1.08, 1.57, 1.57, 1.63, 1.12, 0.27, 1.1, 0.55, 0.29, 1.63, 1.67, 1.16, 1.16, 1.65, 1.65, 1.16, 1.69, 1.18, 0.61, 1.2, 1.24, 1.27, 1.22, 1.22, 0.96, 1.27, 1.24, 1.24, 1.2, 1.31, 1.27, 1.61, 1.12, 1.33, 1.63, 1.39, 1.41, 1.2, 1.37, 1.33, 1.39, 0.31, 0.27, 0.33, 1.43, 1.45, 0.35, 1.63, 1.43, 1.43, 1.45, 1.14, 1.14, 0.45, 0.47, 1.51, 1.45, 2.1, 1.18, 1.18, 1.69, 1.61, 1.51, 1.92, 1.92, 1.71, 1.94, 0.9, 1.84, 1.84, 1.29, 1.02, 1.86, 1.88, 1.92, 1.16, 1.35, 0.37, 0.37, 0.41, 1.76, 0.24, 0.45, 0.22, 1.39, 0.49, 0.59, 0.43, 1.1, 0.24, 0.45, 0.65, 0.37, 0.61, 1.51, 2.1, 1.8, 1.57, 2.31, 1.59, 1.55, 1.61, 1.59, 1.63, 1.65, 1.8, 1.82, 2.2, 1.71, 1.59, 1.73, 1.73, 1.76, 0.33, 1.76, 1.76, 1.76, 0.55, 1.78, 1.8, 1.49, 2.02, 1.82, 2.16, 1.55, 2.45, 1.57, 2.47, 2.47, 1.63, 2.49, 2.49, 1.31, 1.31, 2.51, 2.51, 1.69, 2.51, 1.71, 2.55, 0.41, 0.49, 1.55, 0.49, 0.37, 0.53, 0.61, 0.37, 0.47, 0.37, 0.39, 1.73, 0.49, 0.41, 0.41, 1.76, 0.37, 0.55, 0.61, 0.71, 0.63, 0.65, 0.65, 2.41, 1.59, 1.69, 1.59, 2.57, 1.84, 1.86, 1.96, 2.0, 0.39, 2.04, 2.06, 1.86, 0.37, 0.39, 0.37, 2.04, 1.96, 2.0, 0.65, 0.65, 2.06, 2.08, 2.76, 3.16, 2.16, 2.0, 1.57, 1.92, 3.29, 1.57, 1.57, 2.47, 1.61, 1.63, 1.65, 0.65, 0.67, 0.41, 0.45, 1.27, 0.86, 2.9, 0.47, 1.88, 0.43, 2.04, 0.67, 2.92, 0.76, 2.02, 2.1, 0.69, 0.69, 2.94, 2.14, 0.71, 3.73, 2.94, 2.08, 3.76, 3.02, 3.73, 0.41, 0.39, 0.43, 0.45, 0.45, 2.1, 3.18, 3.18, 3.18, 2.9, 2.94, 2.98, 2.96, 3.37, 3.39, 3.37, 3.39, 2.0, 0.45, 3.45, 3.43, 3.41, 3.45, 3.39, 3.39, 2.2, 0.67, 0.67, 3.51, 3.53, 3.41, 0.76, 3.55, 3.55, 3.55, 3.16, 2.18, 3.51, 3.57, 3.57, 3.59, 3.57, 3.31, 1.61, 1.65, 1.59, 1.65, 3.73, 3.61, 3.63, 3.59, 3.59, 3.33, 3.8, 3.69, 3.84, 3.63, 1.69, 3.63, 3.71, 3.86, 3.65, 2.59, 3.35, 3.78, 3.94, 3.82, 0.67, 0.76, 0.76, 0.43, 0.43, 0.45, 0.51, 1.47, 0.49, 3.76, 3.8, 3.84, 3.41, 3.41, 1.71, 0.51, 2.18, 2.94, 0.45, 2.0, 3.86, 3.82, 3.92, 4.0, 1.9, 0.82, 3.45, 0.69, 3.0, 2.1, 4.08, 0.73, 0.78, 0.76, 4.1, 4.1, 0.82, 4.14, 3.67, 0.94, 4.18, 4.18, 3.33, 4.2]

ILAO*:
Tiempo requerido: 4.631
Nodos expandidos: 589

RLAO*:
Tiempo requerido: 2.136
Nodos expandidos: 1403

BLAO*:
Tiempo requerido: 3.101
Nodos expandidos: 1694

VI:
Tiempo requerido: 1.442
Numero de iteraciones: 91
-------------------------------------------------------
Problema 10
-------------------------------------------------------
LAO*:
Tiempo requerido: 26.039
Nodos expandidos: 404
Porcentajes del conjunto Z: [0.02, 0.04, 0.06, 0.08, 0.04, 0.04, 0.1, 0.14, 0.04, 0.06, 0.06, 0.08, 0.1, 0.12, 0.08, 0.06, 0.1, 0.14, 0.22, 0.1, 0.06, 0.12, 0.1, 0.18, 0.14, 0.16, 0.29, 0.12, 0.08, 0.16, 0.2, 0.29, 0.24, 0.33, 0.35, 0.37, 0.37, 0.39, 0.41, 0.41, 0.43, 0.1, 0.1, 0.45, 0.14, 0.43, 0.16, 0.08, 0.14, 0.18, 0.16, 0.12, 0.55, 0.2, 0.24, 0.31, 0.45, 0.49, 0.18, 0.1, 0.49, 0.27, 0.53, 0.55, 0.35, 0.57, 0.57, 0.29, 0.59, 0.63, 0.37, 0.41, 0.45, 0.43, 0.45, 0.45, 0.22, 0.18, 0.57, 0.33, 0.37, 0.33, 0.33, 0.27, 0.18, 0.41, 0.29, 0.49, 0.71, 0.53, 0.78, 0.71, 0.8, 0.73, 0.82, 0.86, 0.53, 0.84, 0.9, 0.86, 0.94, 0.92, 0.63, 0.24, 0.12, 0.24, 0.94, 0.45, 0.14, 0.47, 0.49, 0.63, 0.49, 0.65, 0.55, 0.69, 0.43, 0.76, 0.73, 0.51, 0.45, 0.8, 0.49, 0.96, 0.31, 0.29, 0.2, 0.31, 0.37, 0.47, 0.39, 0.71, 0.27, 0.22, 1.08, 0.49, 0.73, 0.61, 0.61, 0.76, 0.84, 0.57, 0.86, 0.9, 0.55, 0.96, 0.71, 0.27, 0.16, 0.29, 0.31, 1.08, 0.57, 0.29, 0.78, 0.8, 0.55, 0.57, 0.8, 0.67, 0.61, 0.88, 0.63, 0.53, 0.9, 0.94, 0.65, 0.65, 0.51, 1.04, 1.16, 0.67, 0.67, 0.69, 0.67, 1.04, 0.78, 1.31, 0.51, 1.06, 0.45, 0.43, 0.45, 1.35, 0.78, 1.1, 0.39, 0.41, 0.18, 1.45, 0.8, 1.22, 1.12, 0.2, 1.49, 1.27, 0.84, 0.65, 0.98, 1.29, 1.04, 1.31, 0.67, 0.96, 1.06, 0.98, 0.78, 0.76, 1.16, 1.27, 0.82, 0.29, 0.82, 0.41, 0.37, 0.18, 0.22, 0.39, 1.31, 1.31, 1.0, 0.96, 1.0, 1.02, 0.98, 0.53, 1.04, 1.0, 0.71, 1.22, 1.39, 1.14, 1.29, 0.84, 0.86, 1.18, 0.94, 1.06, 1.27, 0.57, 1.0, 0.55, 0.53, 1.0, 0.31, 0.45, 0.45, 0.47, 1.27, 0.51, 1.35, 1.35, 1.41, 1.16, 1.14, 0.88, 1.18, 0.82, 0.9, 1.22, 0.96, 0.92, 1.18, 1.31, 0.2, 1.33, 0.31, 0.33, 0.45, 0.39, 0.27, 0.43, 0.47, 0.43, 0.49, 0.29, 1.33, 0.59, 1.18, 1.02, 0.8, 1.53, 1.18, 0.82, 1.55, 1.24, 0.86, 1.47, 1.27, 0.92, 0.88, 1.49, 1.49, 1.63, 1.51, 0.55, 0.45, 0.53, 0.65, 1.53, 0.43, 0.47, 1.53, 0.51, 0.53, 0.59, 1.57, 0.67, 0.31, 1.59, 1.39, 1.06, 1.41, 1.41, 1.43, 1.14, 1.45, 1.45, 1.12, 1.43, 1.47, 1.18, 0.86, 1.39, 1.63, 1.63, 1.04, 0.98, 1.63, 1.67, 1.06, 0.98, 1.67, 1.69, 0.65, 1.06, 0.51, 0.22, 0.53, 1.69, 1.65, 1.69, 1.71, 1.69, 0.33, 1.73, 1.41, 0.55, 1.76, 1.76, 1.82, 1.04, 1.06, 1.8, 1.51, 1.82, 1.78, 1.12, 2.1, 2.1, 2.1, 2.14, 1.2, 2.1, 2.12, 1.86, 1.65, 0.82, 1.49, 0.84, 1.84, 1.78, 1.67, 1.67, 1.88, 1.8, 1.71, 1.1, 1.69, 1.69, 1.92, 1.92, 1.82, 0.57, 1.73, 0.94, 0.59, 0.69, 0.71, 1.98, 1.94, 0.69, 0.67, 0.55, 0.33, 2.0, 0.57, 1.96, 2.02, 1.65, 1.69, 0.59, 0.39, 2.04]

ILAO*:
Tiempo requerido: 3.399
Nodos expandidos: 422

RLAO*:
Tiempo requerido: 1.079
Nodos expandidos: 1265

BLAO*:
Tiempo requerido: 1.749
Nodos expandidos: 1287

VI:
Tiempo requerido: 1.444
Numero de iteraciones: 91
-------------------------------------------------------
