Problema 1
-------------------------------------------------------
LAO*:
Tiempo requerido: 0.862
Nodos expandidos: 61
Porcentajes del conjunto Z: [0.11, 0.22, 0.22, 0.33, 0.44, 0.56, 0.67, 0.67, 0.78, 0.89, 0.89, 1.0, 1.11, 0.22, 1.22, 0.22, 0.44, 1.56, 0.56, 1.67, 0.78, 1.78, 1.0, 1.89, 2.0, 2.0, 2.22, 2.11, 1.22, 2.44, 2.22, 1.44, 2.67, 2.33, 2.89, 0.44, 1.67, 3.0, 0.78, 1.89, 3.11, 0.89, 0.89, 2.11, 3.22, 1.0, 1.22, 3.33, 1.11, 1.33, 2.11, 3.44, 1.22, 3.56, 1.33, 4.11, 2.78, 2.0, 4.22, 4.33, 0.56]

ILAO*:
Tiempo requerido: 0.101
Nodos expandidos: 63

RLAO*:
Tiempo requerido: 0.092
Nodos expandidos: 236

BLAO*:
Tiempo requerido: 0.049
Nodos expandidos: 123

VI:
Tiempo requerido: 1.238
Numero de iteraciones: 459389
-------------------------------------------------------
Problema 2
-------------------------------------------------------
LAO*:
Tiempo requerido: 1.067
Nodos expandidos: 83
Porcentajes del conjunto Z: [0.11, 0.22, 0.33, 0.33, 0.44, 0.56, 0.44, 0.56, 0.78, 0.67, 0.67, 0.89, 0.78, 0.89, 0.78, 1.0, 0.89, 1.11, 1.78, 1.78, 1.89, 1.89, 0.22, 2.0, 2.0, 2.11, 2.11, 2.11, 2.33, 2.22, 1.0, 1.22, 2.44, 1.11, 2.56, 1.22, 2.67, 1.33, 1.33, 1.78, 2.78, 1.56, 1.44, 2.0, 2.89, 1.67, 1.78, 1.56, 2.22, 3.0, 2.0, 1.67, 0.33, 2.56, 3.11, 2.11, 2.44, 3.22, 2.22, 2.56, 3.33, 2.44, 2.67, 1.33, 2.56, 3.44, 2.56, 1.22, 2.78, 2.78, 3.56, 1.56, 3.67, 2.0, 1.89, 3.78, 3.89, 3.11, 4.0, 2.56, 0.44, 2.67, 3.33]

ILAO*:
Tiempo requerido: 0.167
Nodos expandidos: 86

RLAO*:
Tiempo requerido: 0.112
Nodos expandidos: 203

BLAO*:
Tiempo requerido: 0.171
Nodos expandidos: 174

VI:
Tiempo requerido: 1.121
Numero de iteraciones: 459389
-------------------------------------------------------
Problema 3
-------------------------------------------------------
LAO*:
Tiempo requerido: 1.022
Nodos expandidos: 66
Porcentajes del conjunto Z: [0.11, 0.22, 0.22, 0.33, 0.44, 0.33, 0.44, 0.67, 0.67, 0.44, 0.56, 0.89, 1.11, 1.11, 0.56, 1.33, 1.22, 1.33, 1.44, 1.56, 1.67, 0.22, 1.78, 1.89, 2.0, 2.0, 1.0, 2.22, 2.11, 1.22, 2.44, 2.22, 1.22, 2.67, 2.89, 3.0, 3.11, 3.22, 3.33, 0.33, 3.44, 0.44, 3.56, 3.67, 2.44, 3.78, 1.33, 4.89, 5.0, 4.11, 5.11, 4.33, 5.22, 5.33, 4.44, 0.44, 5.44, 4.67, 0.67, 5.56, 4.89, 0.78, 5.67, 5.11, 3.56, 0.89]

ILAO*:
Tiempo requerido: 0.15
Nodos expandidos: 68

RLAO*:
Tiempo requerido: 0.063
Nodos expandidos: 132

BLAO*:
Tiempo requerido: 0.087
Nodos expandidos: 125

VI:
Tiempo requerido: 1.349
Numero de iteraciones: 460288
-------------------------------------------------------
Problema 4
-------------------------------------------------------
LAO*:
Tiempo requerido: 1.107
Nodos expandidos: 80
Porcentajes del conjunto Z: [0.11, 0.22, 0.33, 0.44, 0.44, 0.56, 0.56, 0.67, 0.67, 0.67, 0.78, 0.89, 0.78, 0.78, 0.78, 0.89, 1.11, 1.56, 1.0, 0.89, 1.11, 1.89, 1.0, 0.22, 0.22, 1.22, 2.0, 2.11, 1.89, 0.33, 1.67, 0.44, 0.44, 1.78, 0.67, 1.89, 1.89, 1.11, 2.0, 2.0, 0.67, 2.11, 2.11, 2.22, 2.22, 1.78, 1.44, 2.44, 2.56, 2.11, 0.33, 0.56, 0.67, 2.89, 2.44, 3.0, 0.89, 2.22, 3.22, 1.0, 3.33, 1.56, 2.56, 3.56, 2.67, 1.67, 3.67, 2.89, 2.89, 3.78, 2.11, 3.89, 4.0, 0.78, 3.22, 4.11, 2.56, 4.22, 2.67, 1.0]

ILAO*:
Tiempo requerido: 0.133
Nodos expandidos: 81

RLAO*:
Tiempo requerido: 0.097
Nodos expandidos: 169

BLAO*:
Tiempo requerido: 0.114
Nodos expandidos: 152

VI:
Tiempo requerido: 1.253
Numero de iteraciones: 462985
-------------------------------------------------------
Problema 5
-------------------------------------------------------
LAO*:
Tiempo requerido: 1.076
Nodos expandidos: 79
Porcentajes del conjunto Z: [0.11, 0.22, 0.33, 0.44, 0.56, 0.67, 0.78, 0.89, 0.89, 1.11, 1.0, 1.22, 1.44, 1.56, 1.67, 1.78, 1.78, 0.33, 1.89, 2.0, 2.0, 0.44, 2.22, 2.22, 2.33, 2.33, 2.33, 2.56, 2.44, 2.44, 1.11, 2.67, 2.56, 2.56, 2.78, 2.78, 2.67, 2.67, 2.89, 3.0, 2.78, 2.78, 3.22, 2.89, 2.89, 3.33, 3.0, 3.0, 0.44, 0.44, 3.44, 4.22, 2.22, 0.56, 3.56, 4.44, 2.33, 3.78, 4.67, 2.56, 4.78, 2.67, 1.22, 4.89, 2.89, 2.78, 3.22, 5.0, 3.0, 3.44, 5.44, 3.67, 5.56, 4.22, 5.67, 0.67, 0.78, 0.67, 5.78]

ILAO*:
Tiempo requerido: 0.169
Nodos expandidos: 79

RLAO*:
Tiempo requerido: 0.062
Nodos expandidos: 132

BLAO*:
Tiempo requerido: 0.102
Nodos expandidos: 134

VI:
Tiempo requerido: 1.122
Numero de iteraciones: 459389
-------------------------------------------------------
Problema 6
-------------------------------------------------------
LAO*:
Tiempo requerido: 0.739
Nodos expandidos: 47
Porcentajes del conjunto Z: [0.11, 0.22, 0.33, 0.44, 0.56, 0.67, 0.78, 0.89, 1.0, 1.11, 1.11, 1.22, 1.22, 0.22, 0.22, 1.33, 1.67, 1.78, 1.89, 2.0, 0.67, 2.11, 2.22, 2.33, 1.0, 2.44, 1.56, 2.78, 2.89, 0.33, 0.44, 3.11, 0.67, 3.22, 3.33, 0.89, 3.44, 1.0, 3.56, 2.67, 1.11, 3.67, 3.78, 3.89, 4.0, 0.78, 4.11]

ILAO*:
Tiempo requerido: 0.099
Nodos expandidos: 47

RLAO*:
Tiempo requerido: 0.053
Nodos expandidos: 95

BLAO*:
Tiempo requerido: 0.069
Nodos expandidos: 63

VI:
Tiempo requerido: 1.105
Numero de iteraciones: 462086
-------------------------------------------------------
Problema 7
-------------------------------------------------------
LAO*:
Tiempo requerido: 0.969
Nodos expandidos: 70
Porcentajes del conjunto Z: [0.11, 0.22, 0.22, 0.33, 0.44, 0.44, 0.56, 0.56, 0.67, 0.67, 0.67, 0.89, 1.0, 1.0, 1.22, 1.33, 1.33, 0.22, 1.44, 1.44, 0.44, 1.56, 1.67, 1.67, 1.78, 1.78, 0.78, 1.44, 2.44, 2.44, 1.78, 2.56, 2.0, 2.67, 2.22, 2.78, 2.44, 2.89, 0.89, 0.89, 2.67, 3.11, 2.11, 1.11, 3.22, 2.22, 2.44, 3.33, 3.44, 2.67, 3.11, 4.11, 4.22, 3.44, 4.33, 2.33, 4.44, 2.78, 3.78, 4.67, 1.0, 1.11, 1.0, 4.78, 1.11, 1.11, 1.22, 4.89, 2.33, 3.67]

ILAO*:
Tiempo requerido: 0.113
Nodos expandidos: 72

RLAO*:
Tiempo requerido: 0.049
Nodos expandidos: 143

BLAO*:
Tiempo requerido: 0.131
Nodos expandidos: 146

VI:
Tiempo requerido: 1.169
Numero de iteraciones: 457591
-------------------------------------------------------
Problema 8
-------------------------------------------------------
LAO*:
Tiempo requerido: 0.761
Nodos expandidos: 46
Porcentajes del conjunto Z: [0.11, 0.22, 0.33, 0.44, 0.56, 0.67, 0.78, 0.89, 1.0, 1.0, 0.22, 1.11, 1.22, 1.22, 1.56, 1.67, 0.56, 1.89, 2.0, 2.11, 1.0, 2.22, 2.33, 1.56, 2.56, 0.33, 0.33, 2.67, 2.78, 2.89, 3.0, 3.11, 3.22, 1.11, 2.44, 3.33, 1.22, 3.44, 2.67, 3.56, 0.44, 0.44, 3.67, 2.89, 3.78, 3.11]

ILAO*:
Tiempo requerido: 0.122
Nodos expandidos: 46

RLAO*:
Tiempo requerido: 0.079
Nodos expandidos: 133

BLAO*:
Tiempo requerido: 0.091
Nodos expandidos: 87

VI:
Tiempo requerido: 1.128
Numero de iteraciones: 461187
-------------------------------------------------------
Problema 9
-------------------------------------------------------
LAO*:
Tiempo requerido: 0.93
Nodos expandidos: 64
Porcentajes del conjunto Z: [0.11, 0.22, 0.22, 0.33, 0.44, 0.44, 0.67, 0.67, 0.89, 1.0, 1.0, 1.22, 1.33, 1.33, 1.44, 1.56, 0.22, 1.56, 1.78, 0.44, 0.67, 1.78, 2.11, 1.0, 2.33, 1.22, 2.44, 2.44, 1.56, 2.67, 1.78, 2.78, 2.89, 3.0, 3.11, 0.56, 3.22, 0.78, 2.33, 3.33, 1.22, 2.67, 3.44, 2.89, 3.67, 3.78, 2.0, 3.89, 2.11, 3.11, 4.0, 2.22, 4.11, 2.33, 4.22, 0.67, 2.44, 4.33, 1.0, 3.67, 3.56, 4.44, 4.22, 3.89]

ILAO*:
Tiempo requerido: 0.159
Nodos expandidos: 67

RLAO*:
Tiempo requerido: 0.065
Nodos expandidos: 118

BLAO*:
Tiempo requerido: 0.101
Nodos expandidos: 96

VI:
Tiempo requerido: 1.255
Numero de iteraciones: 461187
-------------------------------------------------------
Problema 10
-------------------------------------------------------
LAO*:
Tiempo requerido: 1.37
Nodos expandidos: 98
Porcentajes del conjunto Z: [0.11, 0.22, 0.33, 0.33, 0.44, 0.44, 0.56, 0.56, 0.67, 0.67, 0.78, 0.78, 0.78, 0.89, 0.89, 1.0, 1.0, 1.0, 1.11, 1.11, 0.22, 1.11, 1.22, 1.22, 1.33, 0.33, 1.44, 0.33, 1.56, 0.56, 0.56, 1.67, 1.67, 0.78, 1.78, 1.89, 1.78, 0.78, 2.0, 2.22, 2.22, 2.0, 2.11, 2.56, 2.67, 2.11, 1.67, 2.89, 1.22, 2.0, 3.11, 0.33, 2.11, 3.22, 0.56, 2.22, 3.33, 1.78, 0.67, 2.33, 3.56, 0.67, 2.44, 2.44, 3.67, 2.11, 0.78, 2.67, 2.33, 3.78, 2.33, 2.78, 2.78, 2.67, 3.89, 2.56, 2.89, 3.0, 4.0, 2.78, 3.22, 3.11, 1.78, 4.11, 3.56, 4.22, 0.44, 0.44, 2.33, 4.33, 3.44, 3.78, 4.44, 3.67, 0.89, 4.56, 3.89, 0.78]

ILAO*:
Tiempo requerido: 0.185
Nodos expandidos: 102

RLAO*:
Tiempo requerido: 0.144
Nodos expandidos: 248

BLAO*:
Tiempo requerido: 0.143
Nodos expandidos: 178

VI:
Tiempo requerido: 1.147
Numero de iteraciones: 462985
-------------------------------------------------------
