Problema 1
-------------------------------------------------------
LAO*:
Tiempo requerido: 146.983
Nodos expandidos: 887
Porcentajes del conjunto Z: [0.01, 0.02, 0.02, 0.04, 0.04, 0.02, 0.02, 0.02, 0.03, 0.06, 0.06, 0.05, 0.07, 0.07, 0.05, 0.04, 0.07, 0.06, 0.13, 0.14, 0.15, 0.16, 0.16, 0.17, 0.18, 0.19, 0.13, 0.15, 0.16, 0.17, 0.16, 0.21, 0.17, 0.18, 0.25, 0.28, 0.19, 0.3, 0.2, 0.32, 0.34, 0.33, 0.06, 0.05, 0.09, 0.36, 0.36, 0.37, 0.37, 0.39, 0.39, 0.38, 0.42, 0.16, 0.39, 0.45, 0.18, 0.45, 0.2, 0.46, 0.2, 0.21, 0.07, 0.22, 0.23, 0.37, 0.25, 0.17, 0.2, 0.47, 0.23, 0.25, 0.28, 0.09, 0.06, 0.27, 0.08, 0.11, 0.12, 0.13, 0.53, 0.17, 0.21, 0.25, 0.28, 0.3, 0.09, 0.09, 0.54, 0.55, 0.23, 0.28, 0.35, 0.1, 0.07, 0.3, 0.12, 0.08, 0.09, 0.13, 0.14, 0.17, 0.31, 0.12, 0.18, 0.54, 0.32, 0.32, 0.34, 0.17, 0.17, 0.19, 0.35, 0.56, 0.36, 0.36, 0.57, 0.26, 0.38, 0.31, 0.39, 0.38, 0.4, 0.41, 0.41, 0.43, 0.08, 0.55, 0.34, 0.56, 0.59, 0.24, 0.37, 0.31, 0.38, 0.39, 0.4, 0.15, 0.1, 0.09, 0.19, 0.14, 0.15, 0.18, 0.46, 0.47, 0.55, 0.19, 0.48, 0.19, 0.19, 0.36, 0.49, 0.38, 0.2, 0.63, 0.34, 0.42, 0.15, 0.14, 0.09, 0.1, 0.48, 0.35, 0.5, 0.38, 0.6, 0.41, 0.65, 0.66, 0.32, 0.67, 0.36, 0.68, 0.57, 0.59, 0.17, 0.09, 0.1, 0.18, 0.1, 0.16, 0.11, 0.16, 0.21, 0.23, 0.27, 0.27, 0.25, 0.52, 0.41, 0.36, 0.46, 0.49, 0.1, 0.13, 0.24, 0.36, 0.36, 0.41, 0.69, 0.59, 0.47, 0.53, 0.67, 0.2, 0.12, 0.16, 0.11, 0.12, 0.22, 0.11, 0.17, 0.18, 0.12, 0.26, 0.19, 0.11, 0.14, 0.2, 0.21, 0.21, 0.5, 0.23, 0.23, 0.53, 0.47, 0.24, 0.56, 0.25, 0.24, 0.25, 0.57, 0.27, 0.57, 0.37, 0.59, 0.58, 0.26, 0.28, 0.29, 0.6, 0.61, 0.51, 0.63, 0.29, 0.3, 0.55, 0.16, 0.64, 0.11, 0.29, 0.11, 0.3, 0.16, 0.3, 0.18, 0.3, 0.29, 0.31, 0.33, 0.19, 0.33, 0.45, 0.44, 0.34, 0.34, 0.22, 0.7, 0.35, 0.23, 0.27, 0.43, 0.74, 0.29, 0.49, 0.76, 0.77, 0.26, 0.57, 0.78, 0.24, 0.12, 0.82, 0.12, 0.15, 0.24, 0.12, 0.28, 0.79, 0.79, 0.24, 0.19, 0.19, 0.38, 0.8, 0.81, 0.21, 0.34, 0.81, 0.83, 0.82, 0.82, 0.23, 0.82, 0.82, 0.31, 0.56, 0.57, 0.7, 0.28, 0.57, 0.27, 0.41, 0.4, 0.42, 0.62, 0.62, 0.52, 0.44, 0.64, 0.58, 0.66, 0.18, 0.59, 0.68, 0.23, 0.6, 0.7, 0.3, 0.39, 0.95, 0.45, 0.91, 1.08, 1.1, 0.24, 0.49, 0.26, 1.11, 0.27, 0.57, 1.12, 0.98, 0.42, 0.64, 0.73, 1.01, 1.0, 0.82, 0.16, 0.24, 0.26, 0.26, 0.19, 1.05, 0.79, 0.28, 0.92, 0.14, 0.28, 0.15, 0.18, 0.21, 0.41, 1.07, 0.42, 0.28, 1.03, 1.09, 0.95, 0.95, 0.97, 0.29, 1.12, 1.14, 1.16, 1.01, 0.8, 1.01, 1.02, 1.01, 1.04, 1.05, 1.09, 0.79, 0.89, 0.19, 1.11, 0.24, 0.91, 1.06, 1.12, 1.1, 0.32, 1.08, 0.27, 0.28, 0.35, 0.39, 0.56, 0.57, 0.41, 1.16, 0.64, 1.0, 1.18, 1.01, 1.19, 1.03, 0.26, 1.2, 0.29, 1.2, 1.2, 1.06, 0.22, 0.27, 0.17, 0.28, 0.18, 0.13, 0.8, 0.28, 0.31, 0.17, 0.18, 0.18, 0.21, 1.22, 1.22, 0.83, 0.96, 0.33, 1.24, 1.25, 1.12, 1.08, 0.31, 1.26, 1.12, 0.95, 0.96, 0.98, 0.97, 0.98, 1.12, 0.56, 1.02, 1.03, 1.18, 1.01, 1.04, 1.04, 1.06, 1.2, 1.06, 0.17, 0.26, 0.89, 1.25, 1.14, 0.34, 1.11, 1.28, 1.25, 0.31, 1.11, 1.14, 1.11, 1.3, 0.33, 1.12, 1.15, 1.15, 0.96, 0.34, 1.13, 0.46, 1.36, 1.13, 0.57, 0.59, 0.5, 1.17, 1.0, 0.65, 1.2, 0.51, 1.19, 1.03, 1.22, 0.52, 1.21, 0.52, 0.2, 0.22, 0.18, 0.59, 1.11, 0.3, 1.05, 0.19, 0.2, 0.32, 0.2, 0.17, 0.37, 1.22, 0.28, 0.34, 0.37, 0.31, 0.23, 0.64, 1.18, 1.08, 1.08, 0.44, 0.44, 1.28, 1.03, 0.48, 1.15, 1.32, 1.27, 1.16, 1.34, 0.98, 1.04, 1.0, 0.42, 1.2, 1.34, 1.02, 1.35, 1.35, 1.23, 0.74, 1.36, 1.36, 1.23, 1.05, 1.38, 1.21, 1.06, 1.08, 1.06, 1.24, 1.24, 1.39, 1.25, 1.07, 1.25, 0.19, 1.11, 1.19, 1.13, 1.22, 0.21, 1.14, 0.33, 0.96, 0.36, 1.29, 1.25, 1.26, 0.38, 1.16, 0.38, 1.27, 0.38, 1.16, 1.28, 1.2, 0.97, 1.17, 1.23, 0.99, 1.16, 0.58, 0.61, 0.73, 1.18, 1.1, 1.18, 1.11, 1.04, 1.2, 1.2, 1.41, 1.41, 1.19, 1.3, 1.21, 1.22, 1.21, 1.24, 1.22, 1.24, 1.22, 1.45, 0.19, 0.24, 1.27, 0.22, 0.18, 0.39, 0.22, 0.35, 0.4, 0.42, 1.24, 1.27, 1.11, 1.27, 1.24, 1.16, 1.29, 1.21, 1.25, 1.28, 1.3, 1.26, 1.25, 1.17, 0.27, 1.3, 1.19, 0.45, 1.67, 1.28, 1.27, 1.31, 0.52, 0.41, 1.24, 1.7, 1.07, 1.29, 1.32, 1.08, 1.25, 1.8, 1.04, 1.33, 1.82, 1.24, 1.12, 1.16, 1.41, 1.34, 1.25, 1.45, 1.45, 0.76, 1.07, 1.37, 1.36, 1.06, 1.04, 1.09, 1.23, 1.14, 1.42, 1.41, 0.22, 1.23, 1.14, 1.18, 1.26, 1.29, 0.26, 1.21, 0.97, 0.97, 0.34, 0.34, 1.34, 1.27, 1.04, 1.23, 1.31, 0.41, 1.28, 1.28, 1.32, 0.43, 1.21, 0.44, 1.29, 1.3, 0.98, 1.29, 1.18, 1.19, 1.32, 1.32, 1.32, 1.3, 1.03, 1.21, 0.45, 0.45, 1.24, 0.62, 0.62, 0.47, 1.34, 1.82, 1.35, 1.31, 1.31, 1.24, 1.14, 1.39, 1.41, 2.03, 1.51, 1.5, 1.13, 0.75, 1.25, 1.47, 1.15, 1.25, 0.52, 1.23, 1.27, 1.48, 1.16, 1.26, 1.26, 1.49, 1.27, 0.4, 0.23, 1.28, 0.23, 0.26, 0.42, 1.28, 0.43, 0.44, 1.25, 1.5, 1.28, 1.32, 1.29, 0.25, 1.49, 1.29, 1.37, 1.5, 1.4, 1.33, 0.47, 1.66, 1.25, 0.45, 0.28, 0.28, 1.52, 1.52, 1.69, 1.44, 1.27, 0.42, 1.34, 1.55, 1.55, 1.55, 1.55, 1.55, 1.08, 1.28, 1.29, 1.04, 1.09, 1.56, 1.56, 1.56, 1.57, 1.6, 1.29, 1.4, 1.38, 1.23, 1.55, 1.82, 1.91, 1.88, 1.93, 1.96, 1.3, 1.6, 1.27, 1.3, 1.26, 0.62, 0.47, 1.86, 1.6, 2.0, 1.98, 1.71, 1.32, 1.13, 1.3, 1.27, 0.63, 1.32, 1.91, 1.61, 1.61, 1.06, 1.26, 2.01, 1.06, 1.24, 1.08, 1.09, 1.3, 0.63, 0.53, 1.66, 1.65, 1.31, 1.32, 1.93, 2.03, 2.02, 0.53, 1.67, 1.69, 1.68, 1.66, 2.04, 2.06, 2.03, 0.21, 0.38, 0.21, 1.33, 1.32, 1.33, 0.54, 2.06, 0.27, 1.71, 1.67, 1.33, 1.47, 0.39, 0.98, 0.98, 1.0, 1.36, 1.39, 0.35, 0.36, 0.35, 1.82, 1.73, 1.33, 1.38, 1.38, 0.44, 1.4, 0.4, 2.09, 1.85, 1.23, 0.24, 1.35, 1.86, 2.12, 2.12, 1.32, 1.39, 1.4, 1.28, 1.57, 1.37, 2.39, 1.3, 2.12]

ILAO*:
Tiempo requerido: 23.982
Nodos expandidos: 915

RLAO*:
Tiempo requerido: 5.953
Nodos expandidos: 3316

BLAO*:
Tiempo requerido: 9.239
Nodos expandidos: 3768

VI:
Tiempo requerido: 3.251
Numero de iteraciones: 91
-------------------------------------------------------
Problema 2
-------------------------------------------------------
LAO*:
Tiempo requerido: 178.084
Nodos expandidos: 1026
Porcentajes del conjunto Z: [0.01, 0.02, 0.02, 0.02, 0.03, 0.05, 0.06, 0.07, 0.08, 0.08, 0.08, 0.09, 0.1, 0.12, 0.12, 0.13, 0.13, 0.15, 0.16, 0.16, 0.05, 0.12, 0.16, 0.03, 0.03, 0.04, 0.04, 0.06, 0.08, 0.07, 0.09, 0.09, 0.15, 0.14, 0.2, 0.17, 0.17, 0.06, 0.09, 0.1, 0.14, 0.14, 0.21, 0.04, 0.05, 0.05, 0.06, 0.09, 0.1, 0.09, 0.11, 0.2, 0.18, 0.21, 0.2, 0.07, 0.08, 0.12, 0.17, 0.15, 0.21, 0.06, 0.05, 0.1, 0.07, 0.08, 0.12, 0.2, 0.14, 0.2, 0.23, 0.2, 0.24, 0.26, 0.08, 0.1, 0.09, 0.19, 0.18, 0.21, 0.27, 0.07, 0.12, 0.09, 0.07, 0.13, 0.13, 0.22, 0.24, 0.24, 0.26, 0.27, 0.28, 0.29, 0.12, 0.3, 0.3, 0.32, 0.2, 0.24, 0.18, 0.18, 0.19, 0.26, 0.26, 0.08, 0.13, 0.08, 0.16, 0.07, 0.07, 0.15, 0.16, 0.08, 0.09, 0.16, 0.1, 0.33, 0.23, 0.19, 0.29, 0.09, 0.08, 0.31, 0.11, 0.13, 0.14, 0.36, 0.21, 0.27, 0.32, 0.35, 0.26, 0.3, 0.13, 0.1, 0.15, 0.18, 0.15, 0.19, 0.15, 0.36, 0.39, 0.43, 0.44, 0.22, 0.42, 0.3, 0.43, 0.33, 0.44, 0.45, 0.45, 0.45, 0.46, 0.47, 0.46, 0.47, 0.49, 0.16, 0.47, 0.5, 0.32, 0.49, 0.5, 0.51, 0.14, 0.14, 0.15, 0.5, 0.51, 0.52, 0.17, 0.51, 0.51, 0.53, 0.52, 0.53, 0.52, 0.52, 0.54, 0.22, 0.53, 0.56, 0.56, 0.62, 0.36, 0.37, 0.54, 0.54, 0.34, 0.56, 0.36, 0.57, 0.58, 0.17, 0.47, 0.2, 0.2, 0.5, 0.21, 0.2, 0.5, 0.53, 0.35, 0.52, 0.39, 0.15, 0.53, 0.58, 0.42, 0.6, 0.61, 0.56, 0.23, 0.76, 0.33, 0.63, 0.47, 0.36, 0.49, 0.37, 0.33, 0.33, 0.38, 0.38, 0.17, 0.18, 0.53, 0.39, 0.39, 0.41, 0.15, 0.22, 0.37, 0.41, 0.56, 0.22, 0.44, 0.42, 0.53, 0.23, 0.62, 0.45, 0.44, 0.57, 0.23, 0.62, 0.48, 0.48, 0.49, 0.39, 0.8, 0.49, 0.52, 0.52, 0.49, 0.5, 0.36, 0.52, 0.51, 0.54, 0.51, 0.39, 0.56, 0.52, 0.59, 0.52, 0.52, 0.41, 0.53, 0.59, 0.62, 0.22, 0.55, 0.43, 0.22, 0.23, 0.24, 0.25, 0.65, 0.65, 0.38, 0.42, 0.54, 0.64, 0.39, 0.57, 0.66, 0.66, 0.67, 0.44, 0.67, 0.69, 0.45, 0.19, 0.6, 0.68, 0.72, 0.46, 0.47, 0.68, 0.73, 0.48, 0.44, 0.52, 0.7, 0.77, 0.27, 0.28, 0.48, 0.49, 0.74, 0.49, 0.59, 0.74, 0.74, 0.38, 0.52, 0.76, 0.43, 0.54, 0.51, 0.77, 0.49, 0.77, 0.5, 0.45, 0.53, 0.73, 0.57, 0.78, 0.34, 0.34, 0.34, 0.19, 0.35, 0.24, 0.59, 0.79, 0.8, 0.23, 0.42, 0.25, 0.4, 0.55, 0.55, 0.56, 0.78, 0.56, 0.82, 0.8, 0.56, 0.65, 0.23, 0.26, 0.6, 0.26, 0.81, 0.77, 0.26, 0.28, 0.28, 0.62, 0.62, 0.66, 0.85, 0.85, 0.81, 0.81, 0.65, 0.3, 0.45, 0.43, 0.79, 0.7, 0.89, 0.89, 0.85, 0.49, 0.4, 0.27, 0.31, 0.31, 0.86, 0.33, 0.34, 0.32, 0.58, 0.87, 0.36, 0.61, 0.41, 0.54, 0.62, 0.45, 0.77, 0.59, 0.63, 0.57, 0.19, 0.25, 0.27, 0.26, 0.5, 0.81, 0.62, 0.65, 0.41, 0.41, 0.59, 0.27, 0.83, 0.67, 0.45, 0.45, 1.15, 0.3, 0.85, 0.71, 0.47, 0.68, 0.33, 0.79, 0.97, 0.34, 0.5, 0.51, 0.89, 0.48, 1.04, 0.72, 1.04, 0.28, 0.31, 0.53, 0.39, 0.53, 1.11, 0.63, 1.12, 0.61, 0.92, 0.65, 1.12, 1.12, 0.59, 0.95, 0.4, 0.43, 0.66, 0.2, 0.37, 0.23, 0.2, 0.21, 0.51, 1.13, 0.63, 0.98, 0.42, 0.24, 0.78, 0.84, 1.33, 0.26, 0.24, 1.11, 0.33, 0.87, 0.71, 0.47, 1.16, 0.27, 1.19, 0.52, 1.21, 0.51, 0.52, 0.62, 0.59, 1.22, 0.69, 0.47, 0.62, 1.28, 1.09, 0.57, 0.27, 0.29, 0.53, 0.29, 0.4, 1.32, 1.14, 0.25, 0.26, 0.76, 0.55, 0.27, 0.4, 0.72, 1.45, 0.32, 0.46, 0.81, 1.46, 0.38, 0.49, 0.5, 0.49, 1.34, 1.47, 1.45, 0.24, 1.48, 1.49, 0.49, 1.32, 1.5, 1.51, 1.52, 0.54, 1.35, 0.61, 1.14, 1.15, 0.36, 0.44, 0.22, 0.39, 0.29, 0.54, 0.87, 0.23, 0.25, 0.25, 1.24, 0.56, 0.25, 0.28, 0.95, 1.41, 0.24, 0.26, 0.45, 0.75, 1.33, 0.23, 0.37, 0.48, 0.49, 0.38, 1.41, 0.25, 1.46, 0.64, 0.59, 0.82, 1.48, 0.68, 1.52, 1.48, 0.69, 1.55, 0.8, 0.67, 0.67, 0.67, 1.42, 0.69, 0.7, 1.56, 0.6, 0.48, 1.44, 1.63, 0.72, 0.72, 0.28, 0.3, 0.3, 0.3, 0.54, 1.64, 0.74, 1.2, 0.22, 0.3, 0.43, 0.26, 1.24, 0.26, 0.58, 0.31, 0.33, 1.25, 0.29, 0.25, 0.32, 0.59, 1.24, 1.24, 0.4, 0.24, 1.52, 1.25, 0.48, 0.33, 1.43, 1.25, 1.54, 1.28, 1.3, 1.58, 1.32, 1.32, 0.68, 1.58, 0.54, 1.33, 1.33, 1.34, 0.69, 0.55, 1.37, 0.61, 1.17, 1.59, 1.59, 0.56, 1.59, 0.47, 0.23, 0.4, 0.57, 1.4, 1.41, 0.29, 0.29, 1.28, 1.63, 0.24, 0.26, 0.28, 0.28, 1.41, 0.31, 0.26, 1.27, 0.6, 1.29, 0.28, 0.26, 0.29, 0.33, 0.62, 0.33, 0.76, 1.38, 0.31, 0.59, 0.54, 0.28, 0.5, 0.4, 0.26, 0.71, 0.59, 0.91, 1.39, 1.48, 0.35, 1.51, 0.73, 1.4, 0.63, 0.75, 1.61, 1.41, 0.64, 0.57, 0.81, 1.4, 0.71, 1.39, 0.72, 1.42, 1.42, 1.37, 0.86, 1.47, 1.47, 1.49, 0.29, 1.5, 1.65, 0.29, 0.55, 0.29, 0.3, 0.31, 0.3, 1.64, 1.61, 0.78, 1.23, 0.31, 0.31, 0.31, 1.47, 0.31, 1.3, 0.51, 1.63, 0.34, 0.52, 0.37, 0.63, 1.33, 1.64, 0.66, 1.65, 0.52, 0.26, 0.3, 0.53, 1.52, 1.33, 0.41, 1.67, 0.45, 1.36, 1.42, 1.03, 0.73, 1.44, 1.42, 1.62, 1.45, 1.41, 1.42, 1.42, 0.83, 1.46, 0.48, 0.88, 0.48, 1.5, 0.33, 0.55, 1.46, 0.32, 0.32, 1.68, 0.6, 1.7, 1.67, 0.32, 0.5, 1.55, 1.48, 0.33, 0.53, 1.71, 0.68, 1.57, 1.57, 1.57, 1.47, 1.34, 0.65, 0.56, 1.63, 0.78, 0.7, 1.62, 1.64, 1.53, 1.72, 0.72, 0.68, 1.67, 0.81, 1.64, 1.66, 1.78, 0.43, 0.33, 0.86, 1.68, 1.69, 1.7, 1.47, 1.73, 1.7, 1.03, 0.62, 1.79, 0.96, 1.73, 1.87, 1.77, 1.63, 0.66, 0.63, 1.88, 1.9, 1.51, 0.68, 0.84, 0.77, 1.97, 1.62, 1.46, 1.58, 1.11, 0.57, 0.32, 0.33, 0.34, 0.36, 0.35, 1.77, 1.35, 0.33, 0.33, 1.56, 0.36, 1.12, 0.6, 0.34, 0.34, 0.34, 1.58, 1.56, 0.76, 0.52, 0.52, 1.14, 0.67, 1.82, 1.79, 0.4, 0.41, 1.11, 1.62, 1.84, 1.8, 1.58, 0.42, 0.58, 1.66, 1.91, 1.12, 1.38, 0.67, 0.43, 1.77, 0.57, 1.59, 0.31, 1.13, 1.57, 1.58, 0.96, 1.58, 1.62, 1.44, 1.45, 2.01, 0.73, 1.59, 1.5, 2.05, 0.65, 0.67, 1.44, 1.44, 2.03, 0.66, 1.49, 0.68, 0.68, 1.55, 0.61, 0.34, 0.38, 0.56, 1.12, 1.77, 0.53, 0.53, 1.79, 0.53, 0.53, 1.17, 1.35, 0.4, 0.73, 0.74, 1.71, 0.76, 0.59, 1.83, 1.17, 1.77, 0.45, 0.84, 1.54, 1.55, 1.83, 1.8, 0.97, 1.48, 0.92, 0.63, 1.62, 1.79, 1.04, 0.65, 1.68, 0.69, 1.03, 1.03, 0.85, 0.86, 1.7, 1.11, 1.48, 2.08, 0.68, 1.74, 0.62, 0.41, 0.33, 0.43, 0.48, 1.33, 1.16, 1.13, 1.82, 1.15, 0.35, 1.89, 0.35, 0.49, 0.36, 0.63, 1.84, 1.76, 0.53, 0.59, 1.88, 0.36, 0.53, 0.39, 1.71, 1.92, 1.87, 0.42, 0.76, 1.94, 0.72, 0.75, 0.33, 1.71, 1.57, 1.61, 1.96, 0.49, 0.87, 1.61, 1.8, 1.61, 1.98, 1.1, 0.47, 0.93, 0.88, 2.16, 0.67, 1.68, 1.45, 1.46, 1.44, 1.45, 0.71, 1.48, 2.08, 1.09, 1.75, 0.72, 2.09, 1.85, 0.34, 0.39, 0.38, 0.64, 0.74, 2.1, 1.81, 0.36, 0.53, 0.55, 0.38, 0.37, 0.55, 2.11, 1.89, 1.67, 1.36, 1.32, 0.43, 0.54, 1.19, 2.11, 2.11, 1.78, 0.78, 1.87, 0.65, 2.13, 1.87, 1.19, 2.12]

ILAO*:
Tiempo requerido: 25.645
Nodos expandidos: 1085

RLAO*:
Tiempo requerido: 7.466
Nodos expandidos: 3102

BLAO*:
Tiempo requerido: 6.867
Nodos expandidos: 2816

VI:
Tiempo requerido: 3.437
Numero de iteraciones: 91
-------------------------------------------------------
Problema 3
-------------------------------------------------------
LAO*:
Tiempo requerido: 134.887
Nodos expandidos: 782
Porcentajes del conjunto Z: [0.01, 0.02, 0.02, 0.04, 0.03, 0.05, 0.02, 0.02, 0.02, 0.04, 0.05, 0.05, 0.07, 0.07, 0.08, 0.09, 0.06, 0.08, 0.09, 0.04, 0.05, 0.05, 0.07, 0.05, 0.06, 0.09, 0.11, 0.04, 0.05, 0.12, 0.14, 0.16, 0.17, 0.17, 0.18, 0.18, 0.19, 0.19, 0.2, 0.23, 0.2, 0.2, 0.25, 0.25, 0.21, 0.29, 0.22, 0.31, 0.05, 0.07, 0.07, 0.12, 0.33, 0.34, 0.14, 0.08, 0.34, 0.16, 0.18, 0.2, 0.23, 0.06, 0.14, 0.36, 0.39, 0.17, 0.19, 0.12, 0.08, 0.06, 0.07, 0.08, 0.09, 0.16, 0.39, 0.17, 0.19, 0.4, 0.18, 0.22, 0.19, 0.26, 0.2, 0.2, 0.2, 0.22, 0.22, 0.21, 0.23, 0.23, 0.23, 0.24, 0.24, 0.28, 0.27, 0.28, 0.24, 0.07, 0.27, 0.24, 0.3, 0.07, 0.08, 0.09, 0.26, 0.37, 0.09, 0.15, 0.39, 0.4, 0.41, 0.42, 0.28, 0.19, 0.12, 0.11, 0.12, 0.07, 0.08, 0.11, 0.08, 0.43, 0.11, 0.44, 0.18, 0.45, 0.45, 0.46, 0.47, 0.53, 0.5, 0.51, 0.51, 0.22, 0.52, 0.52, 0.23, 0.53, 0.53, 0.53, 0.34, 0.24, 0.54, 0.55, 0.55, 0.41, 0.09, 0.54, 0.57, 0.56, 0.09, 0.1, 0.55, 0.43, 0.2, 0.16, 0.1, 0.57, 0.57, 0.57, 0.19, 0.62, 0.65, 0.54, 0.24, 0.57, 0.31, 0.13, 0.14, 0.12, 0.14, 0.14, 0.08, 0.12, 0.1, 0.13, 0.65, 0.15, 0.49, 0.23, 0.2, 0.66, 0.65, 0.13, 0.54, 0.56, 0.58, 0.6, 0.29, 0.59, 0.15, 0.1, 0.14, 0.12, 0.13, 0.67, 0.17, 0.11, 0.66, 0.14, 0.69, 0.15, 0.7, 0.16, 0.17, 0.25, 0.6, 0.71, 0.71, 0.72, 0.72, 0.26, 0.62, 0.61, 0.73, 0.73, 0.73, 0.73, 0.62, 0.75, 0.76, 0.77, 0.32, 0.76, 0.78, 0.78, 0.81, 0.15, 0.15, 0.18, 0.12, 0.19, 0.33, 0.14, 0.17, 0.12, 0.77, 0.8, 0.85, 0.84, 0.67, 0.28, 0.59, 0.8, 0.19, 0.81, 0.81, 0.82, 0.82, 0.83, 0.83, 0.72, 0.65, 0.85, 0.86, 0.26, 0.64, 0.7, 0.28, 0.83, 0.71, 0.36, 0.69, 0.21, 0.87, 0.7, 0.14, 0.17, 0.96, 0.78, 0.71, 0.67, 0.64, 0.14, 0.15, 0.99, 0.71, 0.71, 0.79, 0.73, 0.73, 0.74, 1.01, 1.01, 0.76, 0.78, 0.83, 1.1, 0.83, 0.65, 0.84, 0.23, 0.19, 0.19, 0.37, 0.26, 0.69, 0.2, 0.28, 0.19, 0.99, 0.76, 1.05, 0.8, 0.22, 0.66, 0.83, 0.67, 0.27, 0.3, 0.85, 0.72, 0.19, 0.23, 0.69, 0.38, 0.15, 0.2, 1.14, 0.76, 0.16, 0.92, 1.21, 0.94, 0.79, 0.92, 0.93, 0.95, 0.96, 0.96, 0.96, 1.0, 0.97, 0.97, 0.98, 0.98, 0.62, 1.33, 0.98, 0.98, 1.0, 1.01, 0.29, 0.64, 1.08, 1.01, 1.09, 0.71, 0.33, 1.07, 0.74, 0.29, 0.24, 0.25, 0.74, 0.22, 0.23, 0.22, 0.23, 0.3, 0.89, 0.2, 0.72, 0.89, 0.21, 0.9, 0.96, 0.96, 0.23, 1.0, 0.68, 1.05, 1.01, 1.13, 1.19, 0.34, 1.2, 1.21, 0.83, 0.23, 1.21, 0.99, 0.21, 0.19, 0.94, 1.22, 0.2, 0.98, 1.03, 1.08, 1.02, 1.03, 1.35, 0.7, 1.13, 1.26, 0.78, 0.35, 0.31, 0.32, 0.25, 0.21, 0.99, 0.3, 0.31, 0.24, 0.25, 0.42, 0.3, 0.91, 0.16, 0.93, 0.17, 0.31, 0.99, 1.02, 1.18, 0.74, 0.36, 0.77, 0.2, 0.23, 0.18, 0.21, 0.33, 1.06, 1.1, 1.16, 1.23, 1.29, 1.18, 1.19, 0.73, 1.58, 1.59, 0.84, 1.39, 0.85, 0.39, 0.28, 0.28, 0.48, 0.23, 1.12, 0.34, 0.26, 0.48, 0.31, 0.35, 0.46, 1.08, 0.25, 1.16, 0.18, 0.18, 0.26, 0.26, 0.27, 0.27, 1.18, 0.28, 1.25, 0.3, 0.32, 0.32, 1.38, 0.77, 1.39, 1.59, 0.79, 1.61, 1.45, 1.46, 0.89, 0.37, 0.25, 0.28, 1.47, 0.33, 1.48, 1.17, 1.09, 0.21, 0.48, 1.19, 1.48, 1.49, 1.2, 0.33, 1.5, 1.51, 1.21, 1.21, 1.52, 1.23, 1.22, 1.23, 1.48, 1.48, 1.24, 1.24, 0.77, 1.5, 1.25, 1.4, 1.25, 1.25, 1.62, 1.27, 1.26, 0.88, 1.42, 1.63, 0.3, 0.5, 0.3, 1.3, 1.3, 1.3, 1.29, 0.38, 0.33, 0.31, 0.24, 0.32, 0.37, 0.26, 0.4, 1.09, 1.35, 1.37, 1.22, 1.11, 1.46, 0.24, 0.3, 1.64, 1.47, 0.26, 1.65, 1.24, 0.4, 1.65, 1.48, 1.46, 1.66, 1.66, 1.67, 1.26, 1.48, 1.5, 1.69, 1.49, 1.51, 1.67, 1.29, 1.25, 1.5, 1.53, 1.72, 1.72, 1.31, 1.26, 1.4, 0.8, 1.73, 1.74, 1.73, 1.3, 1.51, 1.55, 1.54, 1.55, 1.42, 0.81, 1.74, 1.76, 1.68, 1.66, 1.32, 1.76, 1.44, 0.82, 0.84, 1.75, 1.79, 1.75, 1.79, 2.38, 1.35, 1.77, 1.83, 2.4, 1.32, 1.46, 0.3, 0.33, 1.44, 0.52, 1.31, 1.45, 1.18, 0.25, 1.5, 1.22, 0.38, 1.25, 1.51, 1.53, 1.27, 1.78, 1.25, 1.3, 1.5, 0.82, 1.56, 1.7, 1.72, 2.0, 1.57, 1.98, 2.04, 0.9, 0.9, 1.59, 0.32, 1.46, 0.92, 0.51, 0.41, 0.42, 1.99, 2.07, 0.5, 0.39, 0.41, 0.32, 0.28, 0.55, 0.39, 1.59, 0.39, 0.46, 2.0, 2.01, 0.25, 1.27, 0.33, 0.52, 0.27, 1.76, 1.76, 1.64, 0.46, 0.27, 2.01, 1.78, 1.78, 2.02, 1.3, 1.79, 1.79, 1.79, 1.68, 1.79, 1.79, 1.81, 1.84, 2.68, 1.31, 1.47, 0.81, 0.81, 1.36, 1.82, 2.02, 2.04, 2.08, 2.15, 0.91, 2.09, 0.48, 1.48, 1.5, 0.41, 2.11, 1.27, 1.49, 2.11, 1.5, 2.11, 2.12, 2.13, 1.28, 1.51, 1.51, 1.52, 1.69, 1.52, 1.56, 1.81, 1.33, 1.7, 1.52, 0.83, 1.88, 2.12, 2.06, 0.92, 0.92, 2.08, 0.49, 0.5, 0.54, 0.45, 0.95, 0.48, 1.49, 1.49, 0.29, 0.41, 0.6, 1.85, 1.04, 1.57, 0.82, 0.46, 0.85, 2.12, 1.75, 1.65, 0.28, 0.29, 2.13, 1.77, 1.39, 2.16, 1.64, 1.95, 2.2, 1.41, 1.69, 0.87, 0.88, 0.89, 0.87, 0.92, 2.21, 1.53, 2.21, 1.72, 2.23, 1.97, 2.24, 2.24, 1.98, 2.26, 2.16, 2.29, 2.29, 2.12, 1.01, 2.3, 2.31, 2.16, 1.63, 1.63, 0.53, 0.43, 2.31, 2.33, 1.65, 1.6, 2.35, 2.15, 2.16, 1.95, 1.78, 2.49, 2.35, 1.35, 2.5]

ILAO*:
Tiempo requerido: 19.011
Nodos expandidos: 808

RLAO*:
Tiempo requerido: 6.102
Nodos expandidos: 3087

BLAO*:
Tiempo requerido: 5.992
Nodos expandidos: 3221

VI:
Tiempo requerido: 3.263
Numero de iteraciones: 91
-------------------------------------------------------
Problema 4
-------------------------------------------------------
LAO*:
Tiempo requerido: 182.117
Nodos expandidos: 1056
Porcentajes del conjunto Z: [0.01, 0.02, 0.03, 0.04, 0.02, 0.02, 0.02, 0.02, 0.04, 0.04, 0.05, 0.06, 0.07, 0.08, 0.08, 0.03, 0.04, 0.05, 0.07, 0.08, 0.09, 0.07, 0.09, 0.1, 0.11, 0.12, 0.13, 0.04, 0.05, 0.03, 0.05, 0.06, 0.07, 0.08, 0.11, 0.14, 0.08, 0.11, 0.14, 0.16, 0.16, 0.18, 0.19, 0.2, 0.21, 0.1, 0.1, 0.11, 0.12, 0.13, 0.17, 0.05, 0.08, 0.04, 0.08, 0.13, 0.05, 0.05, 0.12, 0.1, 0.22, 0.23, 0.11, 0.24, 0.16, 0.09, 0.17, 0.19, 0.17, 0.18, 0.05, 0.16, 0.2, 0.12, 0.16, 0.09, 0.18, 0.1, 0.19, 0.11, 0.11, 0.14, 0.15, 0.09, 0.15, 0.05, 0.13, 0.25, 0.21, 0.26, 0.18, 0.27, 0.27, 0.28, 0.19, 0.29, 0.1, 0.11, 0.29, 0.29, 0.29, 0.29, 0.31, 0.34, 0.37, 0.17, 0.38, 0.38, 0.16, 0.39, 0.39, 0.17, 0.39, 0.07, 0.4, 0.08, 0.21, 0.41, 0.22, 0.27, 0.22, 0.42, 0.23, 0.29, 0.25, 0.24, 0.21, 0.1, 0.21, 0.27, 0.31, 0.24, 0.32, 0.15, 0.17, 0.4, 0.11, 0.4, 0.06, 0.16, 0.15, 0.18, 0.11, 0.25, 0.14, 0.42, 0.26, 0.28, 0.32, 0.7, 0.58, 0.21, 0.73, 0.12, 0.25, 0.6, 0.28, 0.3, 0.19, 0.31, 0.3, 0.67, 0.29, 0.68, 0.3, 0.7, 0.68, 0.09, 0.17, 0.78, 0.33, 0.12, 0.34, 0.72, 0.8, 0.73, 0.11, 0.12, 0.26, 0.59, 0.29, 0.14, 0.31, 0.6, 0.19, 0.2, 0.14, 0.67, 0.12, 0.16, 0.16, 0.19, 0.21, 0.19, 0.12, 0.21, 0.37, 0.17, 0.39, 0.22, 0.54, 0.2, 0.4, 0.74, 0.21, 0.8, 0.6, 0.41, 0.22, 0.83, 0.61, 0.41, 0.13, 0.14, 0.42, 0.65, 0.43, 0.43, 0.3, 0.45, 0.34, 0.2, 0.45, 0.45, 0.45, 0.63, 0.46, 1.09, 1.07, 0.45, 0.68, 0.63, 0.22, 1.18, 0.64, 0.64, 0.33, 0.19, 0.23, 0.73, 0.66, 0.37, 0.24, 0.25, 1.33, 0.16, 0.39, 0.67, 0.67, 0.4, 0.68, 0.67, 0.78, 0.41, 0.7, 0.69, 0.91, 0.64, 0.13, 0.14, 0.15, 0.42, 0.93, 0.93, 0.71, 0.65, 0.27, 0.45, 0.45, 0.94, 0.95, 0.72, 0.72, 0.32, 0.58, 0.15, 0.72, 0.46, 0.46, 0.46, 0.73, 1.02, 0.96, 0.36, 0.19, 0.74, 0.49, 0.47, 1.04, 0.37, 1.04, 0.76, 0.51, 0.45, 1.06, 0.78, 0.48, 0.15, 0.37, 0.15, 0.22, 0.13, 0.17, 0.16, 0.18, 0.11, 0.52, 0.6, 0.18, 0.23, 0.49, 1.07, 0.24, 0.79, 0.47, 0.53, 0.81, 0.19, 0.28, 0.52, 0.28, 1.2, 0.41, 0.78, 0.84, 0.81, 0.86, 0.79, 0.21, 0.45, 0.81, 0.39, 0.13, 0.14, 0.42, 0.16, 0.48, 0.7, 0.77, 0.34, 0.77, 0.21, 0.22, 1.19, 0.25, 0.56, 1.3, 0.29, 0.44, 0.6, 0.83, 0.61, 0.2, 0.3, 1.32, 0.78, 0.36, 0.17, 1.33, 1.35, 0.79, 0.48, 0.17, 0.14, 0.48, 0.76, 0.78, 0.8, 0.38, 0.83, 0.4, 1.36, 1.4, 0.2, 0.23, 0.13, 0.15, 0.16, 0.22, 0.25, 0.21, 0.2, 0.83, 0.26, 0.25, 1.45, 0.76, 0.79, 0.21, 0.44, 1.46, 1.49, 0.43, 0.16, 0.19, 0.45, 0.29, 0.78, 0.4, 0.37, 0.44, 0.41, 0.68, 1.03, 0.45, 0.92, 1.0, 0.81, 0.18, 1.01, 0.48, 0.19, 1.39, 1.02, 1.03, 0.45, 1.49, 0.27, 0.28, 1.5, 0.31, 0.84, 0.32, 1.34, 0.79, 1.53, 0.46, 0.92, 0.5, 0.94, 0.21, 0.24, 0.18, 0.24, 0.42, 0.27, 0.17, 0.18, 0.27, 0.24, 0.28, 1.01, 0.28, 1.47, 0.45, 0.78, 1.47, 0.81, 0.26, 1.52, 1.06, 1.54, 1.08, 0.8, 0.41, 1.54, 1.54, 1.55, 0.63, 1.54, 0.49, 1.55, 1.57, 0.98, 0.43, 1.56, 1.6, 0.85, 0.19, 1.07, 0.19, 0.19, 1.46, 0.87, 0.23, 1.54, 0.51, 0.33, 0.34, 1.37, 0.8, 0.81, 1.5, 0.82, 1.56, 0.51, 1.07, 0.32, 0.18, 0.21, 0.33, 0.23, 0.27, 0.54, 0.26, 0.19, 0.19, 0.28, 0.28, 1.59, 1.03, 0.22, 0.31, 1.6, 0.22, 1.04, 0.83, 0.32, 1.44, 1.44, 1.48, 1.64, 1.15, 0.23, 0.24, 1.65, 0.89, 1.62, 1.63, 0.27, 1.64, 0.34, 0.8, 0.35, 0.4, 0.41, 1.36, 0.82, 1.5, 1.51, 0.84, 1.57, 0.63, 1.6, 0.5, 0.4, 0.99, 0.52, 0.28, 0.44, 1.63, 0.21, 1.06, 0.23, 0.45, 0.29, 1.65, 0.21, 0.21, 0.46, 0.47, 1.19, 0.26, 0.83, 1.55, 0.54, 0.34, 0.9, 1.56, 0.36, 1.67, 0.83, 1.68, 0.38, 1.53, 1.69, 0.84, 1.54, 1.69, 1.57, 0.92, 0.91, 0.39, 0.42, 0.87, 0.88, 0.87, 0.88, 1.7, 1.58, 0.85, 0.48, 0.88, 0.91, 0.88, 0.91, 1.68, 0.95, 0.26, 0.23, 0.26, 0.25, 0.37, 0.29, 0.33, 0.31, 0.3, 0.37, 0.86, 0.3, 0.22, 1.01, 0.31, 1.59, 0.21, 0.95, 0.95, 0.95, 0.24, 0.24, 0.31, 1.08, 0.53, 0.45, 0.87, 0.87, 1.03, 0.96, 1.51, 0.22, 1.08, 0.78, 0.78, 0.79, 0.36, 0.33, 1.62, 0.88, 0.89, 0.54, 1.04, 1.04, 0.87, 1.65, 0.39, 0.55, 0.55, 0.34, 0.49, 0.9, 1.06, 0.94, 1.63, 0.56, 0.56, 0.56, 0.35, 0.28, 0.91, 0.91, 1.09, 2.58, 0.58, 0.57, 0.36, 0.56, 0.93, 0.93, 0.92, 1.69, 0.92, 0.96, 0.96, 1.7, 0.39, 0.6, 0.6, 0.58, 0.58, 0.81, 0.82, 0.39, 0.87, 0.62, 0.59, 0.99, 0.4, 0.6, 1.72, 0.93, 0.61, 0.61, 0.45, 1.01, 0.62, 0.68, 0.85, 1.73, 0.94, 1.02, 0.63, 0.74, 1.11, 1.63, 1.76, 0.97, 0.97, 0.57, 1.04, 0.98, 0.87, 0.21, 1.81, 0.6, 0.49, 0.5, 1.01, 1.06, 0.99, 0.21, 1.08, 0.23, 0.62, 1.81, 1.8, 1.09, 1.09, 1.1, 1.09, 0.53, 1.1, 0.22, 0.83, 1.84, 1.83, 1.73, 0.92, 0.41, 0.64, 0.31, 0.26, 1.83, 1.04, 1.82, 1.04, 1.82, 1.06, 1.74, 0.92, 0.33, 0.32, 0.57, 1.87, 1.09, 1.06, 1.08, 1.08, 1.84, 1.04, 1.71, 1.75, 0.44, 0.59, 0.61, 0.35, 0.35, 1.1, 1.13, 1.88, 1.72, 1.85, 1.71, 1.75, 0.48, 0.36, 0.4, 0.94, 0.35, 1.86, 1.14, 1.81, 1.8, 1.2, 0.72, 1.14, 0.49, 1.74, 1.75, 1.22, 0.71, 0.77, 1.23, 1.23, 1.24, 0.87, 1.74, 1.25, 0.36, 1.25, 0.87, 0.99, 0.98, 0.3, 0.43, 1.1, 0.9, 1.75, 0.36, 0.32, 0.31, 0.3, 0.58, 0.27, 0.28, 0.4, 0.98, 1.26, 1.03, 1.26, 1.28, 0.31, 0.5, 0.32, 0.63, 0.32, 0.25, 1.27, 1.28, 1.31, 1.76, 0.26, 0.84, 0.36, 1.54, 0.66, 0.38, 2.98, 0.32, 1.35, 0.4, 1.24, 0.92, 1.13, 1.39, 1.71, 0.6, 1.25, 1.28, 1.9, 1.49, 1.76, 0.7, 0.94, 1.26, 0.36, 0.7, 0.9, 1.51, 3.28, 0.73, 0.76, 0.83, 0.84, 0.85, 1.27, 1.28, 0.86, 0.82, 0.74, 1.79, 1.05, 0.87, 3.01, 1.92, 1.82, 0.88, 1.14, 1.03, 1.9, 1.82, 0.31, 1.0, 0.53, 1.16, 0.96, 0.22, 1.95, 1.91, 0.25, 0.36, 1.91, 0.91, 0.59, 0.28, 0.27, 0.31, 0.68, 1.35, 0.91, 0.9, 1.92, 1.37, 0.69, 0.92, 0.71, 2.0, 1.29, 0.64, 0.43, 1.77, 0.93, 0.44, 0.89, 1.58, 1.86, 2.04, 0.5, 0.73, 0.94, 0.42, 0.42, 0.92, 1.88, 2.05, 0.98, 0.74, 0.43, 1.4, 0.99, 0.5, 1.01, 1.41, 0.44, 0.44, 1.02, 1.02, 1.51, 0.71, 0.45, 0.46, 1.04, 0.88, 0.48, 1.13, 1.89, 0.69, 1.24, 1.77, 1.11, 0.34, 1.0, 0.54, 0.34, 0.38, 0.42, 0.36, 0.3, 0.36, 0.31, 0.32, 0.89, 0.96, 2.0, 0.43, 0.44, 0.7, 0.36, 1.12, 0.34, 0.99, 1.47, 0.91, 0.52, 2.04, 0.83, 0.9, 1.01, 1.07, 0.97, 1.29, 0.46, 0.84, 0.84, 0.7, 1.1, 0.85, 0.86, 0.47, 1.88, 2.08, 0.72, 1.41, 1.77, 0.87, 1.97, 0.95, 0.95, 1.24, 1.24, 1.79, 1.25, 0.53, 1.26, 0.97, 0.75, 0.88, 0.88, 0.61, 1.22, 1.21, 2.07, 2.25, 0.89, 0.44, 1.27, 1.03, 1.32, 1.27, 1.06, 0.88, 0.47, 1.05, 2.26, 0.9, 1.3, 1.31, 1.08, 1.16, 2.19, 0.92, 0.93, 1.12, 0.49, 2.28, 2.28, 1.33, 0.9, 1.32, 0.28, 1.32, 1.16, 2.28, 2.27, 2.04, 2.21, 1.25, 2.31, 2.24, 1.34, 1.37, 1.35, 0.24, 1.32, 2.32, 0.29, 0.97, 0.86, 0.71, 1.64, 0.32, 1.4, 1.4, 1.4, 1.94, 1.02, 2.34]

ILAO*:
Tiempo requerido: 21.227
Nodos expandidos: 1118

RLAO*:
Tiempo requerido: 4.226
Nodos expandidos: 2568

BLAO*:
Tiempo requerido: 4.038
Nodos expandidos: 2355

VI:
Tiempo requerido: 3.238
Numero de iteraciones: 91
-------------------------------------------------------
Problema 5
-------------------------------------------------------
LAO*:
Tiempo requerido: 240.784
Nodos expandidos: 1361
Porcentajes del conjunto Z: [0.01, 0.02, 0.03, 0.02, 0.02, 0.04, 0.04, 0.05, 0.06, 0.04, 0.04, 0.06, 0.08, 0.07, 0.11, 0.12, 0.13, 0.03, 0.03, 0.04, 0.06, 0.11, 0.07, 0.13, 0.08, 0.15, 0.09, 0.16, 0.1, 0.1, 0.15, 0.11, 0.12, 0.17, 0.28, 0.29, 0.05, 0.04, 0.05, 0.08, 0.12, 0.1, 0.15, 0.2, 0.2, 0.04, 0.04, 0.06, 0.09, 0.06, 0.13, 0.17, 0.22, 0.2, 0.08, 0.06, 0.06, 0.08, 0.11, 0.18, 0.23, 0.3, 0.23, 0.31, 0.32, 0.33, 0.05, 0.06, 0.08, 0.06, 0.09, 0.2, 0.27, 0.23, 0.33, 0.37, 0.09, 0.14, 0.33, 0.07, 0.08, 0.12, 0.08, 0.12, 0.1, 0.11, 0.12, 0.21, 0.29, 0.36, 0.23, 0.24, 0.42, 0.09, 0.1, 0.15, 0.13, 0.13, 0.37, 0.43, 0.12, 0.14, 0.11, 0.13, 0.13, 0.12, 0.14, 0.14, 0.16, 0.32, 0.17, 0.3, 0.26, 0.27, 0.28, 0.61, 0.11, 0.14, 0.2, 0.21, 0.18, 0.5, 0.64, 0.65, 0.66, 0.18, 0.19, 0.14, 0.67, 0.67, 0.14, 0.2, 0.68, 0.68, 0.68, 0.68, 0.68, 0.18, 0.69, 0.7, 0.69, 0.38, 0.72, 0.7, 0.71, 0.71, 0.7, 0.4, 0.51, 0.75, 0.72, 0.71, 0.76, 0.76, 0.73, 0.73, 0.75, 0.62, 0.78, 0.77, 0.65, 0.8, 0.8, 0.78, 0.67, 0.82, 0.84, 0.8, 0.85, 0.81, 0.68, 0.87, 0.69, 0.15, 0.21, 0.21, 0.23, 0.88, 0.7, 0.24, 0.89, 0.71, 0.25, 0.72, 0.92, 0.74, 0.93, 0.78, 0.76, 0.67, 0.89, 0.17, 0.18, 0.15, 0.16, 0.15, 0.16, 0.18, 0.19, 0.16, 0.22, 0.84, 0.9, 0.69, 0.87, 1.0, 0.18, 0.22, 0.88, 0.4, 0.24, 0.74, 0.6, 0.9, 0.25, 1.01, 0.25, 0.91, 1.0, 0.27, 0.77, 0.27, 1.01, 0.64, 0.27, 0.84, 0.28, 0.68, 0.86, 0.28, 0.72, 0.29, 0.29, 0.29, 0.29, 0.93, 0.72, 0.31, 0.32, 0.3, 0.3, 0.37, 0.9, 0.34, 0.31, 0.73, 0.17, 0.17, 0.74, 0.34, 0.36, 0.19, 1.01, 0.76, 0.24, 0.16, 0.2, 0.41, 0.41, 0.39, 0.39, 0.77, 0.25, 0.43, 0.38, 0.4, 0.41, 0.85, 0.4, 0.43, 0.45, 0.59, 0.89, 0.47, 0.46, 0.29, 0.92, 0.5, 0.48, 1.14, 0.94, 0.52, 0.93, 0.71, 0.32, 0.53, 0.65, 0.74, 0.34, 0.34, 0.2, 0.15, 0.26, 0.18, 0.16, 0.19, 0.36, 0.23, 0.36, 0.76, 0.35, 0.36, 0.36, 0.23, 0.78, 0.39, 0.47, 0.6, 0.25, 0.5, 0.5, 0.5, 0.87, 0.61, 0.52, 0.53, 0.28, 1.44, 0.54, 0.54, 0.94, 1.46, 0.55, 0.56, 0.69, 0.55, 0.32, 0.56, 0.58, 0.56, 0.57, 0.59, 0.57, 0.59, 0.57, 0.57, 0.42, 0.77, 0.58, 0.61, 0.58, 0.59, 0.59, 0.61, 0.58, 0.22, 0.19, 1.02, 0.64, 0.62, 0.64, 0.61, 0.44, 0.21, 0.23, 0.25, 0.26, 0.7, 0.73, 0.69, 0.85, 0.75, 0.79, 0.8, 0.5, 0.86, 0.26, 0.55, 0.54, 0.97, 0.87, 0.71, 0.54, 1.05, 0.88, 1.45, 0.35, 0.72, 1.11, 0.57, 1.56, 0.57, 0.74, 0.74, 0.61, 0.77, 1.12, 0.59, 0.38, 0.75, 1.03, 1.13, 0.81, 0.22, 0.21, 0.17, 0.3, 1.06, 1.13, 0.48, 0.21, 0.26, 0.71, 1.12, 1.09, 1.09, 1.1, 0.25, 1.11, 1.11, 1.05, 1.13, 1.07, 1.14, 1.14, 1.14, 0.57, 0.62, 0.63, 0.55, 1.15, 1.19, 1.99, 1.23, 0.82, 0.66, 0.38, 1.09, 0.74, 0.18, 0.95, 1.06, 0.2, 1.07, 0.54, 1.01, 1.09, 0.49, 0.22, 0.22, 0.23, 0.26, 0.37, 1.06, 1.17, 1.2, 1.25, 2.05, 0.96, 0.75, 0.37, 0.78, 0.85, 1.15, 1.18, 0.56, 0.23, 0.32, 0.32, 0.26, 1.09, 0.32, 0.58, 0.22, 1.07, 0.27, 1.1, 1.15, 1.14, 1.17, 0.65, 0.65, 2.03, 0.67, 2.04, 1.19, 2.05, 0.91, 1.12, 0.2, 0.22, 0.22, 1.16, 0.51, 0.24, 1.06, 0.27, 0.27, 0.4, 0.25, 1.16, 0.26, 0.27, 1.15, 0.38, 1.18, 1.28, 1.19, 0.71, 0.85, 1.1, 1.12, 1.48, 0.87, 0.72, 0.89, 1.55, 0.73, 0.57, 0.33, 0.24, 0.74, 0.34, 0.39, 0.28, 0.59, 0.23, 0.6, 0.24, 0.26, 1.12, 0.31, 0.29, 1.14, 1.15, 0.28, 1.12, 1.19, 0.67, 2.12, 1.25, 0.66, 0.66, 1.22, 1.26, 0.68, 0.3, 1.22, 2.14, 0.69, 0.69, 1.23, 2.02, 0.8, 0.94, 2.16, 1.28, 1.28, 1.29, 1.0, 1.3, 2.17, 1.0, 1.3, 1.3, 0.4, 2.18, 0.25, 0.25, 0.24, 0.31, 0.28, 0.27, 0.3, 1.32, 1.32, 1.3, 0.32, 0.41, 1.06, 0.28, 0.28, 2.19, 2.19, 1.36, 1.24, 0.28, 2.2, 2.2, 1.17, 1.37, 1.37, 0.28, 0.33, 1.23, 1.21, 1.35, 0.32, 1.35, 1.27, 0.69, 1.36, 0.33, 1.37, 1.37, 1.09, 1.23, 0.39, 1.29, 1.3, 1.37, 1.32, 1.42, 1.25, 0.81, 1.43, 1.27, 1.33, 1.33, 0.86, 1.28, 1.35, 1.28, 0.87, 1.31, 0.25, 0.33, 1.35, 1.29, 1.29, 0.58, 0.98, 0.34, 1.36, 1.37, 0.37, 0.25, 0.3, 0.88, 1.43, 0.31, 1.37, 1.39, 1.39, 1.4, 0.6, 0.31, 0.61, 0.24, 0.24, 0.89, 1.44, 1.4, 1.41, 0.26, 1.38, 1.41, 1.4, 0.63, 1.46, 1.47, 0.34, 1.55, 1.39, 1.43, 1.27, 1.48, 1.41, 1.42, 0.29, 1.43, 1.32, 1.23, 1.44, 1.46, 1.29, 2.13, 0.3, 0.71, 1.28, 1.48, 0.35, 1.51, 1.49, 0.74, 1.49, 1.51, 1.5, 1.35, 1.5, 1.52, 1.52, 1.37, 1.5, 0.85, 1.51, 1.53, 1.53, 1.39, 1.52, 0.9, 1.41, 1.55, 1.56, 1.4, 1.54, 1.41, 1.47, 1.57, 0.34, 1.41, 1.45, 1.43, 0.3, 0.45, 0.94, 0.3, 0.27, 1.49, 0.29, 0.29, 1.42, 0.61, 2.31, 0.59, 1.63, 0.29, 0.33, 1.52, 1.6, 0.3, 1.56, 1.19, 1.64, 1.55, 1.63, 0.34, 1.48, 1.37, 1.64, 1.64, 1.25, 0.36, 1.5, 1.67, 1.66, 1.67, 1.14, 0.71, 1.5, 1.67, 1.67, 1.67, 1.69, 1.55, 1.42, 0.4, 0.41, 0.74, 1.7, 1.71, 1.7, 1.69, 1.69, 1.56, 1.53, 1.43, 0.87, 1.73, 1.74, 1.7, 1.58, 1.4, 1.44, 1.78, 1.78, 1.78, 1.71, 1.42, 1.6, 0.63, 1.81, 1.79, 1.79, 1.7, 1.71, 1.77, 1.6, 0.35, 0.31, 0.37, 0.65, 0.38, 1.51, 1.57, 0.3, 0.34, 0.34, 0.37, 0.89, 0.36, 0.42, 0.7, 1.81, 1.83, 1.82, 1.8, 1.61, 0.25, 0.68, 1.45, 0.34, 0.27, 0.69, 1.88, 1.81, 1.6, 0.35, 1.46, 0.71, 1.59, 1.88, 0.31, 0.27, 1.89, 1.61, 1.29, 1.47, 1.38, 1.63, 1.91, 1.92, 1.91, 1.63, 1.49, 0.38, 0.37, 1.28, 1.67, 1.94, 1.94, 1.66, 1.64, 1.5, 1.59, 1.97, 1.95, 1.96, 1.73, 1.53, 1.45, 0.76, 1.98, 1.74, 1.55, 1.38, 0.92, 1.75, 1.56, 0.98, 1.46, 1.76, 1.41, 1.78, 0.65, 1.61, 1.44, 0.4, 1.64, 0.49, 0.92, 0.26, 1.82, 0.65, 1.45, 2.32, 0.3, 0.3, 0.65, 1.77, 0.31, 0.57, 0.26, 0.28, 2.8, 2.42, 0.83, 0.45, 1.2, 0.46, 0.32, 0.33, 2.42, 0.44, 1.57, 2.85, 2.86, 1.3, 0.47, 0.78, 1.8, 2.48, 2.58, 2.4, 1.47, 0.49, 0.69, 1.72, 2.5, 0.95, 0.7, 2.52, 2.35, 0.99, 2.72, 2.54, 1.06, 0.4, 2.65, 0.32, 0.75, 0.42, 0.32, 0.34, 0.47, 0.79, 0.8, 1.64, 1.09, 1.8, 0.5, 0.48, 0.48, 0.47, 1.82, 0.34, 2.69, 0.4, 0.3, 0.5, 2.6, 2.67, 2.4, 1.14, 1.58, 2.82, 2.68, 0.35, 2.42, 0.38, 0.36, 1.15, 2.85, 2.69, 2.69, 0.88, 0.36, 2.26, 2.27, 1.51, 1.51, 0.38, 1.66, 2.93, 2.73, 2.6, 0.89, 0.37, 2.46, 1.62, 0.37, 0.5, 2.63, 0.9, 0.9, 1.75, 0.39, 1.31, 0.91, 2.92, 0.91, 2.64, 2.51, 1.5, 0.91, 2.93, 2.98, 2.54, 2.67, 2.53, 0.93, 1.51, 0.92, 3.01, 2.75, 2.68, 2.69, 2.54, 0.93, 0.94, 2.38, 0.95, 2.78, 2.55, 2.55, 2.42, 1.0, 1.58, 1.02, 1.0, 2.88, 2.57, 2.7, 2.75, 2.61, 0.51, 0.4, 1.9, 2.47, 1.63, 0.37, 0.32, 2.92, 0.81, 2.62, 0.32, 0.29, 1.59, 0.46, 0.31, 0.3, 0.33, 1.88, 0.36, 1.1, 0.35, 0.35, 2.63, 2.63, 0.9, 0.37, 0.39, 3.02, 2.64, 2.45, 1.54, 0.39, 1.62, 0.53, 2.68, 2.96, 2.97, 2.65, 0.54, 2.47, 1.74, 0.94, 2.7, 2.66, 2.49, 0.42, 1.91, 1.02, 2.68, 3.16, 2.9, 2.53, 0.43, 0.91, 1.96, 2.75, 2.55, 2.37, 1.98, 2.8, 3.17, 2.39, 1.02, 1.99, 2.84, 3.18, 0.77, 0.4, 0.4, 2.32, 1.08, 2.0, 2.0, 0.45, 0.78, 1.89, 1.91, 0.44, 0.41, 0.39, 0.8, 0.45, 0.5, 0.34, 0.28, 0.4, 2.62, 3.18, 3.18, 2.01, 2.02, 2.01, 1.67, 2.01, 0.38, 0.47, 2.84, 1.67, 3.19, 3.19, 3.2, 3.19, 2.64, 2.94, 2.04, 2.03, 2.04, 2.02, 1.12, 1.88, 3.2, 3.23, 2.64, 2.95, 1.69, 0.38, 2.07, 2.04, 3.45, 3.47, 1.89, 1.54, 3.25, 2.69, 2.69, 2.69, 1.84, 2.71, 2.09, 2.08, 1.9, 1.55, 2.05, 0.35, 2.53, 0.51, 1.9, 2.11, 2.12, 2.12, 2.1, 0.4, 0.52, 3.18, 2.76, 1.92, 2.13, 2.15, 2.14, 2.14, 1.96, 1.04, 2.18, 2.14, 2.22, 1.99, 1.93, 0.92, 2.58, 2.79, 2.6, 1.93, 2.24, 2.83, 1.93, 1.93, 2.86, 2.86, 1.94, 1.95, 2.28, 2.41, 1.04, 1.97, 1.59, 1.59, 3.23, 1.95, 2.38, 2.03, 0.35, 0.42, 2.09, 1.97, 1.1, 2.81, 1.97, 1.65, 3.25, 0.3, 1.99, 1.93, 2.0, 2.71, 3.25, 3.25, 1.98, 1.98, 1.65, 0.55, 0.3, 0.83, 0.84, 1.16, 0.43, 0.34, 0.34, 0.37, 2.72, 2.01, 3.3, 2.98, 0.36, 2.0, 1.99, 1.19, 2.0, 3.36, 3.0, 0.4, 2.08, 2.01, 2.03, 2.0, 2.0, 0.89, 1.72, 0.39, 0.38, 2.55, 0.39, 0.4, 0.54, 0.55, 0.56, 2.05, 2.02, 2.04, 2.02, 2.79, 2.01, 1.56, 1.07, 0.9, 2.02, 2.07, 2.05, 2.02, 2.06, 1.92, 0.43, 2.8, 0.71, 2.06, 2.09, 2.03, 2.07, 2.22, 1.99, 2.79, 1.04, 0.92, 0.94, 2.07, 2.07, 2.11, 2.04, 2.04, 2.91, 2.8, 2.81, 2.08, 1.05, 2.19, 2.19, 2.23, 2.24, 3.26, 2.09, 1.03, 2.21, 2.22, 2.44, 2.92, 0.36, 0.42, 2.28, 2.1, 0.85, 1.65, 0.66, 0.55, 3.3, 1.6, 1.61, 2.02, 0.67, 0.36, 0.36, 0.38, 2.28, 5.4, 1.74, 1.75, 1.76, 2.85, 3.41, 0.49, 0.48, 2.5, 2.05, 1.12, 2.02, 2.86, 3.4, 2.78, 0.58, 2.51, 1.54, 2.87, 2.87, 3.49, 2.81, 1.55, 2.64, 2.65, 2.07, 2.88, 2.89, 3.51, 2.78, 2.8, 0.59, 2.84, 0.92, 0.6, 0.64, 1.75, 2.08, 2.91, 3.52, 2.09, 1.02, 1.57, 2.11, 1.95, 2.92, 2.92, 3.52, 3.33, 3.34, 0.47, 0.66, 2.2, 0.66, 3.54]

ILAO*:
Tiempo requerido: 39.73
Nodos expandidos: 1399

RLAO*:
Tiempo requerido: 9.292
Nodos expandidos: 3058

BLAO*:
Tiempo requerido: 9.746
Nodos expandidos: 3127

VI:
Tiempo requerido: 3.249
Numero de iteraciones: 91
-------------------------------------------------------
Problema 6
-------------------------------------------------------
LAO*:
Tiempo requerido: 238.645
Nodos expandidos: 1271
Porcentajes del conjunto Z: [0.01, 0.02, 0.02, 0.02, 0.02, 0.03, 0.04, 0.05, 0.06, 0.04, 0.05, 0.07, 0.03, 0.04, 0.04, 0.06, 0.05, 0.08, 0.06, 0.09, 0.07, 0.11, 0.12, 0.13, 0.13, 0.14, 0.14, 0.15, 0.15, 0.17, 0.18, 0.19, 0.05, 0.05, 0.07, 0.06, 0.08, 0.09, 0.13, 0.1, 0.16, 0.08, 0.15, 0.18, 0.21, 0.18, 0.19, 0.2, 0.22, 0.24, 0.08, 0.05, 0.08, 0.06, 0.06, 0.1, 0.08, 0.14, 0.1, 0.18, 0.21, 0.25, 0.19, 0.24, 0.09, 0.06, 0.09, 0.1, 0.14, 0.21, 0.15, 0.16, 0.16, 0.17, 0.17, 0.21, 0.26, 0.22, 0.18, 0.27, 0.18, 0.18, 0.46, 0.36, 0.33, 0.37, 0.34, 0.08, 0.08, 0.34, 0.1, 0.12, 0.12, 0.36, 0.38, 0.37, 0.36, 0.11, 0.38, 0.4, 0.41, 0.41, 0.12, 0.38, 0.42, 0.4, 0.42, 0.41, 0.17, 0.16, 0.44, 0.44, 0.42, 0.42, 0.43, 0.43, 0.44, 0.19, 0.46, 0.48, 0.48, 0.29, 0.49, 0.47, 0.5, 0.5, 0.34, 0.5, 0.53, 0.36, 0.55, 0.56, 0.37, 0.43, 0.38, 0.9, 0.44, 0.27, 0.34, 0.3, 0.47, 0.35, 0.35, 0.38, 0.38, 0.54, 0.08, 0.1, 0.36, 0.09, 0.09, 0.13, 0.09, 0.39, 0.11, 0.13, 0.43, 0.19, 0.44, 0.12, 0.13, 0.56, 0.17, 0.57, 0.18, 0.18, 0.58, 0.62, 0.35, 0.37, 0.64, 0.4, 0.4, 0.65, 0.44, 0.41, 0.64, 0.4, 0.68, 0.41, 0.41, 0.41, 0.44, 0.43, 0.42, 0.45, 0.47, 0.46, 0.71, 0.17, 0.26, 0.47, 0.47, 0.76, 0.29, 0.18, 0.31, 0.79, 0.4, 0.4, 0.41, 0.46, 0.43, 0.49, 0.14, 0.61, 0.12, 0.77, 0.14, 0.11, 0.14, 0.14, 0.14, 0.79, 0.71, 0.2, 0.14, 0.15, 0.15, 0.81, 0.19, 0.81, 0.56, 0.19, 0.82, 0.82, 0.2, 0.85, 0.64, 0.23, 0.89, 0.31, 0.88, 0.89, 0.46, 0.44, 0.79, 0.79, 0.51, 0.81, 0.83, 0.8, 0.82, 0.3, 0.32, 0.41, 0.88, 0.43, 0.46, 0.9, 0.77, 0.91, 0.23, 0.15, 0.66, 0.81, 0.92, 0.15, 0.14, 0.12, 0.25, 0.15, 0.15, 0.83, 0.93, 0.2, 0.93, 0.15, 0.16, 0.15, 0.84, 0.96, 0.57, 0.2, 0.21, 0.96, 0.18, 0.19, 0.23, 0.66, 0.28, 0.33, 0.9, 0.92, 0.9, 0.94, 0.5, 0.81, 0.52, 0.93, 0.93, 0.71, 0.99, 0.19, 0.13, 0.88, 1.02, 0.31, 0.27, 0.33, 0.35, 0.91, 0.45, 0.46, 0.91, 0.47, 0.5, 0.95, 0.15, 0.83, 0.13, 0.93, 0.25, 0.48, 0.48, 0.3, 0.18, 0.22, 0.12, 0.2, 0.5, 0.18, 0.2, 0.21, 0.33, 0.21, 0.19, 0.2, 0.18, 0.87, 0.51, 0.2, 0.89, 0.21, 0.57, 0.58, 0.52, 0.79, 0.22, 0.28, 0.23, 0.79, 0.24, 0.8, 0.97, 0.8, 0.51, 0.45, 0.81, 0.81, 0.56, 0.46, 0.83, 1.3, 1.07, 1.05, 0.76, 1.15, 1.07, 0.29, 0.13, 1.16, 0.5, 0.21, 0.28, 0.32, 0.3, 0.25, 0.38, 0.37, 0.36, 1.02, 1.02, 0.47, 0.48, 0.5, 0.9, 0.2, 0.57, 0.14, 0.54, 0.31, 0.16, 0.16, 0.21, 0.17, 0.16, 1.09, 0.17, 0.17, 0.22, 0.34, 0.57, 0.24, 1.23, 1.12, 0.58, 0.61, 0.59, 0.22, 0.25, 0.66, 1.24, 0.22, 1.13, 1.25, 0.29, 0.52, 1.25, 1.14, 0.32, 1.27, 1.15, 0.37, 0.81, 1.29, 1.29, 1.17, 1.17, 1.31, 1.19, 1.07, 1.08, 1.2, 1.2, 1.22, 0.52, 0.53, 1.12, 1.06, 0.51, 0.78, 0.19, 1.19, 1.08, 1.21, 1.1, 1.23, 1.12, 1.27, 1.13, 0.59, 1.3, 0.31, 1.14, 0.34, 0.41, 0.31, 0.3, 0.38, 1.31, 0.38, 1.18, 1.16, 0.31, 1.34, 1.17, 0.32, 1.18, 0.32, 0.67, 0.51, 1.03, 1.05, 1.05, 1.18, 1.32, 0.92, 0.24, 0.2, 0.16, 0.16, 1.11, 1.33, 0.21, 0.21, 0.18, 0.33, 0.19, 0.21, 0.93, 0.24, 1.21, 0.79, 0.34, 1.14, 1.35, 0.24, 0.58, 0.96, 0.96, 0.98, 0.98, 1.27, 1.37, 1.37, 0.62, 1.0, 0.34, 1.33, 1.42, 1.22, 0.23, 0.36, 0.66, 0.29, 0.31, 0.27, 1.41, 1.22, 0.36, 0.39, 0.34, 1.37, 1.05, 1.07, 1.33, 0.53, 0.54, 0.56, 1.11, 1.12, 1.12, 0.6, 1.32, 1.23, 0.79, 0.19, 0.2, 1.33, 1.33, 1.34, 0.81, 1.35, 1.34, 1.12, 1.37, 1.27, 0.6, 1.37, 1.39, 1.4, 1.31, 1.39, 1.41, 1.45, 0.95, 1.37, 1.0, 0.4, 0.31, 0.45, 0.45, 1.2, 1.02, 1.02, 1.03, 1.04, 1.03, 1.36, 1.04, 1.06, 0.59, 1.04, 1.09, 1.05, 1.07, 1.06, 0.93, 0.61, 1.08, 1.08, 1.06, 1.06, 0.95, 0.28, 0.26, 1.37, 0.17, 0.18, 0.26, 0.34, 0.68, 0.31, 0.34, 0.25, 1.11, 1.08, 1.09, 0.21, 1.4, 0.34, 0.36, 0.73, 0.42, 1.09, 1.18, 1.18, 1.45, 0.82, 0.79, 1.39, 1.06, 1.46, 1.46, 1.2, 1.3, 1.19, 1.19, 0.38, 0.84, 0.39, 1.18, 1.56, 1.48, 1.2, 1.11, 0.32, 0.35, 0.81, 1.32, 0.25, 0.38, 1.25, 1.01, 1.49, 1.25, 0.81, 1.04, 1.5, 0.82, 1.27, 0.83, 1.0, 1.02, 1.04, 1.53, 1.55, 1.32, 1.01, 1.54, 1.5, 1.51, 0.54, 0.55, 0.56, 0.56, 1.87, 1.61, 1.52, 1.59, 1.14, 0.17, 1.53, 1.37, 0.42, 0.86, 0.27, 1.63, 1.37, 1.64, 0.88, 0.75, 1.47, 0.89, 1.65, 1.65, 1.01, 1.19, 0.45, 0.99, 0.26, 1.67, 0.5, 0.97, 0.93, 0.32, 0.46, 0.9, 0.98, 0.99, 0.39, 1.61, 1.01, 1.09, 0.42, 1.64, 0.91, 1.64, 1.27, 1.09, 1.65, 1.66, 1.66, 0.93, 0.93, 1.66, 0.93, 1.05, 1.14, 0.6, 0.61, 0.5, 0.92, 0.93, 1.66, 1.68, 1.04, 1.05, 1.17, 0.65, 0.99, 1.69, 1.15, 0.34, 0.35, 1.75, 1.06, 1.06, 1.06, 0.25, 0.38, 0.36, 0.26, 0.3, 0.2, 0.2, 0.26, 0.27, 1.05, 1.2, 0.22, 1.08, 1.07, 1.08, 0.26, 0.42, 0.43, 0.74, 1.06, 1.18, 1.22, 0.44, 1.11, 1.09, 1.08, 1.12, 1.08, 0.82, 1.13, 1.22, 1.09, 1.1, 1.09, 1.1, 0.97, 1.24, 1.65, 0.39, 0.41, 0.41, 0.26, 0.4, 1.11, 1.1, 1.11, 1.16, 1.14, 0.35, 0.46, 0.39, 1.43, 1.17, 1.15, 1.16, 1.11, 1.16, 1.11, 0.99, 1.0, 0.46, 0.41, 0.42, 1.4, 1.19, 1.23, 1.17, 1.2, 1.33, 1.04, 1.15, 1.38, 1.21, 1.24, 1.18, 1.8, 1.32, 0.49, 1.75, 1.27, 1.29, 1.29, 1.86, 1.05, 1.05, 1.22, 0.74, 1.33, 1.35, 1.07, 1.86, 0.77, 1.36, 1.37, 1.65, 1.09, 0.21, 0.21, 1.87, 0.22, 0.18, 0.58, 0.2, 0.78, 1.45, 1.76, 1.29, 1.38, 1.09, 0.9, 1.46, 1.77, 0.93, 1.42, 1.11, 1.47, 1.78, 1.12, 1.15, 1.12, 1.13, 0.99, 0.27, 1.77, 1.77, 1.17, 1.05, 1.17, 1.79, 0.65, 0.51, 0.46, 0.54, 0.55, 1.1, 1.18, 1.01, 0.96, 1.21, 0.99, 1.0, 1.7, 1.08, 1.16, 1.76, 0.63, 1.16, 1.02, 1.74, 0.31, 1.23, 0.21, 0.39, 0.4, 0.37, 0.42, 0.26, 0.22, 0.22, 0.27, 0.31, 1.59, 1.11, 0.55, 1.25, 0.19, 0.43, 0.64, 0.5, 1.43, 1.61, 1.12, 1.14, 1.29, 1.85, 1.28, 0.27, 1.61, 1.77, 1.62, 0.4, 0.98, 1.14, 0.44, 0.48, 1.28, 0.94, 1.63, 1.64, 1.64, 1.88, 0.58, 0.37, 0.37, 0.41, 1.34, 1.67, 1.9, 1.2, 1.2, 0.42, 0.44, 1.09, 1.37, 1.36, 1.63, 1.14, 1.42, 1.93, 1.7, 0.48, 1.21, 1.94, 1.44, 1.02, 1.7, 1.67, 1.8, 1.95, 1.25, 0.76, 1.68, 1.04, 1.68, 1.45, 1.79, 1.94, 1.71, 1.27, 0.79, 1.07, 1.69, 1.45, 1.87, 1.68, 1.71, 0.28, 1.78, 1.6, 0.25, 1.31, 0.21, 0.29, 0.83, 1.4, 1.79, 1.76, 1.14, 1.12, 1.96, 0.96, 0.96, 1.3, 1.19, 1.19, 1.71, 1.77, 1.98, 1.73, 1.14, 1.03, 2.24, 1.05, 1.94, 1.95, 1.74, 1.27, 1.31, 1.02, 1.99, 0.7, 0.63, 1.13, 1.3, 1.23, 2.01, 0.99, 1.14, 1.16, 2.0, 1.71, 0.58, 0.63, 0.64, 2.02, 1.6, 1.06, 1.03, 1.99, 1.28, 2.01, 1.33, 1.06, 0.4, 0.42, 0.42, 0.35, 0.26, 0.47, 2.05, 2.03, 0.42, 0.41, 0.39, 0.74, 0.31, 1.35, 2.06, 2.04, 1.9, 0.51, 0.33, 0.32, 1.81, 0.97, 0.33, 1.2, 1.39, 0.34, 0.7, 1.19, 0.74, 1.86, 1.3, 1.41, 0.38, 0.4, 0.4, 0.48, 0.42, 1.0, 2.09, 0.97, 0.99, 1.0, 1.36, 1.98, 1.08, 1.37, 1.23, 1.68, 1.44, 1.09, 1.09, 2.04, 1.69, 1.03, 1.05, 1.95, 1.15, 2.06, 1.85, 1.75, 1.17, 1.88, 0.66, 1.13, 1.22, 2.04, 1.72, 1.16, 0.7, 1.1, 1.33, 2.07, 0.26, 0.42, 1.89, 1.9, 0.26, 0.26, 0.76, 1.77, 1.13, 1.92, 0.28, 1.03, 1.18, 1.18, 1.19, 2.08, 1.96, 1.8, 1.3, 1.33, 1.45, 0.33, 1.99, 1.86, 1.43, 0.35, 1.06, 1.46, 2.0, 1.47, 1.94, 0.36, 1.52, 1.53, 1.07, 0.41, 1.53, 1.1, 1.09, 2.01, 2.02, 2.09, 0.36, 1.01, 1.54, 0.43, 2.03, 1.85, 0.43, 2.01, 1.0, 2.06, 1.88, 0.89, 0.65, 1.17, 1.85, 1.01, 1.89, 2.12, 1.12, 2.07, 0.44, 2.14, 0.57, 0.44, 0.46, 0.43, 0.27, 0.27, 1.04, 0.48, 0.44, 0.47, 1.35, 1.08, 0.45, 0.71, 2.09, 0.33, 2.22, 0.53, 1.36, 2.26, 1.42, 1.93, 1.52, 1.39, 2.1, 1.37, 0.41, 0.53, 0.54, 2.11, 1.63, 0.38, 1.14, 1.39, 1.01, 1.02, 2.12, 2.12, 0.98, 0.98, 1.0, 0.4, 1.14, 1.35, 2.12, 2.14, 2.04, 1.84, 2.02, 1.11, 1.86, 1.87, 1.65, 1.13, 0.48, 2.16, 1.9, 1.16, 1.67, 1.02, 1.04, 1.33, 1.22, 1.86, 1.87, 2.13, 0.67, 1.07, 1.88, 2.14, 2.08, 0.46, 0.47, 0.47, 1.23, 1.95, 2.23, 0.42, 0.32, 0.78, 1.37, 2.1, 1.97, 0.79, 2.11, 2.04, 2.27, 0.8, 1.07, 1.51, 1.07, 1.08, 2.12, 2.08, 2.02, 0.81, 0.81, 1.04, 1.06, 2.13, 2.13, 0.32, 0.82, 0.83, 0.84, 0.88, 1.13, 1.14, 1.65, 2.01, 1.16, 1.05, 1.25, 1.01, 0.97, 2.14, 1.68, 1.16, 1.4, 0.37, 2.05, 2.15]

ILAO*:
Tiempo requerido: 33.572
Nodos expandidos: 1326

RLAO*:
Tiempo requerido: 7.589
Nodos expandidos: 3489

BLAO*:
Tiempo requerido: 6.727
Nodos expandidos: 3030

VI:
Tiempo requerido: 3.406
Numero de iteraciones: 91
-------------------------------------------------------
Problema 7
-------------------------------------------------------
LAO*:
Tiempo requerido: 170.779
Nodos expandidos: 961
Porcentajes del conjunto Z: [0.01, 0.02, 0.02, 0.02, 0.03, 0.02, 0.05, 0.06, 0.07, 0.03, 0.03, 0.03, 0.04, 0.06, 0.07, 0.09, 0.11, 0.12, 0.13, 0.13, 0.15, 0.14, 0.16, 0.16, 0.17, 0.18, 0.18, 0.18, 0.21, 0.22, 0.04, 0.1, 0.13, 0.13, 0.15, 0.18, 0.2, 0.24, 0.07, 0.28, 0.04, 0.07, 0.06, 0.09, 0.31, 0.09, 0.32, 0.33, 0.16, 0.34, 0.15, 0.16, 0.17, 0.06, 0.33, 0.17, 0.2, 0.21, 0.18, 0.25, 0.07, 0.08, 0.06, 0.09, 0.11, 0.35, 0.17, 0.37, 0.19, 0.38, 0.22, 0.17, 0.17, 0.18, 0.19, 0.3, 0.3, 0.07, 0.08, 0.23, 0.39, 0.25, 0.4, 0.27, 0.18, 0.28, 0.3, 0.29, 0.3, 0.32, 0.09, 0.1, 0.11, 0.13, 0.34, 0.14, 0.35, 0.36, 0.36, 0.38, 0.38, 0.2, 0.39, 0.4, 0.16, 0.4, 0.25, 0.18, 0.2, 0.21, 0.2, 0.21, 0.43, 0.31, 0.44, 0.45, 0.45, 0.28, 0.46, 0.46, 0.47, 0.46, 0.12, 0.09, 0.51, 0.39, 0.42, 0.47, 0.41, 0.28, 0.45, 0.2, 0.42, 0.33, 0.32, 0.36, 0.12, 0.33, 0.14, 0.34, 0.16, 0.41, 0.35, 0.5, 0.27, 0.45, 0.36, 0.36, 0.5, 0.37, 0.39, 0.21, 0.21, 0.51, 0.24, 0.69, 0.52, 0.52, 0.34, 0.71, 0.22, 0.26, 0.54, 0.28, 0.22, 0.57, 0.57, 0.58, 0.59, 0.59, 0.58, 0.55, 0.58, 0.87, 0.57, 0.1, 0.1, 0.12, 0.38, 0.58, 0.37, 0.39, 0.26, 0.34, 0.58, 0.6, 0.15, 0.37, 0.34, 0.15, 0.15, 0.59, 0.28, 0.35, 0.41, 0.5, 0.44, 0.23, 0.51, 0.23, 0.35, 0.32, 0.38, 0.61, 0.61, 0.13, 0.31, 0.91, 0.47, 0.51, 0.52, 0.45, 0.46, 0.52, 0.38, 0.39, 0.61, 0.16, 0.47, 0.16, 0.42, 0.2, 0.61, 0.39, 0.3, 0.6, 0.31, 0.52, 0.54, 0.49, 0.67, 0.24, 0.36, 0.27, 0.56, 0.36, 0.58, 0.41, 0.43, 0.65, 0.66, 1.02, 0.14, 0.4, 0.27, 0.55, 0.41, 0.42, 0.69, 0.68, 0.74, 0.36, 0.42, 0.45, 0.79, 0.21, 0.46, 0.8, 0.75, 0.75, 0.76, 0.81, 0.32, 0.83, 0.34, 0.41, 0.53, 0.85, 0.44, 0.86, 0.86, 0.25, 0.25, 0.87, 0.87, 0.87, 0.88, 0.9, 0.3, 0.36, 0.36, 0.91, 0.92, 0.93, 0.44, 0.92, 0.94, 0.94, 0.48, 0.99, 0.98, 0.51, 0.91, 0.15, 0.92, 0.93, 0.43, 0.8, 0.46, 0.82, 0.26, 0.47, 0.84, 0.27, 0.48, 0.48, 0.28, 0.5, 0.85, 0.87, 0.51, 0.51, 0.89, 0.52, 0.53, 0.83, 0.82, 0.55, 0.54, 0.55, 0.22, 0.5, 0.23, 0.98, 0.56, 0.58, 0.16, 0.82, 0.9, 0.42, 0.33, 0.17, 0.36, 1.02, 0.36, 0.59, 0.18, 0.37, 1.04, 0.87, 1.03, 0.19, 0.9, 0.4, 0.26, 0.27, 1.06, 0.36, 0.93, 0.89, 1.08, 0.49, 0.29, 0.29, 0.39, 0.4, 1.08, 0.5, 0.42, 0.94, 0.51, 0.88, 0.58, 0.58, 0.49, 0.86, 0.55, 0.16, 0.87, 0.16, 0.91, 0.18, 0.52, 0.89, 0.56, 0.53, 0.89, 0.57, 0.2, 0.89, 0.32, 0.72, 0.94, 0.9, 0.29, 0.91, 0.93, 0.8, 0.59, 0.58, 0.76, 0.93, 0.96, 0.84, 0.97, 0.59, 0.59, 0.59, 0.29, 0.97, 0.88, 0.6, 0.7, 0.69, 0.49, 0.69, 1.03, 0.3, 0.42, 1.04, 0.7, 0.7, 0.71, 1.15, 0.31, 1.17, 0.93, 1.15, 0.49, 0.32, 0.96, 0.53, 0.74, 0.24, 0.33, 1.33, 1.26, 1.28, 1.26, 0.34, 0.54, 0.53, 1.34, 1.51, 0.59, 0.18, 1.05, 1.11, 0.55, 0.56, 0.58, 0.2, 0.39, 1.47, 0.61, 0.74, 0.78, 0.23, 0.62, 0.79, 0.76, 1.49, 0.32, 0.32, 0.34, 0.42, 0.48, 1.3, 0.53, 1.44, 0.67, 0.18, 0.19, 0.18, 0.6, 0.21, 1.47, 0.33, 0.8, 0.26, 1.45, 0.34, 0.86, 0.37, 0.88, 0.35, 0.29, 0.73, 0.92, 0.3, 0.36, 0.31, 0.45, 0.47, 1.45, 1.47, 0.25, 0.26, 1.47, 1.65, 0.2, 0.56, 0.24, 0.39, 0.59, 1.59, 0.29, 0.4, 0.81, 0.79, 0.43, 0.4, 0.72, 0.75, 0.3, 1.77, 1.78, 0.93, 1.8, 0.35, 0.37, 0.53, 0.35, 0.49, 0.36, 0.51, 0.37, 0.19, 0.36, 0.21, 0.18, 1.81, 0.21, 0.62, 0.39, 1.81, 0.22, 0.84, 0.34, 0.22, 0.38, 1.63, 0.92, 0.37, 0.4, 1.8, 0.4, 0.3, 0.3, 0.41, 0.38, 0.94, 0.42, 0.37, 1.79, 0.32, 1.8, 0.34, 1.81, 0.56, 0.36, 1.82, 0.26, 0.27, 0.28, 0.27, 0.37, 1.83, 0.28, 0.22, 0.28, 0.38, 1.69, 0.26, 0.29, 0.64, 0.29, 0.29, 0.22, 0.36, 0.37, 0.43, 1.84, 0.88, 0.3, 0.31, 0.3, 0.3, 0.24, 0.38, 1.81, 0.8, 0.81, 1.89, 0.96, 0.32, 0.33, 0.34, 0.32, 0.43, 0.77, 0.78, 1.93, 0.96, 0.33, 0.36, 0.34, 0.32, 1.85, 1.87, 0.57, 1.9, 1.9, 1.89, 0.58, 0.5, 1.89, 0.5, 1.91, 0.55, 1.92, 1.93, 0.28, 0.22, 0.27, 0.23, 0.21, 1.85, 0.29, 0.23, 0.23, 1.98, 1.98, 0.41, 0.96, 1.9, 1.99, 1.95, 0.67, 0.37, 1.95, 0.33, 2.05, 0.51, 1.05, 0.45, 1.85, 2.05, 0.41, 0.42, 2.06, 2.06, 0.45, 2.07, 1.89, 0.49, 2.08, 0.28, 0.29, 0.3, 0.31, 1.87, 0.32, 0.63, 0.38, 0.25, 0.53, 1.88, 0.32, 1.88, 0.65, 1.81, 0.37, 0.82, 0.83, 1.93, 1.94, 1.94, 0.38, 0.77, 0.77, 0.79, 0.97, 0.48, 0.38, 1.92, 0.8, 0.39, 1.97, 1.98, 0.61, 1.06, 1.85, 1.9, 1.92, 0.81, 0.52, 0.53, 1.07, 0.82, 0.58, 2.08, 2.07, 1.08, 1.08, 1.87, 0.83, 0.83, 2.1, 1.09, 1.09, 1.09, 0.85, 1.92, 0.53, 1.09, 1.11, 1.03, 2.14, 0.26, 1.1, 0.31, 0.3, 1.94, 0.32, 0.86, 0.29, 0.25, 1.76, 1.11, 1.14, 1.16, 0.31, 0.92, 0.27, 1.96, 0.48, 1.12, 1.15, 1.12, 1.19, 0.93, 0.66, 0.32, 0.93, 0.32, 1.95, 1.13, 1.2, 1.13, 1.23, 1.07, 0.93, 0.38, 1.1, 1.09, 1.99, 0.38, 0.93, 1.11, 1.13, 0.98, 2.01, 1.13, 1.16, 1.14, 1.08, 0.41, 0.71, 0.53, 1.83, 1.17, 1.17, 1.17, 1.11, 2.03, 0.43, 0.44, 0.44, 1.87, 1.23, 1.23, 1.23, 1.16, 1.13, 2.1, 2.04, 2.04, 2.04, 0.56, 0.48, 1.22, 2.05, 1.27, 1.17, 2.07, 2.06, 2.05, 1.9, 2.14, 0.63, 2.09, 1.2, 2.09, 2.33, 0.29, 0.32, 0.32, 0.33, 0.33, 0.59, 2.1, 2.12, 1.07, 0.3, 2.38, 1.97, 1.17, 0.3, 0.33, 0.35, 2.11, 2.19, 0.33, 1.1, 0.33, 0.66, 0.4, 2.21, 1.23, 2.21, 0.35, 0.84, 2.26, 0.36, 2.02, 2.25, 1.22, 0.4, 2.27, 2.27, 2.06, 0.52, 0.99, 0.62, 0.67, 0.62, 2.29, 2.31, 2.28, 2.08, 1.92, 1.93, 0.66, 1.12, 2.33, 1.86, 1.16, 0.45, 0.54, 2.34, 2.31, 1.16, 2.3, 0.5, 0.62, 2.58, 1.95, 2.14, 0.64, 2.64, 0.32, 0.3, 0.31, 0.32, 0.61, 0.65, 0.3, 0.31, 2.09, 1.2, 0.26, 1.77, 1.77, 1.79, 0.66, 1.13, 1.99, 0.4, 0.35, 0.39, 1.24, 0.89, 0.67, 1.98, 0.42, 1.14, 0.41, 0.68, 2.5, 1.17, 0.43, 1.03, 2.08, 0.47, 1.16, 0.71, 0.42, 0.65, 1.91, 0.92, 2.1, 2.51, 0.45, 2.12, 0.58, 2.57, 1.9, 2.15, 1.14, 0.67, 0.51, 1.24, 2.61, 1.33, 0.35, 0.39, 0.67, 0.36, 1.97, 1.16, 0.32, 0.69, 2.59, 1.35, 2.08, 0.94, 0.31, 0.32, 0.35, 2.6, 0.3, 0.4, 0.42, 0.41, 1.2, 0.38, 2.61, 2.57, 0.42, 0.62, 0.85, 1.25, 0.85, 2.62, 0.43, 0.45, 2.02, 0.55, 2.63, 0.36, 0.52, 0.68, 0.45, 0.71, 0.69, 2.07, 1.92, 0.78, 1.14, 2.64]

ILAO*:
Tiempo requerido: 24.515
Nodos expandidos: 1004

RLAO*:
Tiempo requerido: 8.246
Nodos expandidos: 3132

BLAO*:
Tiempo requerido: 7.952
Nodos expandidos: 3233

VI:
Tiempo requerido: 3.256
Numero de iteraciones: 91
-------------------------------------------------------
Problema 8
-------------------------------------------------------
LAO*:
Tiempo requerido: 123.045
Nodos expandidos: 783
Porcentajes del conjunto Z: [0.01, 0.02, 0.03, 0.02, 0.02, 0.04, 0.06, 0.02, 0.02, 0.04, 0.04, 0.07, 0.03, 0.07, 0.08, 0.04, 0.04, 0.05, 0.03, 0.06, 0.05, 0.05, 0.08, 0.1, 0.09, 0.04, 0.11, 0.12, 0.13, 0.14, 0.14, 0.16, 0.17, 0.17, 0.18, 0.18, 0.18, 0.2, 0.19, 0.06, 0.21, 0.06, 0.09, 0.06, 0.07, 0.22, 0.11, 0.09, 0.27, 0.15, 0.17, 0.2, 0.22, 0.22, 0.23, 0.25, 0.22, 0.12, 0.31, 0.28, 0.34, 0.36, 0.37, 0.38, 0.2, 0.39, 0.4, 0.21, 0.42, 0.42, 0.42, 0.44, 0.44, 0.47, 0.31, 0.27, 0.08, 0.46, 0.07, 0.08, 0.09, 0.1, 0.11, 0.08, 0.15, 0.14, 0.5, 0.14, 0.37, 0.51, 0.4, 0.17, 0.18, 0.54, 0.21, 0.46, 0.47, 0.47, 0.48, 0.48, 0.5, 0.52, 0.3, 0.38, 0.08, 0.09, 0.29, 0.51, 0.52, 0.53, 0.54, 0.64, 0.32, 0.6, 0.22, 0.46, 0.48, 0.51, 0.53, 0.16, 0.12, 0.08, 0.14, 0.22, 0.09, 0.15, 0.29, 0.16, 0.57, 0.11, 0.16, 0.14, 0.34, 0.2, 0.35, 0.21, 0.61, 0.25, 0.63, 0.29, 0.64, 0.65, 0.48, 0.66, 0.31, 0.1, 0.07, 0.39, 0.39, 0.56, 0.41, 0.11, 0.16, 0.17, 0.62, 0.18, 0.18, 0.18, 0.19, 0.21, 0.28, 0.23, 0.23, 0.65, 0.25, 0.29, 0.24, 0.47, 0.67, 0.3, 0.26, 0.27, 0.25, 0.31, 0.27, 0.29, 0.29, 0.29, 0.28, 0.12, 0.56, 0.14, 0.39, 0.37, 0.54, 0.24, 0.31, 0.17, 0.58, 0.16, 0.4, 0.14, 0.12, 0.14, 0.17, 0.16, 0.4, 0.31, 0.61, 0.41, 0.61, 0.59, 0.2, 0.42, 0.22, 0.63, 0.43, 0.43, 0.43, 0.33, 0.24, 0.64, 0.46, 0.64, 0.47, 0.65, 0.65, 0.66, 0.66, 0.48, 0.37, 0.66, 0.69, 0.49, 0.59, 0.41, 0.67, 0.71, 0.68, 0.7, 0.42, 0.74, 0.43, 0.57, 0.75, 0.75, 0.14, 0.16, 0.1, 0.44, 0.66, 0.76, 0.77, 0.62, 0.42, 0.79, 0.64, 0.19, 0.44, 0.8, 0.62, 0.65, 0.46, 0.81, 0.48, 0.67, 0.65, 0.3, 0.49, 0.69, 0.33, 0.67, 0.5, 0.34, 0.61, 0.71, 0.55, 0.51, 0.27, 0.39, 0.16, 0.19, 0.13, 0.85, 0.19, 0.19, 0.22, 0.4, 0.18, 0.19, 0.88, 0.58, 0.41, 0.21, 0.64, 0.91, 0.62, 0.66, 0.42, 0.17, 0.69, 0.22, 1.08, 0.5, 0.43, 0.68, 0.44, 0.44, 0.74, 0.46, 0.45, 0.64, 0.32, 0.48, 0.74, 0.38, 0.55, 0.68, 0.7, 0.82, 0.42, 0.14, 0.12, 0.12, 0.15, 0.85, 0.65, 0.89, 0.48, 0.45, 0.18, 0.86, 0.2, 0.89, 0.47, 0.3, 0.49, 0.68, 0.69, 0.36, 0.5, 0.69, 0.71, 0.41, 0.35, 0.72, 0.81, 0.59, 0.75, 0.39, 0.27, 0.24, 0.18, 0.28, 0.23, 0.18, 0.74, 0.75, 0.87, 0.25, 0.77, 0.21, 1.18, 0.19, 0.19, 0.65, 0.42, 0.34, 0.45, 0.21, 0.37, 0.68, 1.0, 0.27, 0.84, 0.58, 0.4, 0.72, 0.6, 0.74, 0.62, 0.44, 0.63, 0.64, 0.29, 0.41, 0.16, 0.2, 0.47, 0.13, 0.96, 0.46, 0.82, 0.22, 0.85, 0.34, 0.73, 0.81, 1.18, 0.22, 0.66, 0.92, 0.78, 0.62, 0.87, 0.87, 0.33, 0.89, 0.89, 0.74, 0.75, 0.91, 0.93, 0.93, 0.43, 0.78, 0.47, 0.79, 0.49, 0.97, 0.56, 0.23, 0.32, 0.21, 0.31, 0.95, 0.24, 0.23, 0.26, 0.2, 0.58, 0.33, 0.17, 0.85, 0.34, 0.16, 0.83, 0.22, 0.78, 0.8, 0.24, 0.69, 0.86, 1.02, 0.85, 0.87, 1.07, 0.86, 0.88, 1.08, 0.74, 0.35, 0.93, 0.77, 1.1, 0.97, 0.89, 0.79, 1.12, 0.91, 0.99, 0.5, 0.81, 1.13, 1.14, 0.22, 0.22, 0.32, 1.0, 0.15, 0.2, 0.82, 1.14, 1.16, 1.15, 0.24, 0.86, 1.0, 0.98, 0.83, 0.83, 0.94, 1.05, 0.84, 0.97, 1.15, 1.19, 0.35, 1.29, 0.76, 0.28, 1.06, 1.13, 1.03, 1.15, 0.91, 0.99, 1.73, 0.92, 1.03, 0.48, 1.05, 1.14, 0.98, 0.51, 1.01, 0.6, 0.34, 0.22, 0.22, 0.35, 0.24, 0.24, 0.99, 0.25, 1.06, 0.26, 0.15, 0.36, 0.33, 0.28, 0.64, 1.28, 0.48, 0.55, 0.79, 1.09, 0.5, 0.98, 0.8, 0.87, 0.9, 0.3, 1.28, 1.28, 1.16, 1.12, 1.0, 0.91, 0.91, 1.2, 1.12, 1.01, 1.03, 1.13, 1.72, 1.14, 1.04, 1.06, 1.36, 1.35, 1.35, 1.35, 0.97, 1.15, 1.05, 1.4, 0.95, 1.18, 1.12, 1.11, 1.4, 1.0, 0.99, 1.18, 1.42, 0.35, 1.02, 0.24, 0.32, 0.3, 1.02, 0.61, 1.28, 1.4, 1.4, 1.43, 1.29, 1.43, 0.24, 0.81, 1.25, 1.43, 1.43, 1.43, 1.15, 1.45, 1.45, 0.28, 1.33, 1.19, 1.48, 1.35, 0.45, 1.49, 1.49, 1.49, 1.37, 1.36, 1.5, 1.51, 1.38, 1.39, 1.56, 0.49, 1.53, 1.39, 1.16, 0.52, 1.54, 1.54, 1.39, 0.25, 0.25, 0.35, 0.25, 0.32, 0.29, 0.34, 0.3, 1.61, 0.6, 0.37, 1.01, 1.2, 1.57, 1.56, 1.56, 0.25, 1.28, 0.36, 0.33, 1.71, 0.5, 0.68, 1.07, 1.59, 1.3, 1.57, 1.57, 0.41, 1.42, 1.72, 1.72, 0.69, 0.8, 0.8, 1.61, 1.58, 1.58, 1.35, 1.67, 0.7, 0.7, 1.67, 1.28, 0.83, 1.64, 1.66, 1.65, 1.59, 1.6, 0.3, 0.84, 1.46, 1.6, 1.62, 1.61, 0.32, 1.35, 1.17, 1.6, 1.63, 1.63, 1.67, 1.68, 1.65, 1.66, 1.64, 1.64, 1.68, 0.98, 1.4, 1.65, 1.76, 1.66, 1.47, 1.66, 1.69, 1.62, 1.48, 1.73, 1.73, 1.71, 1.0, 1.01, 1.64, 1.63, 1.49, 1.74, 1.3, 0.32, 1.69, 0.27, 0.42, 1.07, 0.26, 0.64, 1.3, 1.75, 1.76, 1.73, 1.73, 1.51, 0.7, 1.74, 1.44, 1.28, 1.48, 1.48, 1.75, 1.77, 1.56, 0.45, 1.26, 0.37, 0.38, 1.49, 2.49, 2.5, 2.29, 0.22, 1.58, 1.67, 0.85, 1.18, 1.44, 2.63, 2.63, 1.68, 2.62, 0.33, 1.81, 1.7, 2.24, 1.83, 1.5, 1.72, 2.66, 1.86, 1.84, 1.66, 1.74, 1.75, 2.67, 2.67, 2.67, 0.5, 1.89, 1.75, 1.77, 2.68, 0.55, 2.69, 2.7, 2.52, 1.95, 0.37, 2.53, 2.72, 0.35, 0.36, 0.35, 0.26, 0.27, 0.39, 1.07, 0.28, 0.4, 0.42, 0.26, 0.41, 2.58, 1.09, 2.7, 0.34, 2.72, 0.53, 1.58, 0.3, 0.73, 2.61, 2.74]

ILAO*:
Tiempo requerido: 15.639
Nodos expandidos: 822

RLAO*:
Tiempo requerido: 4.85
Nodos expandidos: 2449

BLAO*:
Tiempo requerido: 3.773
Nodos expandidos: 2179

VI:
Tiempo requerido: 3.244
Numero de iteraciones: 91
-------------------------------------------------------
Problema 9
-------------------------------------------------------
LAO*:
Tiempo requerido: 135.537
Nodos expandidos: 823
Porcentajes del conjunto Z: [0.01, 0.02, 0.02, 0.03, 0.02, 0.02, 0.02, 0.04, 0.07, 0.04, 0.08, 0.03, 0.04, 0.06, 0.07, 0.1, 0.12, 0.13, 0.14, 0.15, 0.15, 0.16, 0.05, 0.11, 0.13, 0.13, 0.15, 0.05, 0.05, 0.06, 0.09, 0.17, 0.18, 0.2, 0.21, 0.22, 0.06, 0.12, 0.15, 0.18, 0.2, 0.19, 0.21, 0.22, 0.22, 0.22, 0.24, 0.24, 0.25, 0.25, 0.27, 0.29, 0.07, 0.06, 0.06, 0.08, 0.06, 0.06, 0.1, 0.3, 0.3, 0.31, 0.32, 0.32, 0.34, 0.33, 0.18, 0.35, 0.35, 0.34, 0.21, 0.36, 0.37, 0.35, 0.19, 0.36, 0.36, 0.23, 0.38, 0.39, 0.38, 0.24, 0.39, 0.41, 0.41, 0.29, 0.25, 0.44, 0.44, 0.13, 0.11, 0.37, 0.5, 0.17, 0.51, 0.4, 0.44, 0.27, 0.31, 0.27, 0.44, 0.29, 0.32, 0.45, 0.31, 0.46, 0.12, 0.13, 0.12, 0.12, 0.1, 0.14, 0.13, 0.38, 0.14, 0.39, 0.19, 0.39, 0.55, 0.55, 0.15, 0.15, 0.26, 0.44, 0.57, 0.16, 0.17, 0.17, 0.41, 0.16, 0.3, 0.58, 0.54, 0.17, 0.19, 0.2, 0.29, 0.33, 0.72, 0.72, 0.46, 0.73, 0.75, 0.58, 0.57, 0.58, 0.53, 0.62, 0.36, 0.56, 0.53, 0.47, 0.12, 0.09, 0.67, 0.11, 0.21, 0.21, 0.13, 0.24, 0.32, 0.13, 0.48, 0.15, 0.71, 0.71, 0.49, 0.44, 0.74, 0.73, 0.5, 0.51, 0.39, 0.51, 0.77, 0.75, 0.62, 0.36, 0.79, 0.52, 0.43, 0.64, 0.4, 0.84, 0.15, 0.14, 0.54, 0.41, 0.58, 0.15, 0.16, 0.16, 0.15, 0.86, 0.56, 0.43, 0.87, 0.17, 0.57, 0.47, 0.54, 0.57, 0.55, 0.55, 0.75, 0.57, 0.2, 0.88, 0.75, 0.6, 0.6, 0.9, 0.22, 0.64, 0.66, 0.5, 0.25, 0.37, 0.81, 0.67, 0.53, 0.43, 1.02, 0.65, 0.43, 0.68, 1.04, 0.48, 0.41, 0.48, 0.55, 0.43, 0.1, 0.55, 0.13, 0.72, 0.49, 0.22, 0.24, 1.01, 1.02, 0.17, 0.62, 0.76, 0.21, 1.09, 0.33, 0.77, 0.51, 0.87, 0.57, 0.98, 0.47, 0.65, 0.54, 0.46, 1.05, 0.17, 1.06, 0.15, 0.17, 0.66, 0.16, 0.62, 0.74, 1.08, 1.11, 0.75, 0.77, 0.27, 0.8, 0.42, 0.63, 0.68, 0.65, 0.68, 0.58, 1.07, 0.44, 0.11, 0.12, 0.74, 0.61, 0.25, 0.72, 0.51, 0.6, 0.6, 1.09, 0.2, 0.52, 1.13, 0.61, 0.37, 0.53, 0.76, 0.62, 0.54, 0.51, 0.7, 0.81, 0.76, 0.58, 0.51, 0.59, 0.46, 0.53, 0.65, 0.6, 0.53, 0.54, 0.18, 0.16, 0.16, 0.17, 0.55, 0.56, 0.2, 0.15, 0.15, 0.16, 0.13, 0.19, 0.16, 0.61, 1.07, 0.64, 0.75, 1.08, 1.08, 1.08, 1.08, 1.1, 0.8, 0.68, 0.76, 0.23, 1.1, 1.19, 1.11, 1.11, 1.21, 1.12, 0.83, 0.6, 1.12, 1.24, 1.25, 1.13, 1.14, 0.47, 0.63, 0.64, 0.49, 0.66, 0.18, 0.72, 0.16, 0.65, 0.16, 0.12, 0.13, 0.25, 0.73, 0.21, 0.66, 1.11, 0.77, 0.66, 0.67, 0.8, 0.23, 0.38, 0.68, 1.24, 0.69, 0.84, 0.7, 0.85, 0.52, 0.63, 0.52, 0.71, 0.47, 0.64, 0.86, 0.86, 0.86, 0.7, 0.68, 0.72, 0.89, 0.55, 0.69, 0.71, 0.58, 0.9, 0.2, 0.74, 0.73, 0.73, 0.19, 0.23, 0.61, 0.2, 0.17, 0.19, 0.77, 0.15, 0.73, 0.75, 0.74, 0.15, 1.08, 0.76, 0.77, 1.42, 0.16, 0.65, 0.77, 1.45, 0.68, 0.77, 0.7, 0.69, 1.24, 0.81, 0.26, 0.83, 0.89, 0.71, 1.21, 0.84, 0.72, 0.73, 0.64, 0.64, 0.74, 0.74, 1.42, 1.32, 0.7, 0.52, 0.8, 0.16, 0.21, 1.47, 0.17, 0.18, 0.19, 1.48, 0.79, 1.02, 0.68, 1.12, 0.27, 0.72, 0.8, 0.39, 0.3, 0.82, 0.82, 1.26, 0.32, 0.91, 1.27, 0.84, 0.98, 1.29, 0.53, 0.54, 0.53, 0.74, 0.64, 1.3, 0.77, 0.67, 0.57, 1.3, 0.59, 0.71, 1.31, 1.31, 0.25, 0.21, 0.21, 0.19, 0.18, 0.22, 0.64, 0.21, 0.21, 0.2, 1.32, 1.32, 0.23, 0.26, 0.94, 1.09, 1.1, 0.79, 0.23, 1.33, 1.33, 0.15, 1.13, 0.68, 0.91, 1.34, 1.34, 1.79, 0.88, 0.33, 1.35, 1.35, 0.93, 0.89, 1.36, 1.38, 0.93, 1.08, 1.27, 0.77, 1.28, 0.65, 1.29, 0.78, 1.29, 1.31, 1.3, 1.31, 0.25, 0.22, 0.56, 0.2, 1.55, 0.2, 0.19, 1.34, 0.71, 0.8, 1.17, 1.35, 0.4, 0.68, 0.89, 1.38, 1.36, 0.72, 1.39, 1.43, 0.96, 0.76, 1.39, 0.77, 0.75, 0.75, 0.55, 0.57, 0.5, 0.68, 0.52, 1.1, 1.41, 0.85, 1.33, 1.43, 1.35, 0.59, 1.44, 1.44, 1.34, 0.6, 0.6, 0.61, 1.45, 1.46, 0.26, 1.36, 0.23, 0.67, 0.2, 0.2, 0.23, 0.21, 1.46, 0.94, 0.25, 1.59, 0.29, 1.47, 1.47, 0.74, 1.37, 1.37, 1.48, 1.48, 1.39, 1.18, 0.34, 1.49, 1.19, 0.87, 1.45, 1.51, 0.97, 1.2, 0.82, 1.52, 1.52, 1.08, 1.43, 1.54, 1.17, 1.18, 0.43, 1.45, 1.34, 1.19, 0.51, 0.45, 1.48, 0.22, 0.28, 0.2, 0.2, 0.21, 0.27, 0.8, 1.55, 1.36, 0.77, 0.72, 1.48, 1.38, 0.72, 0.78, 1.54, 1.37, 1.19, 0.34, 0.74, 0.83, 0.41, 0.92, 1.52, 0.36, 1.46, 1.44, 0.92, 1.22, 1.54, 1.54, 1.46, 1.02, 1.02, 1.03, 0.8, 1.02, 1.56, 1.58, 1.48, 1.2, 1.21, 0.59, 0.58, 1.2, 0.59, 0.8, 1.33, 0.89, 1.5, 1.38, 1.35, 0.6, 0.63, 0.74, 1.52, 1.53, 1.38, 0.25, 0.24, 0.23, 0.25, 0.23, 0.25, 0.3, 0.3, 0.22, 0.89, 0.23, 0.22, 0.28, 1.54, 1.55, 1.39, 1.71, 0.29, 1.56, 1.59, 0.24, 1.39, 0.91, 0.77, 1.57, 1.4, 0.37, 1.52, 1.55, 1.6, 1.59, 0.89, 0.4, 1.6, 1.46, 1.05, 1.6, 1.66, 1.5, 0.41, 1.01, 0.42, 0.42, 0.43, 0.44, 1.48, 0.43, 0.43, 0.44, 0.55, 1.5, 1.54, 0.46, 0.24, 0.47, 0.25, 0.22, 0.22, 0.23, 0.28, 1.38, 0.34, 0.64, 1.53, 0.49, 0.48, 0.27, 1.67, 0.85, 0.25, 0.51, 0.49, 1.68, 1.0, 0.27, 0.76, 0.79, 1.21, 0.53, 0.52, 1.57, 0.82, 1.23, 0.42, 0.95, 0.95, 0.83, 0.57, 0.99, 1.52, 1.57, 0.91, 1.22, 0.38, 1.64, 1.05, 0.99, 0.41, 1.6, 1.5, 0.57, 0.62, 1.23, 0.6, 1.06, 1.63, 0.45, 0.88, 1.34, 1.34, 1.65, 1.65, 1.39, 0.51, 1.34, 0.64, 1.67, 1.66, 1.55, 0.32, 0.28, 1.4, 0.27, 0.27, 0.33, 0.3, 0.63, 0.25, 1.69, 1.68, 0.4, 1.56, 1.58, 0.33, 0.28, 1.7, 0.45, 0.25, 1.72, 1.65, 0.3, 1.58, 1.72]

ILAO*:
Tiempo requerido: 19.512
Nodos expandidos: 889

RLAO*:
Tiempo requerido: 6.682
Nodos expandidos: 2936

BLAO*:
Tiempo requerido: 6.013
Nodos expandidos: 2555

VI:
Tiempo requerido: 3.254
Numero de iteraciones: 91
-------------------------------------------------------
Problema 10
-------------------------------------------------------
LAO*:
Tiempo requerido: 197.487
Nodos expandidos: 1145
Porcentajes del conjunto Z: [0.01, 0.02, 0.02, 0.03, 0.04, 0.02, 0.03, 0.03, 0.02, 0.04, 0.06, 0.05, 0.06, 0.05, 0.05, 0.08, 0.08, 0.09, 0.1, 0.11, 0.12, 0.13, 0.13, 0.15, 0.06, 0.07, 0.08, 0.09, 0.13, 0.16, 0.17, 0.06, 0.18, 0.05, 0.18, 0.07, 0.2, 0.21, 0.1, 0.09, 0.12, 0.12, 0.13, 0.15, 0.18, 0.06, 0.07, 0.08, 0.23, 0.11, 0.13, 0.12, 0.18, 0.21, 0.08, 0.06, 0.08, 0.09, 0.1, 0.15, 0.25, 0.15, 0.18, 0.2, 0.07, 0.08, 0.07, 0.1, 0.25, 0.11, 0.18, 0.19, 0.24, 0.09, 0.25, 0.07, 0.09, 0.26, 0.08, 0.1, 0.34, 0.11, 0.16, 0.18, 0.22, 0.24, 0.25, 0.26, 0.22, 0.27, 0.33, 0.36, 0.3, 0.09, 0.08, 0.11, 0.08, 0.11, 0.1, 0.12, 0.18, 0.24, 0.21, 0.1, 0.07, 0.11, 0.08, 0.1, 0.09, 0.11, 0.14, 0.41, 0.12, 0.42, 0.17, 0.56, 0.36, 0.57, 0.39, 0.42, 0.44, 0.09, 0.13, 0.13, 0.34, 0.3, 0.56, 0.37, 0.59, 0.44, 0.61, 0.48, 0.12, 0.17, 0.11, 0.15, 0.13, 0.15, 0.13, 0.12, 0.12, 0.13, 0.14, 0.3, 0.3, 0.31, 0.57, 0.61, 0.47, 0.63, 0.64, 0.65, 0.65, 0.51, 0.66, 0.66, 0.66, 0.52, 0.68, 0.69, 0.67, 0.53, 0.7, 0.7, 0.24, 0.68, 0.16, 0.13, 0.15, 0.72, 0.7, 0.73, 0.74, 0.74, 0.75, 0.31, 0.14, 0.77, 0.77, 0.15, 0.4, 0.8, 0.79, 0.81, 0.8, 0.81, 0.82, 0.82, 0.82, 0.83, 0.84, 0.83, 0.83, 0.87, 0.66, 0.55, 0.84, 0.91, 0.67, 0.67, 0.58, 0.86, 0.86, 0.86, 0.93, 0.93, 0.94, 0.16, 0.17, 0.17, 0.68, 0.68, 0.19, 0.21, 0.18, 0.2, 0.18, 0.16, 0.14, 0.88, 0.96, 0.73, 0.89, 0.19, 0.7, 0.75, 0.21, 0.12, 0.15, 0.93, 0.92, 1.0, 0.71, 0.33, 0.31, 0.34, 1.07, 0.97, 0.72, 0.16, 0.34, 0.98, 0.18, 0.71, 0.62, 0.99, 0.99, 1.01, 0.19, 0.74, 0.65, 0.84, 0.75, 0.2, 0.91, 0.76, 0.21, 0.21, 0.9, 0.93, 0.8, 0.22, 0.22, 0.68, 0.54, 0.81, 0.23, 0.23, 0.25, 1.01, 0.25, 0.17, 0.18, 0.23, 0.28, 0.77, 0.29, 0.29, 0.29, 0.33, 0.3, 0.32, 0.2, 0.73, 0.41, 1.02, 0.32, 0.22, 0.64, 0.75, 0.42, 0.33, 0.76, 0.76, 0.33, 0.43, 0.43, 0.34, 0.77, 0.82, 0.78, 0.44, 0.45, 0.34, 0.34, 0.34, 0.84, 0.35, 0.8, 0.35, 0.36, 0.36, 0.36, 0.24, 0.64, 0.36, 0.42, 0.36, 0.69, 0.42, 0.93, 0.16, 0.38, 0.2, 0.87, 0.37, 0.44, 0.21, 0.2, 0.19, 0.26, 0.72, 0.19, 0.16, 0.26, 0.27, 0.7, 1.07, 0.48, 0.43, 0.49, 0.49, 0.48, 0.72, 0.28, 0.22, 0.71, 0.13, 1.19, 0.55, 0.74, 1.32, 0.32, 0.7, 0.68, 0.33, 0.68, 0.34, 0.34, 0.76, 0.75, 0.76, 0.61, 0.75, 0.33, 0.77, 0.62, 0.7, 0.62, 0.34, 0.81, 0.81, 0.34, 0.44, 0.64, 0.82, 1.21, 0.83, 0.84, 0.63, 0.35, 0.83, 0.36, 0.35, 0.82, 0.26, 0.66, 0.68, 0.36, 0.37, 0.84, 0.86, 0.86, 0.87, 0.36, 0.36, 0.28, 0.37, 0.45, 0.37, 0.37, 0.9, 0.85, 0.85, 0.39, 0.5, 0.3, 0.89, 0.38, 0.47, 0.33, 0.9, 0.86, 0.87, 0.94, 0.27, 0.39, 0.39, 0.5, 0.87, 0.97, 0.89, 0.95, 0.73, 0.39, 0.88, 0.99, 0.94, 1.15, 0.97, 0.46, 0.81, 0.2, 0.63, 0.22, 0.24, 0.4, 1.41, 1.51, 0.53, 0.3, 0.41, 0.55, 0.55, 0.54, 0.33, 0.34, 0.45, 0.42, 0.59, 0.55, 0.32, 0.97, 0.43, 0.6, 0.99, 0.49, 0.97, 0.33, 0.48, 0.61, 0.35, 0.24, 0.35, 0.66, 0.38, 0.25, 0.37, 0.87, 0.48, 0.67, 0.9, 0.32, 0.38, 0.68, 0.7, 0.7, 0.35, 0.92, 0.74, 0.18, 1.8, 0.2, 0.22, 0.28, 0.31, 0.97, 0.77, 0.2, 0.19, 0.2, 0.21, 0.33, 0.27, 0.29, 0.33, 0.25, 0.81, 0.15, 0.27, 1.56, 0.39, 0.39, 0.4, 0.36, 0.37, 0.34, 0.95, 0.58, 0.4, 0.47, 0.97, 0.83, 0.34, 1.01, 0.78, 0.35, 0.86, 0.84, 1.02, 0.4, 0.39, 0.28, 0.88, 1.11, 0.92, 0.51, 0.36, 0.26, 0.99, 0.77, 0.34, 0.26, 0.24, 0.8, 0.28, 1.31, 0.25, 0.51, 1.67, 0.38, 1.68, 0.38, 0.75, 0.39, 0.39, 1.02, 1.85, 1.85, 0.48, 1.87, 1.91, 0.29, 0.51, 0.5, 0.5, 0.42, 0.55, 0.93, 0.75, 1.01, 0.21, 0.29, 0.37, 0.23, 0.34, 0.22, 0.24, 0.31, 0.85, 0.3, 0.32, 0.17, 0.3, 0.33, 0.65, 0.49, 0.38, 0.42, 0.35, 0.39, 0.36, 0.37, 0.84, 0.85, 1.04, 0.58, 2.01, 0.5, 0.33, 0.53, 0.53, 0.45, 0.54, 0.46, 0.55, 0.82, 1.06, 0.47, 0.47, 0.31, 0.56, 0.49, 0.57, 0.57, 0.86, 0.41, 0.27, 1.34, 0.4, 0.34, 0.41, 1.68, 0.42, 0.43, 0.51, 0.53, 0.53, 0.77, 1.07, 0.45, 0.85, 0.23, 0.3, 0.3, 0.37, 0.27, 0.38, 0.27, 0.36, 0.25, 0.32, 0.34, 0.35, 0.31, 0.3, 0.34, 0.51, 0.3, 0.41, 0.46, 0.45, 0.53, 0.53, 0.54, 0.9, 0.41, 0.41, 0.45, 0.54, 0.5, 0.54, 0.54, 0.35, 0.89, 0.57, 2.11, 0.67, 0.54, 0.35, 0.35, 0.36, 0.58, 0.61, 0.68, 0.31, 0.95, 0.62, 0.51, 0.84, 1.14, 1.25, 0.96, 0.25, 1.25, 0.94, 0.32, 0.51, 0.29, 1.06, 1.08, 0.57, 0.35, 0.58, 2.57, 0.59, 0.46, 0.7, 2.58, 0.35, 0.6, 1.74, 0.54, 2.55, 1.75, 0.37, 0.8, 2.61, 0.36, 0.48, 0.34, 0.42, 0.33, 0.32, 0.36, 2.62, 2.62, 0.39, 0.39, 0.33, 0.34, 0.33, 0.37, 0.35, 2.63, 2.64, 0.39, 0.4, 0.52, 0.95, 0.42, 0.56, 2.65, 2.65, 0.35, 0.56, 0.48, 1.08, 0.39, 0.44, 0.44, 2.66, 1.08, 0.38, 2.66, 2.66, 0.49, 2.68, 2.67, 2.67, 1.12, 2.69, 2.68, 2.69, 2.69, 1.13, 2.69, 2.71, 2.71, 2.7, 2.7, 2.59, 0.35, 0.37, 0.37, 0.37, 0.57, 2.73, 2.73, 0.38, 2.73, 0.39, 1.76, 0.58, 2.93, 2.91, 2.85, 0.59, 2.94, 2.95, 2.86, 2.97, 2.87, 0.31, 0.33, 2.98, 2.98, 2.88, 2.88, 0.58, 1.1, 3.0, 0.62, 2.89, 0.43, 0.41, 3.01, 3.01, 3.01, 2.9, 2.9, 2.9, 1.14, 0.42, 3.03, 3.03, 0.68, 2.91, 2.93, 2.91, 2.92, 2.95, 2.93, 2.92, 2.92, 2.8, 2.7, 0.51, 2.94, 2.99, 2.82, 2.95, 2.73, 2.88, 2.86, 2.86, 2.89, 2.64, 2.91, 2.76, 2.65, 2.92, 2.92, 2.78, 2.66, 0.4, 0.34, 0.54, 0.5, 0.51, 0.37, 0.35, 0.38, 0.39, 0.46, 0.36, 0.42, 2.94, 2.94, 2.81, 2.67, 0.39, 0.4, 0.44, 0.58, 0.41, 2.97, 1.15, 0.54, 0.46, 0.46, 0.53, 0.49, 2.98, 2.98, 0.52, 2.87, 1.22, 3.01, 2.92, 0.54, 3.02, 2.96, 0.68, 0.62, 2.87, 3.02, 2.97, 0.44, 0.47, 0.41, 2.91, 2.98, 2.63, 1.79, 0.44, 3.16, 3.13, 0.6, 3.12, 3.12, 0.61, 3.16, 3.13, 3.14, 3.17, 3.16, 2.89, 0.38, 3.21, 3.16, 0.38, 1.21, 3.23, 3.19, 3.17, 3.27, 3.02, 3.16, 3.16, 1.28, 3.3, 3.41, 3.02, 1.31, 2.81, 3.08, 1.64, 3.62, 3.84, 3.97, 3.55, 3.63, 3.98, 3.93, 3.59, 3.64, 3.64, 3.88, 3.68, 3.6, 3.65, 3.66, 0.5, 3.83, 4.14, 3.74, 3.6, 0.34, 0.47, 0.45, 0.36, 0.65, 0.42, 0.66, 0.34, 0.36, 0.42, 0.38, 0.4, 0.41, 0.67, 0.62, 0.57, 0.4, 0.41, 3.83, 3.78, 3.63, 0.5, 0.5, 0.74, 3.79, 3.64, 0.47, 0.48, 0.5, 0.5, 0.48, 3.97, 3.8, 3.65, 3.65, 1.24, 3.75, 3.88, 3.66, 3.66, 4.01, 3.81, 3.81, 1.32, 3.65, 3.82, 3.83, 3.67, 1.31, 0.6, 3.76, 3.68, 3.68, 3.85, 0.48, 0.42, 0.61, 3.69, 3.69, 0.45, 3.99, 3.88, 3.8, 0.62, 0.62, 3.71, 3.8, 0.46, 3.9, 3.57, 0.64, 3.81, 1.09, 3.73, 1.16, 0.36, 3.74, 3.74, 1.12, 0.39, 3.82, 3.75, 3.76, 0.55, 1.15, 1.13, 0.48, 3.82, 3.7, 3.98, 3.83, 3.83, 3.91, 3.72, 3.8, 3.85, 3.93, 3.74, 1.32, 3.9, 3.84, 3.94, 3.57, 0.62, 4.0, 0.44, 3.76, 4.02, 3.62, 1.09, 3.77, 3.9, 4.03, 0.6, 0.43, 0.61, 0.52, 3.72, 3.82, 4.0, 0.68, 0.62, 0.41, 0.79, 0.45, 0.38, 0.5, 0.39, 0.64, 0.42, 4.18, 3.81, 3.76, 3.65, 0.47, 0.51, 4.2, 4.2, 3.67, 0.52, 0.68, 0.49, 0.49, 0.59, 0.52, 4.21, 4.22, 4.02, 3.7, 3.76, 4.24, 4.25, 3.84, 3.82, 3.73, 4.25, 4.38, 3.84, 1.35, 4.28, 4.41, 0.48, 0.5, 1.35, 0.65, 4.29, 4.53, 0.43, 4.52, 3.71, 3.9, 3.98, 0.7, 4.3, 4.54, 3.89, 4.0, 0.71, 4.31, 4.56, 4.02, 1.15, 3.93, 4.77, 4.77, 4.78, 4.24, 0.55, 0.48, 3.96, 0.46, 4.82, 4.82, 3.97, 4.84, 4.82, 4.82, 4.82, 1.22, 3.89, 4.0, 4.83, 4.81, 3.97, 4.84, 4.84, 4.82, 4.05, 3.96, 4.05, 4.05, 4.85, 4.9, 4.05, 4.06, 0.95, 4.92]

ILAO*:
Tiempo requerido: 33.731
Nodos expandidos: 1182

RLAO*:
Tiempo requerido: 8.398
Nodos expandidos: 3459

BLAO*:
Tiempo requerido: 8.023
Nodos expandidos: 2941

VI:
Tiempo requerido: 3.305
Numero de iteraciones: 91
-------------------------------------------------------
