Problema 1
-------------------------------------------------------
LAO*:
Tiempo requerido: 79.857
Nodos expandidos: 410
Porcentajes del conjunto Z: [0.01, 0.02, 0.02, 0.05, 0.04, 0.06, 0.07, 0.05, 0.07, 0.1, 0.06, 0.09, 0.12, 0.07, 0.1, 0.1, 0.14, 0.09, 0.11, 0.12, 0.2, 0.15, 0.1, 0.11, 0.12, 0.25, 0.12, 0.26, 0.26, 0.02, 0.14, 0.02, 0.28, 0.15, 0.3, 0.16, 0.17, 0.31, 0.19, 0.06, 0.09, 0.32, 0.33, 0.2, 0.09, 0.21, 0.21, 0.23, 0.22, 0.12, 0.25, 0.27, 0.28, 0.15, 0.3, 0.04, 0.31, 0.15, 0.04, 0.32, 0.05, 0.35, 0.33, 0.33, 0.06, 0.36, 0.35, 0.35, 0.2, 0.12, 0.1, 0.37, 0.36, 0.36, 0.23, 0.16, 0.11, 0.38, 0.37, 0.37, 0.37, 0.28, 0.17, 0.12, 0.4, 0.4, 0.4, 0.38, 0.19, 0.14, 0.42, 0.41, 0.42, 0.4, 0.2, 0.15, 0.22, 0.46, 0.43, 0.44, 0.46, 0.31, 0.48, 0.44, 0.05, 0.48, 0.16, 0.05, 0.51, 0.06, 0.52, 0.52, 0.37, 0.06, 0.52, 0.07, 0.53, 0.53, 0.4, 0.09, 0.53, 0.38, 0.4, 0.54, 0.54, 0.42, 0.16, 0.43, 0.56, 0.56, 0.56, 0.27, 0.21, 0.54, 0.57, 0.57, 0.57, 0.44, 0.33, 0.14, 0.58, 0.58, 0.48, 0.35, 0.59, 0.59, 0.52, 0.36, 0.21, 0.22, 0.62, 0.6, 0.54, 0.06, 0.64, 0.62, 0.57, 0.06, 0.65, 0.68, 0.59, 0.09, 0.54, 0.69, 0.62, 0.41, 0.42, 0.1, 0.41, 0.58, 0.74, 0.44, 0.17, 0.11, 0.47, 0.69, 0.81, 0.67, 0.28, 0.23, 0.6, 0.12, 0.12, 0.73, 0.83, 0.84, 0.69, 0.38, 0.36, 0.75, 0.86, 0.74, 0.77, 1.09, 1.09, 0.23, 1.1, 1.11, 1.1, 0.99, 0.64, 0.25, 0.07, 0.07, 1.11, 1.15, 1.11, 0.23, 0.07, 0.07, 1.16, 1.12, 0.27, 1.17, 1.21, 1.02, 0.28, 0.44, 1.25, 0.3, 0.21, 0.14, 0.51, 1.26, 0.36, 0.31, 0.62, 0.3, 0.52, 1.27, 1.09, 0.31, 1.28, 1.11, 0.32, 1.31, 0.25, 0.33, 1.15, 1.33, 1.0, 0.65, 0.35, 0.09, 0.1, 0.15, 1.35, 1.15, 0.25, 0.09, 0.1, 1.36, 0.27, 0.1, 0.11, 1.37, 0.35, 1.38, 0.22, 0.52, 1.4, 0.37, 0.65, 1.02, 1.89, 1.79, 1.59, 0.86, 0.49, 1.23, 2.1, 2.01, 1.25, 2.11, 2.04, 0.94, 0.94, 2.12, 2.06, 1.69, 1.35, 0.95, 0.31, 0.33, 0.4, 2.19, 1.84, 1.7, 1.36, 0.14, 0.33, 2.2, 1.72, 1.04, 0.36, 2.21, 2.11, 1.73, 2.22, 2.14, 0.4, 2.23, 2.16, 1.06, 2.27, 1.8, 1.8, 1.09, 1.25, 2.28, 1.81, 1.27, 2.3, 2.2, 1.83, 0.95, 0.98, 1.28, 2.31, 2.22, 1.84, 1.84, 1.7, 1.7, 1.37, 1.0, 0.37, 0.44, 1.3, 2.43, 2.05, 2.06, 0.15, 2.44, 1.84, 1.02, 0.16, 2.46, 2.25, 1.86, 0.17, 2.47, 2.37, 0.41, 0.42, 2.48, 2.4, 1.1, 0.43, 2.49, 1.93, 0.44, 2.51, 2.41, 1.96, 0.46, 1.31, 2.52, 2.43, 2.0, 1.31, 2.54, 2.47, 2.36, 2.05, 1.85, 1.84, 0.38, 0.47, 2.59, 2.15, 0.16, 0.17, 2.6, 2.51, 1.89, 0.21, 2.62, 2.53, 2.27, 2.27, 2.63, 2.28, 0.8, 2.64, 2.46, 2.3, 1.12, 1.14, 2.69, 2.31, 1.15, 2.7, 2.6, 2.32, 1.16, 1.33, 2.98, 2.89, 2.59, 2.28, 1.17, 3.25, 3.05, 2.57, 2.36, 2.37, 0.4, 0.64, 0.63]

ILAO*:
Tiempo requerido: 15.652
Nodos expandidos: 418

RLAO*:
Tiempo requerido: 1.804
Nodos expandidos: 658

BLAO*:
Tiempo requerido: 2.731
Nodos expandidos: 634

VI:
Tiempo requerido: 11.872
Numero de iteraciones: 4146688
-------------------------------------------------------
Problema 2
-------------------------------------------------------
LAO*:
Tiempo requerido: 59.872
Nodos expandidos: 307
Porcentajes del conjunto Z: [0.01, 0.02, 0.04, 0.04, 0.05, 0.06, 0.09, 0.1, 0.11, 0.11, 0.12, 0.14, 0.16, 0.02, 0.17, 0.05, 0.2, 0.21, 0.21, 0.1, 0.22, 0.23, 0.23, 0.12, 0.25, 0.25, 0.26, 0.26, 0.28, 0.3, 0.3, 0.31, 0.32, 0.04, 0.04, 0.32, 0.35, 0.21, 0.33, 0.37, 0.25, 0.36, 0.41, 0.11, 0.37, 0.43, 0.26, 0.15, 0.43, 0.51, 0.16, 0.44, 0.53, 0.17, 0.37, 0.56, 0.19, 0.41, 0.57, 0.44, 0.58, 0.58, 0.05, 0.06, 0.05, 0.59, 0.59, 0.06, 0.06, 0.28, 0.6, 0.6, 0.6, 0.6, 0.07, 0.62, 0.65, 0.62, 0.12, 0.63, 0.63, 0.67, 0.67, 0.68, 0.17, 0.68, 0.68, 0.69, 0.69, 0.69, 0.7, 0.72, 0.57, 0.7, 0.7, 0.72, 0.22, 0.59, 0.72, 0.72, 0.73, 0.23, 0.46, 0.62, 0.77, 0.78, 0.77, 0.78, 0.78, 0.09, 0.09, 0.25, 0.78, 0.8, 0.8, 0.8, 0.79, 0.07, 0.11, 0.44, 0.69, 0.81, 0.81, 0.84, 0.09, 0.2, 0.84, 0.7, 0.85, 0.85, 0.74, 0.88, 0.88, 0.89, 0.89, 0.89, 0.89, 0.75, 0.78, 0.9, 0.91, 0.95, 0.93, 0.77, 0.81, 0.96, 0.8, 0.47, 0.98, 0.98, 0.83, 0.16, 0.26, 0.99, 0.99, 0.85, 0.86, 0.2, 0.47, 1.28, 1.28, 1.28, 1.09, 0.23, 1.33, 1.31, 1.3, 0.93, 1.37, 1.21, 1.38, 1.25, 1.4, 1.22, 0.98, 1.07, 1.27, 1.41, 1.25, 1.0, 1.38, 1.51, 1.01, 0.69, 1.52, 0.17, 0.19, 0.7, 1.37, 1.51, 1.37, 1.09, 0.72, 1.51, 1.4, 1.11, 0.26, 0.73, 1.52, 1.42, 1.12, 0.94, 0.74, 1.83, 0.75, 1.84, 0.77, 0.77, 1.56, 1.75, 1.86, 0.99, 0.79, 1.3, 1.31, 1.93, 0.8, 1.67, 1.94, 1.02, 0.7, 0.81, 1.85, 1.95, 1.04, 0.28, 0.83, 1.64, 1.88, 1.98, 0.84, 1.99, 0.85, 1.9, 2.01, 0.95, 0.96, 0.86, 2.02, 2.04, 1.95, 2.05, 1.06, 1.98, 2.06, 1.07, 1.68, 2.09, 2.16, 1.14, 0.72, 1.96, 2.11, 2.17, 1.16, 0.3, 0.3, 1.74, 2.14, 2.19, 0.31, 2.2, 0.88, 2.11, 2.22, 2.23, 2.25, 2.26, 1.07, 1.09, 2.07, 2.17, 2.27, 1.11, 2.2, 2.28, 1.19, 0.91, 0.91, 1.98, 2.14, 2.22, 2.3, 1.22, 0.31, 0.32, 1.75, 1.99, 2.17, 2.25, 2.31, 0.32, 2.19, 2.32, 2.33, 2.35, 2.36, 2.37, 1.1, 2.19, 2.28, 2.38, 1.14, 2.31, 2.4, 0.94, 2.0]

ILAO*:
Tiempo requerido: 10.803
Nodos expandidos: 313

RLAO*:
Tiempo requerido: 2.561
Nodos expandidos: 605

BLAO*:
Tiempo requerido: 3.444
Nodos expandidos: 594

VI:
Tiempo requerido: 11.22
Numero de iteraciones: 4138589
-------------------------------------------------------
Problema 3
-------------------------------------------------------
LAO*:
Tiempo requerido: 61.666
Nodos expandidos: 307
Porcentajes del conjunto Z: [0.01, 0.02, 0.04, 0.05, 0.06, 0.06, 0.09, 0.1, 0.11, 0.12, 0.14, 0.14, 0.15, 0.15, 0.04, 0.16, 0.17, 0.19, 0.2, 0.07, 0.21, 0.11, 0.22, 0.22, 0.23, 0.25, 0.23, 0.25, 0.27, 0.28, 0.27, 0.28, 0.16, 0.33, 0.2, 0.05, 0.35, 0.35, 0.22, 0.36, 0.37, 0.36, 0.26, 0.4, 0.4, 0.37, 0.28, 0.43, 0.42, 0.38, 0.31, 0.12, 0.44, 0.47, 0.4, 0.35, 0.49, 0.48, 0.41, 0.41, 0.38, 0.32, 0.53, 0.54, 0.56, 0.46, 0.44, 0.57, 0.63, 0.48, 0.46, 0.64, 0.49, 0.47, 0.37, 0.06, 0.65, 0.72, 0.51, 0.4, 0.07, 0.4, 0.72, 0.52, 0.52, 0.09, 0.41, 0.73, 0.73, 0.53, 0.53, 0.41, 0.42, 0.77, 0.75, 0.56, 0.56, 0.33, 0.14, 0.85, 0.86, 0.84, 0.64, 0.64, 0.15, 0.86, 0.89, 0.89, 0.65, 0.68, 0.69, 0.16, 0.41, 0.91, 0.93, 0.91, 0.7, 0.17, 0.94, 0.99, 0.72, 0.19, 1.0, 0.73, 0.73, 0.59, 0.07, 0.07, 0.74, 0.74, 0.62, 0.48, 0.48, 0.75, 0.64, 0.11, 0.52, 0.89, 0.64, 0.77, 0.67, 0.12, 0.65, 0.84, 0.78, 0.2, 0.14, 0.91, 0.91, 0.94, 0.93, 0.83, 0.42, 0.98, 0.99, 0.43, 1.07, 1.0, 0.86, 1.01, 1.01, 0.89, 0.16, 0.89, 1.04, 1.02, 0.91, 0.49, 0.9, 1.06, 1.07, 1.1, 0.91, 1.07, 1.1, 1.11, 0.93, 0.94, 1.09, 1.12, 0.95, 0.21, 1.12, 1.15, 0.99, 1.14, 1.16, 1.02, 1.17, 0.44, 1.19, 0.46, 1.2, 1.04, 0.91, 0.17, 0.17, 0.91, 1.25, 1.1, 0.51, 0.98, 1.26, 1.11, 1.27, 1.12, 1.16, 1.3, 0.22, 1.44, 1.17, 1.46, 1.22, 1.47, 1.37, 1.23, 0.59, 1.48, 1.4, 1.25, 0.62, 1.52, 0.19, 0.2, 0.63, 1.69, 1.41, 0.81, 0.2, 1.28, 1.83, 0.21, 1.42, 1.84, 0.22, 0.22, 1.48, 1.85, 1.75, 0.23, 0.25, 1.49, 1.86, 1.78, 0.27, 1.9, 0.28, 1.91, 0.3, 1.93, 1.54, 2.04, 1.94, 0.2, 0.22, 2.05, 1.96, 1.64, 0.83, 0.83, 2.06, 1.99, 0.84, 0.27, 1.43, 2.07, 2.01, 0.36, 2.1, 1.51, 2.11, 2.01, 2.14, 2.15, 2.05, 2.16, 2.07, 2.17, 1.95, 0.25, 2.19, 2.09, 1.65, 0.86, 0.88, 2.2, 2.11, 2.02, 1.44, 2.27, 2.2, 0.37, 2.3, 1.52, 2.31, 2.32, 2.22, 2.33, 2.25, 2.12, 2.35, 2.27, 2.16, 2.36, 2.17, 0.26, 0.26]

ILAO*:
Tiempo requerido: 11.525
Nodos expandidos: 312

RLAO*:
Tiempo requerido: 1.259
Nodos expandidos: 538

BLAO*:
Tiempo requerido: 3.956
Nodos expandidos: 532

VI:
Tiempo requerido: 11.75
Numero de iteraciones: 4114292
-------------------------------------------------------
Problema 4
-------------------------------------------------------
LAO*:
Tiempo requerido: 63.236
Nodos expandidos: 326
Porcentajes del conjunto Z: [0.01, 0.02, 0.04, 0.05, 0.06, 0.07, 0.09, 0.1, 0.11, 0.12, 0.14, 0.15, 0.04, 0.16, 0.17, 0.19, 0.19, 0.2, 0.22, 0.23, 0.25, 0.1, 0.26, 0.26, 0.12, 0.28, 0.28, 0.3, 0.3, 0.3, 0.16, 0.32, 0.31, 0.19, 0.05, 0.05, 0.32, 0.32, 0.06, 0.33, 0.35, 0.33, 0.07, 0.35, 0.37, 0.35, 0.25, 0.09, 0.09, 0.37, 0.37, 0.4, 0.41, 0.37, 0.4, 0.43, 0.46, 0.46, 0.12, 0.42, 0.47, 0.3, 0.32, 0.48, 0.32, 0.36, 0.49, 0.49, 0.35, 0.17, 0.51, 0.51, 0.37, 0.21, 0.06, 0.07, 0.06, 0.54, 0.54, 0.54, 0.09, 0.07, 0.4, 0.56, 0.59, 0.58, 0.56, 0.42, 0.12, 0.09, 0.43, 0.58, 0.64, 0.57, 0.47, 0.15, 0.1, 0.48, 0.79, 0.7, 0.8, 0.81, 0.72, 0.14, 0.84, 0.73, 0.63, 0.86, 0.75, 0.38, 0.88, 0.89, 0.9, 0.67, 0.38, 0.21, 0.4, 0.73, 0.91, 0.07, 0.1, 0.1, 0.07, 0.93, 0.73, 0.11, 0.94, 0.56, 0.16, 0.95, 0.95, 0.79, 0.62, 0.2, 0.11, 0.96, 0.96, 0.88, 0.63, 0.21, 1.01, 1.01, 1.01, 0.15, 1.02, 1.02, 1.05, 1.02, 0.93, 0.16, 1.05, 1.09, 1.05, 0.17, 1.06, 1.1, 1.11, 1.07, 0.69, 0.4, 0.3, 0.25, 0.43, 0.78, 1.12, 1.17, 1.14, 0.09, 0.14, 0.12, 0.09, 0.44, 0.79, 1.14, 1.19, 1.19, 1.15, 1.04, 0.8, 0.14, 0.1, 0.8, 1.15, 1.16, 1.06, 0.81, 0.63, 0.64, 0.89, 1.36, 1.37, 0.22, 0.12, 1.38, 0.19, 1.28, 1.4, 1.28, 1.41, 1.31, 0.17, 1.44, 1.46, 0.43, 0.27, 0.44, 1.35, 1.42, 1.47, 0.44, 0.28, 0.1, 0.15, 0.17, 0.17, 0.47, 1.59, 1.75, 1.65, 0.27, 1.77, 1.35, 1.02, 1.78, 1.68, 1.36, 1.04, 0.17, 1.8, 0.25, 1.81, 1.72, 1.84, 1.85, 1.86, 0.46, 0.47, 0.48, 1.99, 0.31, 0.28, 0.32, 2.0, 1.9, 1.78, 2.01, 1.47, 2.02, 1.49, 1.16, 0.21, 0.22, 2.04, 1.51, 1.17, 2.05, 1.95, 1.19, 2.07, 1.2, 2.09, 1.21, 1.22, 2.1, 2.0, 1.23, 0.49, 2.11, 1.25, 0.43, 0.3, 0.3, 0.35, 0.36, 2.12, 2.02, 1.91, 1.79, 1.26, 2.15, 1.48, 2.16, 2.06, 2.17, 2.09, 1.52, 2.19, 2.2, 2.1, 2.21, 2.12, 2.22, 2.15, 2.01, 1.27, 0.51, 0.51, 2.26, 2.2, 1.28, 0.54, 0.47, 0.53, 2.47, 2.42, 2.12, 2.14, 2.0, 0.48, 2.48, 2.44, 1.74, 2.62, 2.42, 2.63, 2.46, 2.65, 2.67, 2.68, 2.69, 2.7, 2.54, 0.56, 0.58, 0.58, 0.85]

ILAO*:
Tiempo requerido: 10.035
Nodos expandidos: 330

RLAO*:
Tiempo requerido: 1.543
Nodos expandidos: 561

BLAO*:
Tiempo requerido: 3.483
Nodos expandidos: 558

VI:
Tiempo requerido: 11.755
Numero de iteraciones: 4154787
-------------------------------------------------------
Problema 5
-------------------------------------------------------
LAO*:
Tiempo requerido: 72.067
Nodos expandidos: 356
Porcentajes del conjunto Z: [0.01, 0.02, 0.02, 0.04, 0.05, 0.06, 0.07, 0.09, 0.09, 0.1, 0.1, 0.11, 0.11, 0.11, 0.12, 0.12, 0.12, 0.12, 0.02, 0.14, 0.14, 0.19, 0.15, 0.14, 0.05, 0.15, 0.15, 0.21, 0.22, 0.16, 0.06, 0.16, 0.17, 0.25, 0.17, 0.19, 0.06, 0.07, 0.2, 0.19, 0.26, 0.2, 0.09, 0.09, 0.22, 0.22, 0.27, 0.21, 0.11, 0.1, 0.31, 0.32, 0.25, 0.11, 0.14, 0.26, 0.27, 0.12, 0.26, 0.28, 0.15, 0.16, 0.3, 0.3, 0.17, 0.04, 0.32, 0.31, 0.19, 0.4, 0.35, 0.36, 0.22, 0.44, 0.07, 0.37, 0.25, 0.09, 0.1, 0.38, 0.27, 0.11, 0.36, 0.57, 0.57, 0.47, 0.12, 0.11, 0.59, 0.6, 0.59, 0.14, 0.6, 0.63, 0.63, 0.6, 0.47, 0.62, 0.65, 0.65, 0.64, 0.51, 0.32, 0.23, 0.72, 0.7, 0.68, 0.41, 0.05, 0.05, 0.73, 0.75, 0.69, 0.57, 0.4, 0.42, 0.98, 0.91, 0.09, 0.93, 0.8, 0.67, 0.1, 0.1, 0.94, 0.83, 0.72, 0.27, 0.95, 0.96, 0.85, 0.31, 0.98, 0.89, 0.32, 0.99, 0.99, 0.7, 1.0, 1.01, 1.0, 0.89, 0.75, 1.02, 1.05, 1.02, 0.06, 0.06, 1.04, 1.09, 1.04, 1.04, 0.93, 0.07, 0.07, 1.0, 1.15, 1.11, 0.15, 0.14, 1.05, 1.16, 1.17, 1.0, 0.86, 1.06, 1.37, 1.22, 0.77, 0.31, 1.38, 1.38, 1.25, 1.41, 1.42, 1.41, 1.14, 0.36, 1.47, 1.49, 1.48, 1.32, 0.78, 0.37, 1.38, 1.59, 1.58, 1.19, 1.6, 1.59, 1.47, 1.2, 0.1, 0.11, 1.62, 1.6, 1.6, 1.49, 1.63, 1.63, 1.62, 1.63, 1.65, 1.63, 1.65, 1.52, 1.25, 0.89, 0.89, 1.67, 1.68, 1.68, 1.54, 1.31, 0.78, 0.32, 1.69, 1.69, 1.58, 1.7, 1.7, 1.72, 1.73, 1.9, 1.59, 0.79, 0.38, 2.01, 1.27, 2.02, 0.11, 0.11, 0.12, 2.06, 1.72, 1.59, 1.74, 2.07, 1.75, 2.09, 1.62, 1.0, 2.1, 1.67, 1.41, 0.81, 0.81, 0.33, 2.16, 1.85, 1.42, 2.17, 2.06, 1.43, 2.2, 0.43, 2.21, 1.31, 0.44, 2.28, 0.21, 2.3, 1.84, 1.67, 1.88, 2.35, 2.25, 1.68, 2.36, 2.27, 1.01, 2.38, 0.84, 2.4, 1.98, 2.41, 1.51, 2.42, 1.52, 0.44, 0.44, 2.43, 2.33, 0.47, 2.44, 0.22, 2.46, 2.36, 1.85, 1.68, 0.23, 2.48, 2.27, 1.7, 2.49, 2.4, 1.72, 1.02, 2.51, 2.42, 1.73, 0.85, 2.68, 2.15, 1.9, 2.69, 1.91, 1.69, 2.7, 2.6, 1.93, 0.49, 2.72, 2.63, 2.51, 1.94, 1.95, 2.73, 2.65, 2.52, 1.96, 0.23, 2.74, 2.2, 2.11, 1.85, 1.85, 0.26, 2.75, 2.44, 2.44, 0.27, 2.77, 1.89, 1.2, 2.78, 2.68, 2.59, 1.93, 2.8, 2.6, 2.16, 2.86, 2.77, 2.67, 1.7, 2.89, 0.51, 0.51, 2.9, 2.8, 2.58, 2.98, 2.77, 0.25, 0.25]

ILAO*:
Tiempo requerido: 11.213
Nodos expandidos: 357

RLAO*:
Tiempo requerido: 1.553
Nodos expandidos: 559

BLAO*:
Tiempo requerido: 3.345
Nodos expandidos: 567

VI:
Tiempo requerido: 11.439
Numero de iteraciones: 4098094
-------------------------------------------------------
Problema 6
-------------------------------------------------------
LAO*:
Tiempo requerido: 69.595
Nodos expandidos: 333
Porcentajes del conjunto Z: [0.01, 0.02, 0.02, 0.04, 0.04, 0.05, 0.05, 0.05, 0.06, 0.06, 0.07, 0.06, 0.07, 0.09, 0.07, 0.1, 0.11, 0.11, 0.11, 0.1, 0.12, 0.16, 0.28, 0.3, 0.17, 0.31, 0.31, 0.33, 0.32, 0.35, 0.33, 0.36, 0.35, 0.35, 0.37, 0.41, 0.36, 0.26, 0.4, 0.43, 0.38, 0.4, 0.41, 0.44, 0.41, 0.3, 0.42, 0.49, 0.42, 0.32, 0.43, 0.51, 0.43, 0.43, 0.35, 0.19, 0.44, 0.52, 0.46, 0.47, 0.46, 0.53, 0.48, 0.35, 0.49, 0.49, 0.37, 0.51, 0.51, 0.4, 0.52, 0.52, 0.53, 0.43, 0.41, 0.53, 0.54, 0.46, 0.56, 0.56, 0.57, 0.57, 0.58, 0.58, 0.46, 0.33, 0.48, 0.6, 0.59, 0.49, 0.37, 0.2, 0.2, 0.57, 0.68, 0.65, 0.21, 0.69, 0.72, 0.37, 0.22, 0.73, 0.23, 0.74, 0.59, 0.43, 0.25, 0.75, 0.49, 0.26, 0.77, 0.27, 0.64, 0.78, 0.78, 0.28, 0.65, 0.79, 0.8, 0.79, 0.37, 0.3, 0.3, 0.62, 1.1, 1.07, 0.98, 0.32, 0.21, 0.21, 1.11, 1.09, 1.09, 1.0, 0.36, 1.12, 1.1, 1.11, 1.11, 0.42, 0.37, 0.37, 1.12, 1.16, 1.01, 1.17, 1.04, 0.88, 0.74, 1.19, 1.19, 0.81, 0.3, 1.21, 1.2, 1.05, 0.83, 0.32, 0.93, 1.25, 1.26, 0.84, 0.36, 0.95, 1.27, 0.85, 0.38, 1.36, 1.36, 0.94, 0.37, 0.25, 0.25, 1.37, 1.37, 1.09, 0.95, 0.27, 1.26, 1.51, 1.51, 1.51, 1.37, 0.41, 1.52, 1.53, 1.56, 1.14, 1.53, 1.56, 1.59, 1.17, 0.96, 0.96, 1.54, 1.63, 1.19, 0.98, 0.9, 0.31, 1.56, 1.56, 1.64, 0.99, 0.36, 1.04, 1.04, 1.57, 1.58, 1.69, 1.0, 1.73, 1.48, 1.01, 0.94, 1.74, 1.02, 0.96, 0.44, 0.28, 1.75, 1.51, 0.99, 1.77, 1.38, 1.0, 1.8, 1.81, 1.2, 0.98, 1.0, 1.9, 1.65, 1.02, 1.02, 0.35, 0.36, 1.94, 2.17, 1.31, 1.31, 1.32, 1.96, 2.19, 1.33, 1.32, 1.98, 2.2, 1.85, 1.37, 1.33, 1.99, 2.21, 0.52, 0.3, 0.3, 1.35, 2.0, 2.01, 2.22, 2.12, 1.88, 2.04, 2.27, 2.28, 2.3, 2.31, 1.93, 2.32, 2.22, 1.32, 1.35, 2.35, 1.4, 2.57, 2.07, 1.4, 2.52, 2.95, 2.85, 0.53, 0.32, 2.96, 2.88, 2.38, 2.98, 2.99, 3.0, 2.9, 3.01, 2.44, 2.44, 3.02, 2.93, 2.46, 3.04, 2.95, 2.47, 3.05, 2.98, 2.48, 3.06, 3.0, 2.86, 0.54, 0.33, 3.09, 2.9, 2.4, 0.56, 3.1, 2.91, 0.57, 3.11, 3.12, 3.02, 2.91, 3.16, 3.07, 2.47, 2.47, 3.17, 2.96, 2.51, 3.19, 3.09, 2.54, 3.2, 3.02, 3.25, 2.88, 0.56, 0.35]

ILAO*:
Tiempo requerido: 10.175
Nodos expandidos: 338

RLAO*:
Tiempo requerido: 1.701
Nodos expandidos: 654

BLAO*:
Tiempo requerido: 3.806
Nodos expandidos: 523

VI:
Tiempo requerido: 11.579
Numero de iteraciones: 4146688
-------------------------------------------------------
Problema 7
-------------------------------------------------------
LAO*:
Tiempo requerido: 53.401
Nodos expandidos: 251
Porcentajes del conjunto Z: [0.01, 0.02, 0.02, 0.04, 0.05, 0.04, 0.05, 0.07, 0.06, 0.09, 0.1, 0.11, 0.12, 0.12, 0.14, 0.14, 0.02, 0.02, 0.15, 0.15, 0.15, 0.15, 0.06, 0.07, 0.2, 0.21, 0.23, 0.22, 0.14, 0.22, 0.31, 0.23, 0.33, 0.32, 0.25, 0.36, 0.36, 0.26, 0.38, 0.4, 0.27, 0.43, 0.28, 0.28, 0.44, 0.27, 0.49, 0.49, 0.09, 0.31, 0.54, 0.54, 0.11, 0.56, 0.57, 0.16, 0.44, 0.63, 0.65, 0.49, 0.64, 0.67, 0.56, 0.65, 0.65, 0.68, 0.68, 0.58, 0.67, 0.73, 0.73, 0.79, 0.8, 0.36, 0.64, 0.84, 0.1, 0.1, 0.68, 0.85, 0.11, 0.74, 0.89, 0.12, 0.48, 0.9, 0.54, 0.91, 0.91, 0.93, 0.94, 0.62, 0.88, 0.99, 1.01, 1.0, 1.04, 0.91, 1.06, 0.7, 0.96, 1.1, 1.1, 0.15, 0.14, 1.11, 1.12, 1.11, 1.12, 1.16, 0.49, 1.0, 1.14, 1.17, 0.58, 1.04, 1.16, 1.2, 1.17, 1.17, 1.21, 1.2, 1.1, 1.21, 1.22, 0.98, 1.12, 1.23, 1.23, 0.16, 0.15, 0.99, 1.25, 1.25, 1.0, 1.15, 1.27, 1.09, 1.31, 0.59, 1.22, 1.33, 1.23, 0.6, 1.44, 1.36, 1.57, 1.23, 1.48, 1.58, 1.51, 1.62, 1.3, 1.65, 0.17, 0.17, 0.16, 1.12, 1.64, 1.74, 1.64, 1.75, 1.65, 1.77, 1.67, 1.68, 1.79, 1.68, 1.8, 1.72, 1.83, 1.32, 1.88, 1.89, 1.8, 1.9, 0.19, 0.2, 0.19, 0.17, 0.17, 1.69, 1.83, 1.91, 1.73, 0.2, 1.85, 1.93, 0.21, 1.94, 0.22, 1.85, 1.95, 1.88, 1.96, 1.9, 1.98, 1.93, 1.99, 1.95, 2.04, 2.05, 0.23, 0.27, 0.35, 0.2, 0.19, 1.7, 1.7, 2.06, 1.74, 0.2, 1.96, 2.17, 0.21, 1.98, 2.09, 2.19, 2.11, 2.2, 2.0, 2.17, 2.26, 2.27, 2.19, 2.28, 2.3, 2.21, 2.31, 0.36, 0.4, 0.44, 1.81, 1.83, 2.32, 2.33, 1.99, 2.32, 2.43, 2.25, 2.44, 2.36, 2.46, 2.47, 2.27, 2.48, 2.28, 2.4, 2.49, 2.33, 2.42]

ILAO*:
Tiempo requerido: 9.352
Nodos expandidos: 255

RLAO*:
Tiempo requerido: 0.927
Nodos expandidos: 418

BLAO*:
Tiempo requerido: 3.091
Nodos expandidos: 418

VI:
Tiempo requerido: 12.175
Numero de iteraciones: 4154787
-------------------------------------------------------
Problema 8
-------------------------------------------------------
LAO*:
Tiempo requerido: 65.251
Nodos expandidos: 303
Porcentajes del conjunto Z: [0.01, 0.02, 0.02, 0.05, 0.04, 0.06, 0.07, 0.06, 0.09, 0.07, 0.09, 0.1, 0.11, 0.12, 0.14, 0.15, 0.02, 0.05, 0.16, 0.16, 0.19, 0.17, 0.21, 0.19, 0.07, 0.1, 0.23, 0.2, 0.1, 0.11, 0.25, 0.26, 0.21, 0.12, 0.12, 0.26, 0.31, 0.22, 0.14, 0.14, 0.33, 0.23, 0.35, 0.36, 0.25, 0.15, 0.36, 0.4, 0.42, 0.19, 0.04, 0.07, 0.43, 0.22, 0.46, 0.46, 0.47, 0.47, 0.28, 0.49, 0.49, 0.49, 0.14, 0.54, 0.52, 0.51, 0.14, 0.58, 0.52, 0.4, 0.15, 0.19, 0.59, 0.53, 0.44, 0.16, 0.2, 0.62, 0.62, 0.56, 0.64, 0.57, 0.47, 0.21, 0.07, 0.65, 0.58, 0.59, 0.49, 0.68, 0.68, 0.62, 0.7, 0.69, 0.63, 0.64, 0.73, 0.7, 0.65, 0.74, 0.67, 0.67, 0.15, 0.75, 0.68, 0.69, 0.68, 0.42, 0.19, 0.84, 0.81, 0.69, 0.21, 1.02, 1.06, 1.06, 0.95, 1.09, 1.07, 0.78, 0.48, 0.1, 0.1, 1.11, 1.12, 0.91, 0.49, 0.11, 1.0, 1.15, 1.06, 1.16, 1.17, 0.96, 1.09, 1.2, 1.21, 1.21, 1.23, 1.25, 1.07, 1.26, 1.11, 1.27, 0.96, 1.28, 1.15, 0.79, 0.51, 0.12, 0.14, 0.11, 0.98, 1.3, 0.12, 0.99, 1.31, 1.19, 1.1, 1.16, 1.32, 1.17, 1.17, 1.33, 1.2, 1.35, 1.21, 1.36, 1.26, 1.09, 1.22, 1.79, 1.7, 1.56, 1.8, 1.73, 1.81, 1.58, 0.8, 0.52, 0.53, 0.14, 0.16, 1.85, 0.54, 0.16, 0.16, 1.86, 1.77, 1.64, 0.17, 0.17, 1.88, 1.79, 0.19, 0.19, 1.89, 1.81, 1.9, 1.84, 1.91, 1.86, 1.72, 1.52, 1.93, 1.89, 1.75, 1.57, 1.96, 1.8, 1.98, 1.88, 0.81, 0.56, 0.16, 0.16, 2.05, 0.19, 2.06, 1.96, 1.85, 1.73, 0.22, 0.19, 2.07, 1.99, 1.89, 0.33, 2.11, 1.93, 0.35, 2.12, 2.14, 2.04, 1.96, 1.63, 1.63, 2.19, 2.1, 1.84, 2.2, 2.12, 1.89, 2.22, 1.99, 0.57, 0.26, 0.26, 2.37, 2.27, 2.4, 1.88, 1.89, 0.35, 2.41, 2.31, 2.04, 1.9, 2.42, 2.33, 2.1, 1.91, 0.4, 2.43, 2.11, 1.93, 0.41, 2.44, 1.94, 1.95, 1.79, 2.46, 2.26, 2.47, 2.04, 2.48, 2.38, 2.14, 0.3, 2.53, 2.44, 2.54, 1.9, 2.56, 2.46, 2.05, 2.58, 2.38, 1.96, 0.41, 2.59, 2.4, 2.12, 0.43, 2.6, 2.41, 2.14, 1.8, 2.62, 2.52, 2.42, 2.31, 2.15]

ILAO*:
Tiempo requerido: 12.193
Nodos expandidos: 307

RLAO*:
Tiempo requerido: 1.116
Nodos expandidos: 772

BLAO*:
Tiempo requerido: 4.666
Nodos expandidos: 784

VI:
Tiempo requerido: 11.367
Numero de iteraciones: 4098094
-------------------------------------------------------
Problema 9
-------------------------------------------------------
LAO*:
Tiempo requerido: 75.919
Nodos expandidos: 428
Porcentajes del conjunto Z: [0.01, 0.02, 0.02, 0.04, 0.05, 0.05, 0.06, 0.07, 0.07, 0.1, 0.09, 0.09, 0.12, 0.1, 0.1, 0.14, 0.11, 0.11, 0.11, 0.15, 0.14, 0.02, 0.17, 0.19, 0.15, 0.05, 0.19, 0.21, 0.2, 0.06, 0.2, 0.23, 0.23, 0.21, 0.07, 0.06, 0.21, 0.26, 0.28, 0.09, 0.1, 0.27, 0.1, 0.16, 0.28, 0.28, 0.11, 0.11, 0.19, 0.31, 0.31, 0.12, 0.12, 0.15, 0.16, 0.32, 0.32, 0.32, 0.32, 0.17, 0.17, 0.44, 0.48, 0.44, 0.04, 0.19, 0.32, 0.46, 0.46, 0.49, 0.49, 0.49, 0.2, 0.2, 0.37, 0.52, 0.53, 0.52, 0.52, 0.07, 0.53, 0.54, 0.56, 0.38, 0.1, 0.54, 0.56, 0.56, 0.57, 0.57, 0.4, 0.12, 0.56, 0.56, 0.57, 0.57, 0.59, 0.41, 0.3, 0.78, 0.79, 0.85, 0.47, 0.8, 0.86, 0.48, 0.7, 0.86, 0.86, 0.49, 0.51, 0.19, 1.02, 1.04, 1.02, 0.05, 0.05, 0.54, 0.88, 1.04, 1.07, 0.06, 0.22, 1.05, 1.1, 1.1, 0.12, 0.23, 0.9, 1.07, 1.11, 1.07, 1.11, 0.96, 0.16, 1.07, 1.2, 1.23, 0.17, 1.21, 1.21, 1.25, 1.11, 1.23, 1.25, 1.27, 1.28, 0.86, 1.25, 1.26, 0.2, 1.15, 1.27, 1.27, 1.28, 0.09, 0.07, 0.21, 0.56, 0.56, 0.96, 1.3, 1.3, 0.57, 0.98, 1.2, 1.31, 1.31, 1.31, 1.31, 0.28, 1.02, 1.22, 1.32, 1.32, 1.32, 1.35, 1.36, 1.31, 1.04, 1.25, 1.33, 1.33, 1.32, 0.37, 1.27, 1.35, 1.35, 1.33, 0.4, 1.3, 1.36, 1.36, 1.36, 1.36, 1.35, 1.35, 0.41, 1.32, 1.37, 1.38, 1.38, 1.37, 1.37, 1.36, 0.88, 0.88, 1.38, 1.41, 1.4, 1.42, 1.4, 0.9, 1.3, 1.4, 1.43, 1.43, 1.43, 1.37, 1.41, 0.1, 0.11, 0.09, 0.58, 0.59, 1.32, 1.46, 1.46, 1.42, 1.42, 0.1, 0.99, 1.21, 1.35, 1.48, 1.47, 1.47, 1.44, 1.43, 1.06, 1.59, 1.59, 1.56, 1.58, 1.46, 1.6, 1.6, 1.59, 0.42, 0.42, 1.49, 1.62, 1.62, 1.6, 1.62, 1.63, 1.63, 1.43, 1.6, 1.72, 1.59, 1.72, 1.73, 0.9, 1.64, 1.73, 0.93, 1.67, 1.74, 1.62, 1.53, 0.11, 0.14, 0.15, 0.11, 0.62, 0.6, 0.94, 1.67, 1.88, 1.94, 1.33, 1.95, 1.86, 1.96, 1.94, 1.73, 1.89, 1.98, 1.63, 0.44, 1.78, 1.99, 1.79, 1.9, 2.0, 1.86, 2.01, 1.79, 0.91, 0.91, 1.93, 2.04, 1.8, 0.96, 2.05, 0.16, 0.19, 0.12, 0.63, 0.65, 0.67, 2.04, 2.21, 0.14, 1.49, 2.27, 0.15, 2.28, 2.19, 0.16, 2.27, 2.43, 2.53, 2.63, 1.79, 0.58, 2.33, 2.46, 2.65, 1.81, 2.51, 2.69, 1.83, 2.43, 2.7, 1.84, 1.14, 1.15, 2.44, 2.72, 1.85, 1.85, 2.46, 2.73, 1.86, 1.88, 1.86, 0.26, 0.31, 0.23, 0.23, 2.57, 2.64, 2.74, 1.9, 1.9, 1.88, 0.62, 2.67, 2.75, 1.91, 1.96, 1.89, 2.69, 2.77, 1.99, 2.3, 2.48, 2.64, 2.78, 2.84, 2.0, 2.65, 2.8, 2.85, 1.83, 2.02, 2.67, 2.83, 2.86, 2.04, 2.05, 2.44, 2.85, 2.88, 1.86, 1.17, 2.89, 1.19, 2.65, 2.99, 3.1, 0.31, 0.26, 0.27, 2.78, 2.9, 3.11, 2.09, 0.67, 2.94, 3.12, 2.11, 0.68, 3.04, 3.15, 0.69, 2.49, 3.16, 2.85, 3.0, 3.17, 2.88, 3.04, 3.09, 3.19, 2.27, 2.64, 3.07, 3.2, 2.06, 3.09, 3.11, 3.21, 2.07, 2.69, 3.14]

ILAO*:
Tiempo requerido: 16.983
Nodos expandidos: 431

RLAO*:
Tiempo requerido: 1.836
Nodos expandidos: 617

BLAO*:
Tiempo requerido: 6.769
Nodos expandidos: 595

VI:
Tiempo requerido: 11.739
Numero de iteraciones: 4146688
-------------------------------------------------------
Problema 10
-------------------------------------------------------
LAO*:
Tiempo requerido: 61.447
Nodos expandidos: 309
Porcentajes del conjunto Z: [0.01, 0.02, 0.02, 0.04, 0.05, 0.06, 0.07, 0.09, 0.1, 0.1, 0.11, 0.11, 0.12, 0.12, 0.12, 0.02, 0.15, 0.14, 0.02, 0.06, 0.17, 0.16, 0.07, 0.19, 0.17, 0.17, 0.2, 0.2, 0.21, 0.21, 0.21, 0.22, 0.22, 0.25, 0.26, 0.23, 0.27, 0.25, 0.12, 0.15, 0.28, 0.28, 0.26, 0.26, 0.3, 0.32, 0.27, 0.28, 0.28, 0.05, 0.3, 0.3, 0.16, 0.31, 0.31, 0.31, 0.2, 0.09, 0.2, 0.33, 0.32, 0.1, 0.21, 0.33, 0.35, 0.11, 0.36, 0.12, 0.37, 0.36, 0.6, 0.62, 0.14, 0.16, 0.69, 0.57, 0.21, 0.63, 0.79, 0.79, 0.68, 0.22, 0.06, 0.81, 0.8, 0.7, 0.07, 0.83, 0.81, 0.73, 0.49, 0.14, 0.84, 0.84, 0.83, 0.51, 0.16, 0.86, 0.84, 0.84, 0.52, 0.2, 0.94, 0.93, 0.94, 0.8, 0.21, 0.96, 0.96, 0.98, 1.09, 1.09, 0.85, 0.21, 1.11, 1.1, 0.89, 0.23, 1.12, 1.11, 1.01, 0.07, 1.14, 1.14, 1.12, 1.12, 0.1, 1.16, 1.19, 1.14, 0.8, 0.17, 1.17, 1.22, 1.2, 1.15, 1.04, 0.81, 0.21, 1.26, 1.16, 0.83, 0.26, 1.27, 1.17, 0.28, 1.28, 1.28, 1.19, 1.09, 0.3, 1.31, 1.2, 0.86, 0.22, 0.22, 1.21, 1.11, 0.25, 1.22, 1.14, 1.04, 0.09, 1.15, 1.23, 1.16, 1.05, 1.27, 1.06, 0.84, 1.28, 1.19, 1.14, 1.31, 1.22, 1.32, 0.31, 1.35, 1.25, 1.12, 1.37, 1.37, 0.3, 0.31, 1.38, 1.38, 1.28, 1.16, 1.4, 1.31, 1.06, 0.33, 0.33, 1.41, 1.33, 1.09, 1.42, 1.14, 0.86, 1.54, 1.33, 1.56, 1.46, 1.37, 1.57, 1.48, 1.38, 1.58, 1.51, 1.25, 1.26, 1.59, 1.53, 1.27, 0.33, 1.51, 1.63, 1.41, 1.35, 1.64, 1.54, 1.44, 1.36, 1.19, 0.36, 1.65, 1.57, 1.48, 1.21, 1.69, 1.27, 1.7, 1.6, 1.35, 1.35, 1.72, 1.73, 1.63, 1.51, 1.4, 1.79, 1.7, 1.27, 1.81, 1.3, 0.35, 1.52, 1.83, 1.84, 1.37, 1.2, 0.37, 1.86, 1.77, 1.52, 1.22, 1.88, 1.79, 1.3, 1.89, 1.81, 1.68, 1.43, 1.9, 1.91, 1.72, 1.95, 1.28, 1.96, 1.86, 1.38, 0.36, 1.56, 2.0, 2.01, 1.21, 0.38, 2.02, 1.93, 1.54, 1.23, 2.04, 1.95, 1.31, 2.06, 1.99, 1.88, 1.72, 1.47, 2.11, 2.05, 1.93, 2.12, 2.07, 2.14, 2.1, 1.4, 1.4, 2.15, 0.37, 0.37, 1.58, 2.16, 2.06, 1.59, 2.17, 1.22, 0.4, 1.6]

ILAO*:
Tiempo requerido: 10.335
Nodos expandidos: 315

RLAO*:
Tiempo requerido: 1.646
Nodos expandidos: 712

BLAO*:
Tiempo requerido: 3.401
Nodos expandidos: 719

VI:
Tiempo requerido: 11.925
Numero de iteraciones: 4162886
-------------------------------------------------------
