Problema 1
-------------------------------------------------------
LAO*:
Tiempo requerido: 12.619
Nodos expandidos: 170
Porcentajes del conjunto Z: [0.03, 0.06, 0.08, 0.11, 0.14, 0.17, 0.19, 0.22, 0.22, 0.28, 0.31, 0.06, 0.33, 0.06, 0.36, 0.36, 0.11, 0.39, 0.42, 0.39, 0.17, 0.5, 0.44, 0.56, 0.56, 0.19, 0.58, 0.25, 0.61, 0.33, 0.64, 0.42, 0.67, 0.47, 0.08, 0.69, 0.72, 0.72, 0.44, 0.17, 0.47, 0.83, 0.86, 0.83, 0.61, 0.86, 0.92, 0.92, 0.89, 0.69, 0.89, 1.0, 0.92, 0.22, 1.03, 0.94, 0.94, 0.31, 1.06, 1.0, 0.97, 0.72, 1.08, 1.06, 1.0, 0.47, 1.11, 1.14, 1.06, 0.56, 0.11, 1.19, 1.08, 0.81, 0.58, 1.22, 1.11, 0.19, 0.92, 1.25, 1.14, 1.17, 0.92, 0.64, 1.28, 1.42, 0.97, 0.75, 1.14, 1.5, 0.78, 0.28, 0.31, 1.53, 1.11, 1.56, 1.19, 0.75, 1.58, 0.78, 0.58, 1.61, 0.81, 0.72, 0.14, 1.67, 0.97, 0.17, 1.69, 0.22, 1.72, 1.75, 1.53, 1.19, 1.78, 0.83, 1.81, 1.17, 1.83, 1.61, 1.28, 0.81, 1.86, 1.67, 0.72, 2.33, 0.19, 2.36, 2.14, 1.39, 2.53, 0.25, 2.56, 0.28, 2.58, 2.06, 1.72, 2.61, 1.25, 2.64, 1.69, 1.72, 2.64, 1.83, 1.28, 2.67, 2.44, 1.31, 2.72, 2.53, 0.22, 0.22, 2.78, 0.28, 2.81, 0.28, 0.31, 2.83, 2.61, 0.31, 0.33, 0.36, 2.86, 2.08, 1.75, 2.89, 2.67, 1.28, 2.92, 2.72]

ILAO*:
Tiempo requerido: 2.004
Nodos expandidos: 176

RLAO*:
Tiempo requerido: 0.298
Nodos expandidos: 294

BLAO*:
Tiempo requerido: 1.139
Nodos expandidos: 287

VI:
Tiempo requerido: 4.468
Numero de iteraciones: 1817495
-------------------------------------------------------
Problema 2
-------------------------------------------------------
LAO*:
Tiempo requerido: 14.557
Nodos expandidos: 189
Porcentajes del conjunto Z: [0.03, 0.06, 0.08, 0.11, 0.14, 0.17, 0.17, 0.19, 0.22, 0.19, 0.22, 0.28, 0.22, 0.25, 0.31, 0.25, 0.06, 0.28, 0.33, 0.36, 0.31, 0.06, 0.11, 0.47, 0.36, 0.39, 0.42, 0.44, 0.47, 0.5, 0.53, 0.53, 0.25, 0.56, 0.56, 0.31, 0.58, 0.67, 0.36, 0.5, 0.72, 0.72, 0.11, 0.75, 0.78, 0.75, 0.17, 0.83, 0.83, 0.78, 0.86, 0.97, 1.0, 1.03, 1.06, 1.08, 0.28, 1.11, 1.11, 0.69, 0.39, 1.17, 1.19, 1.19, 0.53, 1.22, 1.22, 0.92, 0.14, 1.25, 1.25, 1.25, 1.25, 1.0, 0.22, 1.31, 1.31, 1.33, 1.31, 0.25, 1.33, 1.39, 1.33, 1.08, 1.44, 1.47, 1.39, 1.53, 1.53, 1.17, 1.56, 1.61, 1.22, 0.31, 1.58, 1.67, 1.31, 0.44, 1.75, 0.56, 1.78, 0.97, 0.17, 0.17, 0.58, 1.33, 1.81, 1.36, 0.31, 0.61, 1.61, 2.14, 0.36, 0.64, 2.17, 1.5, 0.39, 0.67, 2.19, 1.56, 2.22, 2.25, 1.33, 0.33, 0.36, 1.94, 2.28, 0.53, 1.97, 2.36, 0.58, 2.39, 1.0, 1.03, 0.22, 2.53, 2.31, 0.69, 2.58, 2.61, 1.64, 0.42, 2.64, 2.42, 1.72, 2.69, 2.72, 1.47, 0.39, 2.75, 2.53, 1.5, 0.58, 2.78, 2.58, 0.61, 0.61, 2.81, 2.64, 0.64, 0.47, 0.47, 0.64, 2.83, 0.67, 0.5, 0.81, 2.86, 2.64, 0.69, 0.69, 0.53, 2.89, 2.69, 1.67, 0.75, 0.72, 2.92, 1.78, 0.81, 2.94, 0.83, 0.83, 2.97, 2.75, 1.53, 0.89, 0.86, 0.42]

ILAO*:
Tiempo requerido: 2.07
Nodos expandidos: 195

RLAO*:
Tiempo requerido: 0.301
Nodos expandidos: 292

BLAO*:
Tiempo requerido: 0.875
Nodos expandidos: 357

VI:
Tiempo requerido: 5.004
Numero de iteraciones: 1849886
-------------------------------------------------------
Problema 3
-------------------------------------------------------
LAO*:
Tiempo requerido: 18.737
Nodos expandidos: 267
Porcentajes del conjunto Z: [0.03, 0.06, 0.06, 0.08, 0.11, 0.08, 0.11, 0.17, 0.17, 0.11, 0.14, 0.25, 0.25, 0.22, 0.14, 0.36, 0.28, 0.17, 0.39, 0.39, 0.31, 0.28, 0.44, 0.47, 0.31, 0.53, 0.33, 0.06, 0.36, 0.36, 0.06, 0.42, 0.39, 0.44, 0.47, 0.42, 0.11, 0.17, 0.47, 0.53, 0.44, 0.5, 0.58, 0.47, 0.47, 0.61, 0.5, 0.56, 0.5, 0.64, 0.61, 0.53, 0.31, 0.58, 1.14, 1.14, 1.11, 1.14, 1.03, 0.83, 1.17, 1.19, 1.17, 1.14, 1.19, 1.19, 1.06, 0.89, 0.08, 1.19, 1.25, 1.25, 1.25, 1.28, 1.08, 0.94, 0.22, 0.11, 1.31, 1.28, 1.31, 1.11, 0.25, 0.14, 1.33, 1.31, 1.33, 1.33, 1.14, 0.69, 0.97, 1.36, 1.36, 1.33, 1.33, 1.36, 1.39, 1.17, 0.94, 1.03, 1.39, 1.56, 1.47, 1.44, 1.22, 1.06, 1.61, 1.53, 1.56, 1.56, 1.64, 1.61, 1.64, 1.67, 1.14, 0.86, 1.22, 1.67, 1.89, 1.64, 0.11, 1.28, 1.92, 1.69, 1.0, 0.17, 1.94, 0.22, 1.97, 1.97, 0.72, 0.25, 1.08, 2.0, 2.06, 1.72, 0.75, 1.86, 2.11, 0.78, 1.89, 2.14, 1.86, 0.81, 0.81, 2.17, 1.92, 0.86, 2.25, 1.36, 1.28, 2.28, 1.69, 0.14, 2.31, 2.03, 1.78, 1.03, 2.33, 1.81, 1.06, 0.25, 2.36, 2.14, 1.83, 0.31, 1.11, 1.11, 2.39, 2.19, 0.33, 1.17, 1.94, 2.42, 0.83, 0.36, 2.0, 2.44, 0.92, 0.39, 2.03, 2.47, 0.94, 2.5, 2.28, 1.39, 1.39, 0.97, 2.53, 2.33, 0.17, 0.17, 2.56, 2.06, 1.81, 1.08, 2.58, 2.36, 2.64, 2.17, 1.89, 2.67, 2.44, 2.25, 1.19, 2.72, 0.86, 0.42, 2.25, 2.75, 0.97, 0.44, 2.31, 2.78, 2.56, 1.06, 0.47, 2.33, 2.81, 2.61, 1.42, 1.44, 0.5, 2.36, 2.86, 2.36, 0.53, 0.19, 0.22, 2.39, 2.97, 2.08, 1.11, 0.56, 0.22, 2.42, 3.0, 2.11, 1.14, 0.58, 0.58, 0.25, 2.44, 3.03, 2.81, 2.31, 1.94, 0.61, 0.64, 2.47, 3.06, 2.42, 1.97, 0.67, 2.5, 2.5, 3.08, 0.89, 0.69, 2.56, 2.28, 3.11, 2.89, 1.08, 0.72, 0.72, 2.36]

ILAO*:
Tiempo requerido: 3.664
Nodos expandidos: 276

RLAO*:
Tiempo requerido: 1.017
Nodos expandidos: 457

BLAO*:
Tiempo requerido: 1.856
Nodos expandidos: 410

VI:
Tiempo requerido: 4.592
Numero de iteraciones: 1849886
-------------------------------------------------------
Problema 4
-------------------------------------------------------
LAO*:
Tiempo requerido: 13.286
Nodos expandidos: 183
Porcentajes del conjunto Z: [0.03, 0.06, 0.06, 0.08, 0.08, 0.11, 0.11, 0.11, 0.17, 0.19, 0.22, 0.25, 0.25, 0.31, 0.33, 0.06, 0.08, 0.36, 0.36, 0.39, 0.39, 0.14, 0.42, 0.42, 0.44, 0.17, 0.19, 0.47, 0.5, 0.5, 0.5, 0.53, 0.31, 0.53, 0.53, 0.56, 0.56, 0.61, 0.58, 0.61, 0.36, 0.64, 0.61, 0.64, 0.67, 0.67, 0.64, 0.75, 0.08, 0.08, 0.11, 0.69, 0.69, 0.11, 0.72, 0.72, 0.28, 0.83, 0.83, 0.83, 0.83, 0.89, 0.89, 0.86, 1.33, 1.33, 1.33, 0.42, 1.36, 1.39, 1.36, 1.36, 1.14, 1.39, 1.44, 0.47, 1.25, 1.47, 1.53, 1.31, 1.5, 1.5, 1.56, 0.33, 0.36, 0.22, 1.44, 1.64, 1.67, 1.67, 1.53, 1.75, 1.75, 1.78, 1.78, 1.81, 1.78, 1.81, 1.81, 1.81, 1.86, 1.86, 1.83, 1.53, 1.83, 2.14, 2.14, 2.11, 0.53, 1.97, 2.58, 2.25, 2.22, 1.39, 2.64, 2.28, 2.25, 2.25, 1.72, 2.81, 2.42, 2.39, 2.83, 2.47, 2.5, 0.39, 2.86, 2.53, 0.42, 2.22, 2.89, 2.56, 2.56, 2.25, 0.44, 2.67, 2.5, 2.61, 2.31, 2.97, 2.64, 2.33, 3.39, 2.67, 2.36, 2.11, 3.33, 2.39, 2.72, 2.39, 2.42, 2.14, 3.78, 2.17, 3.81, 2.19, 3.56, 2.81, 0.42, 2.22, 3.58, 2.86, 0.5, 2.44, 3.92, 3.94, 3.97, 4.0, 4.03, 3.03, 4.06, 4.08, 2.22, 3.81, 2.86, 0.53, 0.56, 2.28, 4.19, 2.53, 4.22, 4.03, 4.25]

ILAO*:
Tiempo requerido: 2.006
Nodos expandidos: 183

RLAO*:
Tiempo requerido: 0.369
Nodos expandidos: 299

BLAO*:
Tiempo requerido: 0.909
Nodos expandidos: 287

VI:
Tiempo requerido: 4.839
Numero de iteraciones: 1849886
-------------------------------------------------------
Problema 5
-------------------------------------------------------
LAO*:
Tiempo requerido: 12.306
Nodos expandidos: 168
Porcentajes del conjunto Z: [0.03, 0.06, 0.06, 0.08, 0.08, 0.11, 0.11, 0.11, 0.14, 0.17, 0.14, 0.17, 0.22, 0.31, 0.33, 0.33, 0.39, 0.06, 0.42, 0.42, 0.06, 0.11, 0.44, 0.47, 0.44, 0.11, 0.22, 0.53, 0.58, 0.61, 0.58, 0.19, 0.81, 0.42, 0.83, 0.83, 0.47, 0.86, 0.89, 0.94, 0.97, 0.64, 1.03, 0.17, 0.28, 1.11, 0.31, 0.86, 1.17, 1.17, 1.22, 1.25, 0.5, 1.28, 1.28, 0.58, 1.06, 1.31, 1.31, 0.61, 1.33, 1.33, 1.33, 1.36, 1.36, 1.39, 1.36, 1.39, 1.39, 1.42, 1.47, 1.47, 1.5, 0.33, 1.5, 1.53, 1.25, 1.53, 1.56, 1.58, 1.56, 1.61, 1.58, 1.64, 0.61, 1.08, 1.33, 1.61, 1.67, 1.36, 0.67, 1.11, 1.44, 1.64, 0.69, 1.36, 1.72, 1.97, 1.92, 2.0, 1.94, 1.81, 2.06, 0.36, 2.08, 1.5, 1.89, 2.11, 1.53, 2.14, 1.56, 2.17, 1.39, 2.19, 1.61, 2.22, 2.03, 2.25, 2.0, 2.08, 2.28, 2.06, 2.14, 2.31, 0.39, 2.19, 2.39, 0.42, 1.92, 2.42, 0.44, 1.58, 2.44, 0.47, 0.47, 2.47, 0.5, 0.56, 0.58, 1.42, 2.44, 2.67, 2.5, 2.69, 2.22, 2.72, 2.33, 2.75, 2.25, 2.56, 2.78, 2.28, 0.42, 0.42, 2.61, 2.83, 2.31, 0.47, 2.11, 2.86, 2.33, 0.58, 1.78, 2.67, 2.89, 2.36, 1.81, 2.72]

ILAO*:
Tiempo requerido: 1.572
Nodos expandidos: 176

RLAO*:
Tiempo requerido: 0.33
Nodos expandidos: 348

BLAO*:
Tiempo requerido: 1.557
Nodos expandidos: 331

VI:
Tiempo requerido: 4.867
Numero de iteraciones: 1846287
-------------------------------------------------------
Problema 6
-------------------------------------------------------
LAO*:
Tiempo requerido: 17.79
Nodos expandidos: 271
Porcentajes del conjunto Z: [0.03, 0.06, 0.08, 0.08, 0.11, 0.14, 0.14, 0.17, 0.17, 0.28, 0.31, 0.31, 0.36, 0.39, 0.42, 0.42, 0.06, 0.17, 0.5, 0.08, 0.53, 0.11, 0.28, 0.58, 0.61, 0.39, 0.64, 0.64, 0.67, 0.67, 0.44, 0.69, 0.69, 0.53, 0.72, 0.72, 0.75, 0.75, 0.75, 0.08, 0.08, 0.56, 0.78, 0.81, 0.89, 0.83, 0.92, 0.14, 0.61, 1.03, 1.03, 0.17, 0.67, 1.06, 1.08, 0.19, 0.42, 1.14, 0.22, 0.22, 0.44, 1.17, 1.17, 0.69, 0.28, 0.25, 0.56, 1.22, 0.72, 0.33, 0.28, 0.67, 0.92, 1.25, 0.75, 0.39, 0.69, 1.0, 1.31, 0.78, 0.78, 0.11, 0.11, 0.42, 0.81, 1.33, 0.83, 0.81, 0.14, 0.14, 0.44, 0.83, 1.08, 1.36, 0.89, 0.25, 0.47, 0.94, 1.17, 1.39, 0.92, 0.92, 0.31, 1.03, 1.25, 1.44, 0.97, 1.0, 0.44, 0.47, 1.47, 1.03, 0.33, 1.5, 0.75, 1.06, 1.06, 0.64, 1.31, 1.53, 0.81, 1.11, 1.0, 1.36, 1.56, 0.83, 1.17, 0.81, 1.42, 1.58, 1.19, 1.19, 0.14, 0.17, 0.19, 0.94, 1.47, 1.61, 1.22, 1.22, 0.89, 0.19, 1.0, 1.53, 1.64, 1.25, 0.92, 0.22, 0.61, 1.19, 1.75, 1.36, 1.36, 1.03, 1.36, 1.56, 1.78, 1.11, 1.44, 1.44, 1.39, 1.81, 1.47, 1.47, 1.47, 1.47, 1.42, 1.61, 1.83, 0.86, 1.5, 1.53, 1.53, 1.5, 1.58, 1.67, 1.86, 0.97, 1.61, 1.58, 1.11, 1.11, 1.67, 1.89, 1.64, 1.61, 1.61, 0.83, 1.14, 1.69, 1.94, 1.64, 1.69, 1.64, 1.39, 0.22, 1.11, 1.97, 1.42, 1.75, 1.44, 1.03, 0.25, 1.64, 2.0, 1.44, 1.78, 1.78, 1.11, 0.25, 0.28, 0.64, 2.03, 1.47, 1.83, 1.86, 0.28, 0.31, 0.67, 1.58, 1.89, 2.14, 1.5, 1.61, 1.5, 0.31, 0.69, 2.17, 1.53, 1.81, 0.33, 0.72, 0.75, 1.44, 1.69, 1.97, 2.22, 0.94, 1.72, 1.64, 1.78, 2.25, 1.14, 1.17, 1.75, 1.81, 2.28, 0.86, 1.25, 2.08, 2.31, 1.53, 0.25, 1.17, 1.28, 2.14, 2.33, 1.61, 1.25, 1.28, 0.31, 1.19, 1.67, 2.19, 2.36, 0.28, 2.25, 2.44, 1.72, 2.11, 0.36]

ILAO*:
Tiempo requerido: 2.643
Nodos expandidos: 277

RLAO*:
Tiempo requerido: 0.932
Nodos expandidos: 522

BLAO*:
Tiempo requerido: 2.102
Nodos expandidos: 456

VI:
Tiempo requerido: 4.598
Numero de iteraciones: 1835490
-------------------------------------------------------
Problema 7
-------------------------------------------------------
LAO*:
Tiempo requerido: 12.464
Nodos expandidos: 182
Porcentajes del conjunto Z: [0.03, 0.06, 0.06, 0.08, 0.11, 0.11, 0.14, 0.14, 0.17, 0.17, 0.19, 0.22, 0.33, 0.36, 0.39, 0.39, 0.42, 0.44, 0.44, 0.06, 0.47, 0.47, 0.25, 0.25, 0.53, 0.53, 0.53, 0.28, 0.56, 0.56, 0.56, 0.31, 0.58, 0.58, 0.61, 0.33, 0.36, 0.72, 0.72, 0.42, 0.75, 0.78, 0.75, 0.78, 0.83, 0.81, 0.86, 0.83, 0.89, 0.58, 0.08, 0.08, 0.81, 1.19, 0.31, 0.86, 1.28, 0.36, 1.31, 1.31, 0.44, 1.33, 1.36, 1.36, 0.39, 1.39, 1.39, 0.47, 1.17, 1.42, 1.42, 1.42, 1.42, 1.44, 1.44, 1.44, 1.47, 1.22, 1.5, 1.5, 1.69, 1.53, 1.56, 1.53, 0.11, 0.14, 0.11, 1.56, 1.64, 0.14, 0.36, 1.58, 1.69, 0.53, 1.75, 1.72, 1.42, 1.81, 1.42, 0.42, 1.47, 1.83, 0.53, 1.19, 1.53, 1.89, 0.56, 1.92, 1.72, 1.69, 2.08, 1.75, 2.11, 0.17, 0.28, 0.14, 1.81, 2.14, 0.42, 1.86, 2.17, 0.61, 2.19, 0.64, 2.25, 1.61, 1.69, 2.28, 1.64, 0.58, 1.25, 1.25, 2.08, 2.33, 1.67, 0.64, 1.28, 2.36, 1.69, 0.67, 1.31, 2.17, 2.39, 1.33, 1.81, 2.22, 2.47, 0.69, 0.53, 2.5, 1.94, 2.31, 2.56, 2.58, 2.61, 1.72, 2.42, 2.64, 1.72, 0.61, 0.61, 1.28, 3.0, 2.81, 3.06, 0.69, 1.33, 3.08, 1.39, 3.11, 0.72, 0.75, 0.56, 1.42, 2.92, 3.14, 0.58, 2.31, 2.97, 3.22, 3.25, 3.06]

ILAO*:
Tiempo requerido: 2.435
Nodos expandidos: 183

RLAO*:
Tiempo requerido: 0.432
Nodos expandidos: 293

BLAO*:
Tiempo requerido: 0.801
Nodos expandidos: 275

VI:
Tiempo requerido: 5.128
Numero de iteraciones: 1842688
-------------------------------------------------------
Problema 8
-------------------------------------------------------
LAO*:
Tiempo requerido: 15.077
Nodos expandidos: 208
Porcentajes del conjunto Z: [0.03, 0.06, 0.06, 0.08, 0.11, 0.14, 0.17, 0.17, 0.19, 0.22, 0.22, 0.28, 0.33, 0.06, 0.06, 0.36, 0.11, 0.11, 0.39, 0.14, 0.44, 0.47, 0.47, 0.22, 0.5, 0.53, 0.53, 0.58, 0.58, 0.33, 0.61, 0.64, 0.64, 0.64, 0.67, 0.69, 0.67, 0.69, 0.67, 0.72, 0.11, 0.19, 0.19, 0.44, 0.69, 0.75, 0.69, 0.22, 0.5, 0.72, 0.72, 0.81, 0.56, 0.92, 0.94, 0.61, 0.97, 1.03, 1.0, 0.25, 1.0, 1.08, 1.08, 0.28, 0.64, 1.06, 1.06, 1.11, 0.78, 1.08, 1.11, 1.14, 1.11, 1.17, 1.17, 0.89, 1.17, 1.22, 1.22, 0.78, 0.17, 0.22, 0.47, 1.19, 1.25, 1.25, 0.81, 0.28, 0.58, 1.25, 1.31, 1.58, 1.31, 0.86, 0.69, 1.08, 1.31, 1.31, 1.67, 1.67, 0.92, 1.14, 1.33, 1.33, 1.69, 1.75, 0.94, 0.94, 0.33, 1.19, 1.42, 1.81, 0.97, 0.72, 1.25, 1.44, 1.67, 1.22, 1.0, 0.89, 1.47, 1.86, 1.03, 0.92, 1.22, 1.53, 1.28, 1.06, 1.56, 1.33, 1.08, 0.28, 0.28, 0.31, 0.69, 1.75, 1.06, 1.28, 0.86, 1.97, 1.31, 2.0, 1.81, 2.03, 1.33, 0.53, 1.72, 2.19, 1.56, 1.25, 1.25, 1.81, 2.22, 1.75, 1.61, 1.5, 1.86, 2.47, 2.72, 1.67, 3.33, 3.14, 3.39, 0.33, 3.42, 1.78, 0.36, 3.22, 3.44, 1.47, 0.39, 3.47, 1.5, 0.42, 3.03, 3.28, 3.5, 0.44, 3.33, 3.53, 1.42, 3.61, 3.78, 3.67, 3.81, 3.72, 3.86, 3.89, 0.36, 3.69, 3.92, 1.81, 3.47, 3.75, 3.97, 1.92, 0.47, 3.5, 4.08, 1.97, 3.28, 3.89, 4.14, 2.0, 3.67, 4.17, 2.03, 3.75]

ILAO*:
Tiempo requerido: 2.468
Nodos expandidos: 210

RLAO*:
Tiempo requerido: 0.791
Nodos expandidos: 340

BLAO*:
Tiempo requerido: 1.294
Nodos expandidos: 334

VI:
Tiempo requerido: 4.541
Numero de iteraciones: 1842688
-------------------------------------------------------
Problema 9
-------------------------------------------------------
LAO*:
Tiempo requerido: 14.431
Nodos expandidos: 204
Porcentajes del conjunto Z: [0.03, 0.06, 0.08, 0.11, 0.14, 0.17, 0.17, 0.19, 0.22, 0.19, 0.22, 0.28, 0.22, 0.25, 0.25, 0.33, 0.25, 0.28, 0.33, 0.36, 0.42, 0.42, 0.44, 0.08, 0.08, 0.47, 0.5, 0.14, 0.53, 0.19, 0.56, 0.58, 0.61, 0.28, 0.28, 0.64, 0.39, 0.39, 0.67, 0.67, 0.69, 0.69, 0.44, 0.72, 0.72, 0.11, 0.14, 0.75, 0.75, 0.53, 0.78, 0.78, 0.22, 0.81, 0.81, 0.25, 0.83, 0.92, 0.92, 0.61, 0.28, 1.11, 1.08, 0.81, 1.17, 1.11, 0.86, 0.56, 0.56, 1.19, 1.22, 1.14, 0.58, 0.58, 1.22, 1.58, 1.47, 1.03, 1.25, 1.61, 1.61, 1.5, 1.5, 0.14, 0.22, 0.19, 1.28, 1.67, 1.56, 1.53, 1.31, 1.0, 1.36, 1.39, 1.75, 1.75, 1.67, 1.61, 1.78, 1.78, 1.69, 1.72, 1.42, 1.81, 1.81, 2.03, 1.78, 1.83, 1.86, 1.83, 2.06, 2.14, 1.47, 1.86, 1.92, 1.92, 2.19, 1.53, 1.25, 2.03, 2.53, 1.58, 1.28, 0.92, 2.56, 1.64, 1.08, 1.36, 2.61, 1.72, 0.17, 0.28, 0.25, 1.47, 2.94, 2.08, 1.72, 0.25, 2.97, 2.14, 1.75, 0.28, 3.0, 1.86, 0.31, 3.03, 1.89, 0.33, 3.06, 3.08, 1.89, 3.11, 1.64, 1.03, 3.31, 3.33, 2.25, 0.25, 0.28, 0.28, 3.36, 2.33, 1.92, 0.39, 0.31, 3.39, 2.42, 1.97, 0.33, 3.42, 2.11, 0.36, 0.39, 3.44, 3.22, 2.17, 0.42, 3.47, 2.19, 3.5, 3.28, 3.53, 3.33, 1.06, 3.86, 3.89, 2.53, 0.42, 0.42, 0.31, 0.36, 3.92, 2.64, 2.19, 3.94, 3.72, 2.75, 2.28, 4.0, 2.53, 0.5, 4.03, 3.81, 3.5]

ILAO*:
Tiempo requerido: 2.735
Nodos expandidos: 208

RLAO*:
Tiempo requerido: 0.708
Nodos expandidos: 383

BLAO*:
Tiempo requerido: 0.85
Nodos expandidos: 337

VI:
Tiempo requerido: 4.836
Numero de iteraciones: 1839089
-------------------------------------------------------
Problema 10
-------------------------------------------------------
LAO*:
Tiempo requerido: 11.615
Nodos expandidos: 141
Porcentajes del conjunto Z: [0.03, 0.06, 0.08, 0.11, 0.14, 0.17, 0.19, 0.22, 0.22, 0.25, 0.25, 0.06, 0.28, 0.28, 0.31, 0.31, 0.08, 0.36, 0.36, 0.36, 0.39, 0.39, 0.42, 0.39, 0.42, 0.47, 0.44, 0.42, 0.47, 0.44, 0.22, 0.5, 0.61, 0.64, 0.28, 0.67, 0.31, 0.69, 0.08, 0.33, 0.72, 0.75, 0.33, 0.36, 0.81, 0.39, 0.42, 0.83, 0.53, 1.11, 1.11, 1.14, 1.14, 1.17, 1.25, 0.25, 1.28, 0.94, 0.33, 1.33, 1.36, 1.03, 1.39, 1.11, 0.11, 1.42, 1.17, 0.14, 0.44, 1.64, 1.64, 1.42, 1.72, 1.69, 1.75, 1.72, 1.47, 1.78, 1.78, 1.75, 1.53, 1.81, 1.89, 0.33, 2.03, 1.69, 1.31, 2.08, 2.11, 1.47, 0.17, 2.14, 1.58, 2.36, 2.39, 2.42, 2.08, 1.81, 2.14, 2.44, 1.89, 2.19, 2.58, 1.92, 2.61, 2.64, 2.67, 0.19, 2.69, 2.47, 0.22, 2.75, 0.25, 2.78, 2.56, 2.83, 2.11, 2.86, 1.92, 2.89, 2.67, 1.97, 2.92, 2.94, 2.97, 2.75, 0.28, 0.28, 3.0, 3.03, 3.06, 2.83, 3.08, 2.89, 2.14, 3.11, 2.94, 2.0, 3.14, 3.0, 2.69]

ILAO*:
Tiempo requerido: 1.735
Nodos expandidos: 144

RLAO*:
Tiempo requerido: 0.407
Nodos expandidos: 349

BLAO*:
Tiempo requerido: 0.982
Nodos expandidos: 308

VI:
Tiempo requerido: 4.897
Numero de iteraciones: 1846287
-------------------------------------------------------
