Problema 1
-------------------------------------------------------
LAO*:
Tiempo requerido: 2.551
Nodos expandidos: 156
Porcentajes del conjunto Z: [0.06, 0.12, 0.12, 0.12, 0.12, 0.12, 0.19, 0.38, 0.38, 0.44, 0.5, 0.56, 0.25, 0.19, 0.19, 0.31, 0.38, 0.44, 0.62, 0.25, 0.56, 0.69, 0.75, 0.81, 0.88, 0.38, 0.38, 0.25, 0.38, 0.44, 0.38, 0.44, 0.44, 0.81, 1.0, 1.25, 1.0, 1.06, 1.12, 1.12, 1.19, 1.31, 0.31, 1.38, 0.38, 0.31, 1.44, 0.44, 1.0, 1.12, 0.81, 0.5, 0.56, 0.44, 0.38, 0.69, 0.62, 1.5, 0.62, 1.69, 2.56, 0.44, 0.5, 0.56, 1.19, 1.62, 0.75, 0.56, 0.62, 0.81, 0.69, 0.81, 0.75, 0.5, 2.56, 2.62, 2.69, 2.69, 2.75, 2.81, 2.81, 2.94, 3.06, 0.88, 0.69, 0.88, 3.12, 3.12, 2.88, 0.69, 3.25, 0.75, 3.31, 3.31, 3.31, 3.44, 1.69, 3.5, 2.69, 2.88, 3.06, 0.62, 0.81, 0.81, 1.0, 1.06, 0.69, 0.88, 1.19, 3.38, 3.44, 1.25, 3.62, 3.5, 3.69, 3.75, 3.75, 3.56, 3.88, 2.88, 3.81, 4.0, 3.06, 3.88, 4.06, 4.06, 3.88, 4.19, 4.12, 3.38, 3.94, 4.25, 4.19, 4.0, 4.25, 3.94, 4.12, 0.94, 4.06, 1.94, 4.31, 4.38, 3.19, 4.44, 4.5, 3.31, 0.94, 4.62, 3.44, 4.69, 4.69, 3.56, 3.56, 4.88, 3.69, 4.94]

ILAO*:
Tiempo requerido: 0.324
Nodos expandidos: 161

RLAO*:
Tiempo requerido: 0.288
Nodos expandidos: 393

BLAO*:
Tiempo requerido: 0.273
Nodos expandidos: 345

VI:
Tiempo requerido: 0.435
Numero de iteraciones: 91
-------------------------------------------------------
Problema 2
-------------------------------------------------------
LAO*:
Tiempo requerido: 4.0
Nodos expandidos: 221
Porcentajes del conjunto Z: [0.06, 0.12, 0.19, 0.25, 0.12, 0.19, 0.31, 0.31, 0.38, 0.5, 0.56, 0.56, 0.69, 0.31, 0.31, 0.44, 0.56, 0.5, 0.56, 0.75, 0.19, 0.19, 0.5, 0.75, 0.69, 0.81, 0.25, 0.56, 0.5, 0.62, 0.81, 0.88, 0.94, 0.94, 0.25, 0.31, 0.56, 0.69, 0.75, 0.75, 0.81, 1.0, 0.88, 0.88, 1.06, 1.44, 0.31, 0.38, 0.69, 0.56, 0.81, 0.94, 1.25, 1.38, 1.44, 0.38, 1.5, 0.38, 0.62, 0.94, 0.62, 1.12, 1.56, 1.81, 0.5, 0.75, 0.62, 0.88, 0.69, 0.75, 1.12, 1.38, 1.44, 1.81, 0.56, 0.81, 0.81, 1.19, 2.12, 1.81, 0.75, 0.75, 0.88, 0.81, 0.81, 1.12, 0.88, 0.88, 1.38, 1.75, 2.5, 1.94, 0.62, 0.88, 0.94, 1.0, 0.88, 1.19, 2.44, 1.94, 1.0, 0.94, 0.88, 1.0, 0.88, 1.0, 1.0, 1.12, 1.19, 1.25, 1.56, 1.31, 2.0, 3.0, 2.94, 0.69, 1.0, 0.94, 1.19, 1.06, 0.94, 1.19, 1.0, 1.44, 1.0, 1.81, 1.12, 3.0, 2.0, 1.0, 0.94, 1.25, 1.19, 1.19, 1.56, 1.25, 1.38, 2.56, 3.62, 3.69, 0.75, 1.12, 1.06, 1.0, 1.06, 1.12, 1.25, 1.31, 1.0, 1.94, 1.38, 2.5, 3.56, 2.06, 3.88, 3.94, 4.0, 1.12, 4.0, 4.12, 1.12, 4.19, 1.56, 4.19, 1.19, 1.5, 1.31, 4.25, 4.25, 1.31, 1.31, 1.5, 4.31, 4.31, 1.81, 4.62, 4.44, 4.44, 2.56, 4.69, 4.81, 4.5, 3.75, 4.94, 4.94, 4.06, 4.94, 4.81, 4.81, 4.0, 5.06, 5.0, 4.88, 0.81, 4.19, 0.88, 5.31, 5.19, 1.19, 1.12, 5.44, 5.5, 1.56, 1.69, 1.12, 4.12, 1.38, 1.25, 5.62, 5.69, 5.75, 5.75, 5.81, 5.88, 4.44, 3.75, 5.94, 6.0, 2.12, 4.19, 6.25]

ILAO*:
Tiempo requerido: 0.619
Nodos expandidos: 226

RLAO*:
Tiempo requerido: 0.423
Nodos expandidos: 640

BLAO*:
Tiempo requerido: 0.609
Nodos expandidos: 640

VI:
Tiempo requerido: 0.44
Numero de iteraciones: 91
-------------------------------------------------------
Problema 3
-------------------------------------------------------
LAO*:
Tiempo requerido: 5.572
Nodos expandidos: 285
Porcentajes del conjunto Z: [0.06, 0.12, 0.19, 0.12, 0.25, 0.12, 0.12, 0.19, 0.5, 0.5, 0.19, 0.25, 0.19, 0.19, 0.31, 0.62, 0.69, 0.75, 0.75, 0.81, 0.81, 0.94, 1.0, 1.06, 1.12, 0.38, 0.56, 0.69, 0.75, 0.81, 1.19, 0.38, 0.25, 1.19, 0.31, 0.38, 0.56, 1.44, 1.44, 1.5, 1.56, 0.94, 1.62, 1.25, 1.31, 1.38, 1.56, 1.5, 0.75, 1.75, 0.94, 1.12, 0.88, 1.19, 0.5, 0.38, 0.38, 0.38, 0.5, 0.56, 1.44, 1.75, 0.56, 2.0, 0.62, 0.94, 1.06, 1.25, 1.25, 0.81, 2.12, 2.25, 0.81, 0.88, 2.31, 2.38, 1.38, 0.94, 2.44, 2.44, 1.0, 1.0, 1.5, 2.5, 2.56, 1.62, 2.69, 2.75, 2.81, 0.69, 0.56, 0.56, 0.75, 0.94, 0.94, 1.75, 2.5, 1.19, 1.5, 1.12, 2.75, 1.19, 2.88, 2.81, 3.06, 1.25, 3.25, 1.19, 1.19, 1.31, 0.62, 0.69, 0.75, 0.88, 0.94, 1.06, 0.81, 0.88, 1.94, 1.75, 1.06, 1.19, 2.75, 3.19, 0.75, 0.56, 0.75, 1.44, 0.88, 1.25, 1.12, 0.81, 1.12, 1.62, 0.94, 1.69, 1.19, 1.25, 1.75, 1.75, 1.75, 1.81, 1.88, 1.88, 1.31, 1.06, 2.12, 1.81, 1.31, 2.44, 2.81, 2.19, 3.0, 1.69, 3.25, 1.81, 3.56, 2.0, 0.88, 0.75, 1.94, 0.94, 1.0, 1.06, 1.0, 2.56, 0.94, 1.06, 1.44, 1.12, 2.31, 2.5, 2.44, 2.5, 2.56, 0.94, 0.69, 2.19, 1.19, 1.44, 1.19, 2.75, 2.75, 1.25, 2.81, 2.88, 2.81, 2.81, 1.31, 1.12, 2.94, 2.94, 2.81, 1.5, 2.75, 3.0, 2.88, 3.0, 3.12, 1.31, 1.31, 3.06, 3.12, 1.5, 2.38, 1.56, 2.5, 1.5, 3.31, 2.62, 3.5, 2.62, 3.44, 0.94, 3.06, 3.5, 0.88, 1.06, 1.12, 1.31, 1.31, 3.56, 2.56, 3.56, 1.38, 3.0, 1.38, 1.0, 3.69, 1.06, 3.06, 2.38, 3.12, 3.19, 1.5, 3.0, 1.88, 2.69, 3.06, 3.12, 1.56, 3.56, 2.25, 3.56, 2.5, 2.25, 2.31, 3.62, 3.69, 3.38, 1.19, 3.75, 3.81, 3.75, 4.12, 3.31, 3.5, 4.0, 3.56, 4.06, 1.31, 1.69, 3.62, 3.62, 4.12, 1.56, 3.75, 3.38, 4.19, 3.62, 4.19, 2.69, 3.81, 3.81, 3.38, 3.56, 3.69, 3.75, 4.5, 4.56, 2.12, 2.94, 4.44, 4.0, 5.19]

ILAO*:
Tiempo requerido: 0.984
Nodos expandidos: 293

RLAO*:
Tiempo requerido: 0.419
Nodos expandidos: 542

BLAO*:
Tiempo requerido: 0.448
Nodos expandidos: 509

VI:
Tiempo requerido: 0.434
Numero de iteraciones: 91
-------------------------------------------------------
Problema 4
-------------------------------------------------------
LAO*:
Tiempo requerido: 1.928
Nodos expandidos: 120
Porcentajes del conjunto Z: [0.06, 0.12, 0.19, 0.12, 0.19, 0.25, 0.25, 0.44, 0.44, 0.5, 0.56, 0.62, 0.12, 0.25, 0.44, 0.56, 0.31, 0.88, 0.19, 0.31, 0.38, 0.81, 0.75, 0.88, 0.19, 0.25, 0.38, 0.38, 0.81, 1.19, 0.38, 0.69, 0.5, 0.94, 1.19, 1.25, 1.31, 0.25, 0.38, 0.31, 0.62, 0.5, 0.62, 1.62, 1.69, 1.88, 1.81, 1.88, 1.94, 0.62, 0.75, 0.81, 1.31, 0.88, 0.88, 1.62, 1.75, 1.94, 0.5, 2.12, 0.38, 0.5, 0.81, 2.38, 0.56, 0.81, 0.94, 1.0, 1.75, 2.19, 2.38, 2.44, 0.94, 2.5, 2.5, 2.5, 1.25, 2.69, 2.62, 1.38, 1.44, 1.31, 2.75, 2.81, 1.62, 1.38, 2.88, 3.0, 2.94, 1.44, 3.12, 3.12, 1.5, 1.62, 3.19, 1.69, 0.38, 0.5, 3.25, 1.69, 3.25, 0.94, 2.5, 3.5, 1.75, 1.81, 3.56, 1.81, 3.56, 1.81, 0.62, 1.88, 2.0, 3.62, 3.69, 1.94, 1.06, 3.81, 2.0, 3.88]

ILAO*:
Tiempo requerido: 0.195
Nodos expandidos: 135

RLAO*:
Tiempo requerido: 0.226
Nodos expandidos: 405

BLAO*:
Tiempo requerido: 0.188
Nodos expandidos: 388

VI:
Tiempo requerido: 0.436
Numero de iteraciones: 91
-------------------------------------------------------
Problema 5
-------------------------------------------------------
LAO*:
Tiempo requerido: 1.44
Nodos expandidos: 94
Porcentajes del conjunto Z: [0.06, 0.12, 0.12, 0.25, 0.31, 0.12, 0.19, 0.25, 0.25, 0.38, 0.5, 0.56, 0.62, 0.62, 0.69, 0.75, 0.88, 0.94, 1.0, 1.06, 0.25, 0.38, 0.38, 0.56, 0.44, 0.69, 0.81, 0.75, 0.94, 0.94, 1.0, 1.06, 1.12, 0.19, 1.31, 1.31, 0.31, 0.38, 1.38, 1.38, 0.5, 1.38, 1.5, 1.5, 1.56, 1.62, 0.88, 0.81, 1.75, 1.0, 1.31, 1.5, 0.5, 0.69, 0.75, 1.56, 1.69, 1.75, 1.0, 1.88, 1.19, 1.94, 1.38, 2.06, 0.25, 0.25, 0.31, 0.38, 0.69, 0.5, 1.38, 0.56, 1.56, 0.81, 1.75, 0.94, 1.88, 1.0, 1.5, 0.88, 1.56, 2.25, 2.12, 2.25, 0.56, 1.5, 2.31, 0.56, 2.38, 2.38, 0.62, 1.44, 0.81, 2.5]

ILAO*:
Tiempo requerido: 0.17
Nodos expandidos: 98

RLAO*:
Tiempo requerido: 0.219
Nodos expandidos: 452

BLAO*:
Tiempo requerido: 0.241
Nodos expandidos: 415

VI:
Tiempo requerido: 0.438
Numero de iteraciones: 91
-------------------------------------------------------
Problema 6
-------------------------------------------------------
LAO*:
Tiempo requerido: 2.972
Nodos expandidos: 164
Porcentajes del conjunto Z: [0.06, 0.12, 0.19, 0.19, 0.19, 0.19, 0.25, 0.25, 0.25, 0.25, 0.19, 0.31, 0.19, 0.31, 0.31, 0.5, 0.38, 0.25, 0.38, 0.5, 0.56, 0.62, 0.62, 0.69, 0.69, 0.75, 0.88, 0.81, 0.88, 1.0, 0.94, 0.94, 1.31, 0.25, 1.38, 0.38, 0.38, 1.31, 0.5, 0.69, 1.44, 1.44, 1.44, 0.69, 1.69, 1.69, 1.88, 0.62, 1.94, 1.06, 1.12, 1.19, 0.62, 1.62, 1.88, 0.69, 1.94, 2.0, 2.06, 1.06, 1.19, 0.69, 0.56, 0.44, 0.56, 0.81, 0.62, 1.31, 0.88, 2.06, 1.81, 2.12, 2.31, 0.75, 1.94, 1.19, 1.44, 0.75, 0.88, 2.44, 1.06, 2.38, 2.44, 2.44, 1.62, 0.5, 0.94, 1.0, 2.31, 1.06, 2.31, 2.69, 3.06, 2.75, 3.12, 2.81, 1.62, 3.38, 2.88, 2.88, 3.19, 3.25, 3.31, 2.0, 1.88, 1.88, 1.94, 2.44, 2.0, 2.06, 2.06, 2.19, 2.19, 2.69, 1.12, 2.25, 2.31, 2.25, 1.25, 2.31, 2.5, 2.44, 3.06, 3.0, 3.19, 3.38, 3.25, 3.25, 3.25, 3.31, 3.31, 3.44, 3.44, 1.0, 1.06, 1.06, 4.06, 4.0, 4.06, 4.0, 2.44, 2.44, 2.5, 1.12, 1.12, 1.25, 4.06, 4.19, 4.12, 2.81, 4.25, 4.19, 4.19, 4.19, 4.12, 4.38, 4.31, 4.31, 4.44, 3.25, 4.62, 4.56, 3.44, 7.38]

ILAO*:
Tiempo requerido: 0.404
Nodos expandidos: 167

RLAO*:
Tiempo requerido: 0.264
Nodos expandidos: 569

BLAO*:
Tiempo requerido: 0.208
Nodos expandidos: 414

VI:
Tiempo requerido: 0.435
Numero de iteraciones: 91
-------------------------------------------------------
Problema 7
-------------------------------------------------------
LAO*:
Tiempo requerido: 5.21
Nodos expandidos: 255
Porcentajes del conjunto Z: [0.06, 0.12, 0.12, 0.25, 0.19, 0.19, 0.31, 0.38, 0.44, 0.5, 0.56, 0.19, 0.19, 0.44, 0.62, 0.69, 0.75, 0.75, 0.88, 0.25, 0.19, 0.25, 0.44, 0.62, 0.62, 1.0, 1.06, 1.19, 0.31, 0.31, 0.38, 0.69, 0.75, 1.12, 0.38, 0.25, 0.44, 0.56, 0.56, 0.75, 0.62, 0.69, 0.75, 0.88, 0.88, 0.94, 0.94, 1.0, 1.06, 1.38, 1.12, 1.25, 1.25, 0.44, 0.44, 0.5, 0.94, 1.06, 0.75, 1.62, 1.12, 0.31, 0.81, 0.75, 1.19, 0.88, 0.81, 1.44, 2.0, 1.5, 1.81, 2.19, 0.75, 0.88, 1.38, 1.69, 2.06, 2.12, 1.31, 1.31, 1.38, 1.69, 1.06, 1.12, 2.44, 2.12, 2.25, 0.81, 0.81, 0.81, 1.06, 1.12, 1.81, 1.88, 2.12, 2.62, 2.38, 2.69, 1.38, 1.56, 1.5, 1.31, 0.88, 0.88, 0.94, 1.12, 1.31, 1.12, 1.19, 1.25, 2.75, 2.44, 2.88, 3.0, 1.44, 0.88, 0.94, 1.38, 1.06, 1.19, 2.38, 2.19, 3.25, 2.56, 3.44, 1.81, 1.94, 1.94, 1.62, 1.69, 1.38, 1.5, 1.62, 1.62, 2.88, 3.12, 3.38, 3.44, 3.5, 1.38, 0.94, 1.31, 1.44, 1.88, 1.94, 1.25, 3.0, 2.88, 2.69, 3.38, 3.56, 1.88, 2.0, 1.75, 1.44, 1.62, 1.94, 1.75, 1.88, 3.19, 2.94, 3.62, 3.88, 3.94, 1.94, 1.44, 1.5, 1.62, 2.06, 3.06, 3.44, 3.75, 4.0, 2.19, 4.12, 1.94, 2.19, 1.56, 2.19, 2.25, 2.25, 2.0, 3.94, 3.19, 3.94, 4.31, 4.5, 1.75, 4.44, 1.62, 1.62, 1.62, 4.12, 1.81, 4.56, 4.56, 4.69, 4.62, 4.81, 4.75, 4.69, 4.88, 4.94, 3.88, 5.06, 3.5, 5.12, 5.12, 3.94, 5.25, 5.19, 4.31, 5.31, 5.25, 5.25, 2.19, 4.56, 2.31, 2.38, 1.88, 2.31, 5.38, 5.38, 4.69, 1.62, 1.69, 2.0, 5.75, 5.5, 5.5, 2.5, 5.88, 5.81, 5.62, 4.62, 2.56, 6.12, 2.62, 2.62, 5.94, 2.88, 6.31, 6.38, 6.44, 3.94, 6.56, 4.0, 6.62, 4.06, 5.38, 4.12, 4.38, 6.69, 5.5, 6.81]

ILAO*:
Tiempo requerido: 0.71
Nodos expandidos: 259

RLAO*:
Tiempo requerido: 0.715
Nodos expandidos: 540

BLAO*:
Tiempo requerido: 0.938
Nodos expandidos: 679

VI:
Tiempo requerido: 0.441
Numero de iteraciones: 91
-------------------------------------------------------
Problema 8
-------------------------------------------------------
LAO*:
Tiempo requerido: 1.726
Nodos expandidos: 124
Porcentajes del conjunto Z: [0.06, 0.12, 0.12, 0.25, 0.25, 0.25, 0.31, 0.31, 0.12, 0.19, 0.12, 0.31, 0.38, 0.25, 0.38, 0.44, 0.44, 0.25, 0.56, 0.5, 0.62, 0.56, 0.69, 0.75, 0.81, 0.81, 0.81, 0.88, 1.0, 1.12, 0.25, 0.19, 0.31, 0.19, 0.5, 0.75, 0.44, 0.5, 0.62, 0.75, 0.69, 0.81, 1.0, 1.31, 0.62, 0.31, 0.38, 0.81, 0.44, 0.94, 0.88, 1.12, 0.75, 1.38, 0.31, 1.69, 0.25, 0.44, 0.31, 0.31, 0.38, 0.69, 0.94, 1.12, 0.75, 0.88, 0.31, 0.88, 2.0, 1.19, 1.31, 1.38, 2.19, 2.31, 2.38, 0.38, 0.31, 0.5, 2.44, 0.56, 2.44, 0.56, 0.56, 2.5, 2.56, 0.44, 2.56, 2.69, 2.62, 2.62, 2.88, 2.81, 2.81, 1.31, 2.94, 2.88, 3.06, 2.94, 1.44, 3.25, 3.25, 3.06, 3.44, 3.44, 3.12, 3.19, 3.25, 0.38, 3.25, 0.56, 2.44, 3.31, 3.38, 3.31, 2.56, 3.38, 3.5, 2.69, 3.75, 3.5, 1.25, 2.06, 2.12, 3.88]

ILAO*:
Tiempo requerido: 0.213
Nodos expandidos: 131

RLAO*:
Tiempo requerido: 0.224
Nodos expandidos: 396

BLAO*:
Tiempo requerido: 0.323
Nodos expandidos: 520

VI:
Tiempo requerido: 0.446
Numero de iteraciones: 91
-------------------------------------------------------
Problema 9
-------------------------------------------------------
LAO*:
Tiempo requerido: 2.571
Nodos expandidos: 153
Porcentajes del conjunto Z: [0.06, 0.12, 0.12, 0.12, 0.25, 0.31, 0.12, 0.19, 0.25, 0.31, 0.19, 0.5, 0.56, 0.19, 0.31, 0.31, 0.25, 0.44, 0.56, 0.69, 0.25, 0.31, 0.69, 0.25, 0.31, 0.31, 0.44, 0.25, 0.38, 0.5, 0.5, 0.62, 0.88, 0.38, 0.94, 1.0, 0.69, 0.69, 0.44, 0.88, 0.69, 0.88, 0.75, 0.75, 1.06, 1.19, 1.31, 1.25, 1.38, 1.44, 1.5, 1.56, 1.56, 1.56, 1.75, 0.88, 1.0, 1.0, 1.12, 0.81, 0.88, 0.94, 0.81, 1.44, 1.56, 1.69, 1.81, 1.81, 1.31, 1.56, 1.75, 1.94, 2.19, 0.88, 0.88, 1.81, 0.81, 0.94, 1.44, 1.12, 0.88, 1.0, 1.69, 1.94, 2.5, 1.0, 2.56, 2.62, 1.06, 2.69, 2.69, 2.75, 2.75, 2.81, 2.81, 2.81, 2.81, 2.94, 1.38, 1.44, 3.25, 1.62, 1.94, 2.5, 2.81, 1.06, 0.94, 1.06, 1.0, 1.62, 1.5, 1.12, 1.25, 2.75, 1.31, 0.94, 0.94, 1.44, 2.88, 1.06, 1.06, 1.19, 3.06, 2.94, 3.0, 3.06, 3.88, 3.12, 4.0, 4.06, 2.19, 4.06, 4.12, 4.12, 4.12, 4.25, 4.19, 1.0, 4.38, 4.31, 4.25, 4.5, 4.31, 2.94, 4.75, 4.75, 1.5, 1.56, 4.94, 4.88, 5.06, 5.0, 5.19]

ILAO*:
Tiempo requerido: 0.306
Nodos expandidos: 157

RLAO*:
Tiempo requerido: 0.396
Nodos expandidos: 502

BLAO*:
Tiempo requerido: 0.255
Nodos expandidos: 417

VI:
Tiempo requerido: 0.455
Numero de iteraciones: 91
-------------------------------------------------------
Problema 10
-------------------------------------------------------
LAO*:
Tiempo requerido: 1.917
Nodos expandidos: 118
Porcentajes del conjunto Z: [0.06, 0.12, 0.12, 0.12, 0.31, 0.12, 0.19, 0.19, 0.25, 0.38, 0.25, 0.5, 0.56, 0.62, 0.69, 0.25, 0.19, 0.44, 0.25, 0.5, 0.62, 0.81, 0.88, 0.94, 1.0, 0.31, 0.31, 0.69, 0.88, 0.75, 0.94, 1.0, 1.06, 0.5, 0.62, 1.12, 0.38, 1.25, 1.25, 1.38, 0.81, 1.44, 1.44, 1.0, 1.5, 1.56, 1.56, 1.69, 0.94, 1.62, 1.69, 1.0, 1.75, 1.19, 1.25, 0.38, 0.5, 1.38, 1.56, 1.12, 1.75, 1.25, 0.81, 0.94, 1.94, 1.75, 2.0, 1.06, 1.06, 1.44, 0.38, 0.69, 0.69, 0.88, 1.31, 2.0, 1.44, 1.88, 1.5, 1.12, 2.12, 2.38, 1.06, 1.12, 1.31, 1.69, 0.69, 0.69, 0.75, 1.94, 0.81, 0.88, 0.88, 2.25, 1.0, 1.5, 1.44, 2.69, 2.88, 2.81, 0.44, 2.88, 0.88, 2.88, 0.5, 1.0, 0.88, 3.06, 1.0, 3.12, 3.12, 1.44, 1.38, 2.38, 3.25, 1.56, 2.56, 3.31]

ILAO*:
Tiempo requerido: 0.243
Nodos expandidos: 127

RLAO*:
Tiempo requerido: 0.263
Nodos expandidos: 464

BLAO*:
Tiempo requerido: 0.142
Nodos expandidos: 312

VI:
Tiempo requerido: 0.441
Numero de iteraciones: 91
-------------------------------------------------------
