Problema 1
-------------------------------------------------------
LAO*:
Tiempo requerido: 17.366
Nodos expandidos: 459
Porcentajes del conjunto Z: [0.04, 0.08, 0.08, 0.12, 0.08, 0.12, 0.12, 0.12, 0.2, 0.28, 0.32, 0.36, 0.36, 0.44, 0.48, 0.12, 0.12, 0.24, 0.28, 0.48, 0.2, 0.24, 0.2, 0.24, 0.36, 0.32, 0.52, 0.16, 0.36, 0.48, 0.44, 0.48, 0.92, 0.6, 0.24, 0.36, 0.24, 0.44, 0.72, 0.48, 0.76, 0.2, 0.2, 0.2, 0.48, 0.76, 0.88, 0.92, 0.96, 1.0, 1.0, 1.08, 1.12, 1.12, 1.12, 0.36, 1.2, 1.2, 0.36, 0.4, 0.32, 0.28, 0.24, 0.8, 0.52, 0.8, 0.96, 0.88, 1.04, 0.92, 1.08, 0.92, 1.04, 1.0, 1.12, 1.04, 1.16, 0.96, 1.2, 1.12, 1.28, 1.56, 0.36, 1.56, 1.16, 0.24, 0.24, 0.28, 1.52, 1.2, 0.6, 0.32, 2.72, 0.84, 0.96, 1.08, 1.16, 1.08, 0.48, 1.08, 0.56, 0.52, 0.32, 1.16, 0.52, 0.36, 1.2, 0.32, 0.6, 2.76, 0.84, 1.24, 2.12, 0.96, 1.28, 1.28, 1.04, 1.28, 1.92, 1.36, 1.0, 1.2, 1.4, 1.44, 3.28, 1.16, 1.44, 1.72, 1.76, 1.16, 1.8, 1.8, 1.28, 1.6, 0.44, 0.36, 0.32, 0.36, 0.4, 0.68, 0.4, 0.8, 0.96, 1.36, 1.16, 1.4, 1.32, 1.64, 1.44, 1.8, 1.56, 1.6, 1.88, 2.08, 2.08, 0.6, 0.48, 1.28, 0.68, 0.68, 0.68, 0.52, 2.2, 2.24, 0.64, 2.32, 2.32, 0.68, 2.4, 2.64, 0.8, 0.72, 1.36, 2.44, 2.24, 1.6, 1.76, 1.28, 1.72, 1.56, 1.96, 1.64, 2.32, 2.4, 1.36, 0.56, 1.64, 0.44, 0.84, 0.6, 2.76, 1.72, 1.52, 1.4, 1.68, 1.68, 1.72, 1.76, 1.76, 1.76, 1.76, 1.84, 1.96, 2.52, 0.6, 0.56, 0.68, 0.68, 0.8, 2.52, 0.64, 0.64, 2.64, 0.64, 2.6, 2.36, 1.6, 2.12, 2.36, 1.8, 2.6, 2.76, 0.72, 2.8, 0.6, 0.48, 0.72, 0.64, 2.76, 0.92, 0.8, 2.8, 2.84, 2.88, 2.84, 1.96, 1.56, 2.88, 1.88, 1.84, 2.24, 2.96, 2.96, 3.04, 2.24, 2.28, 2.64, 0.72, 0.72, 0.84, 0.88, 2.96, 0.8, 3.16, 3.2, 1.0, 2.2, 2.48, 3.56, 3.72, 2.48, 2.8, 3.76, 2.84, 3.8, 3.76, 2.12, 3.8, 3.8, 3.28, 2.24, 3.8, 3.8, 3.8, 3.4, 3.84, 3.92, 3.84, 3.88, 0.52, 1.04, 0.76, 1.16, 1.36, 3.44, 3.08, 3.16, 3.64, 2.24, 2.28, 3.72, 1.8, 3.24, 1.84, 2.76, 4.0, 2.36, 4.16, 3.32, 2.48, 0.76, 1.08, 1.12, 0.88, 1.2, 1.64, 3.76, 3.72, 3.88, 2.88, 3.52, 2.52, 4.12, 0.56, 0.56, 1.08, 1.08, 2.56, 3.88, 1.12, 1.28, 0.88, 1.24, 1.36, 3.88, 1.4, 1.6, 4.0, 3.72, 1.44, 1.84, 1.84, 2.84, 4.04, 4.88, 2.52, 0.8, 0.8, 2.6, 1.2, 0.6, 0.76, 0.88, 1.12, 2.68, 3.92, 1.28, 2.72, 2.76, 1.72, 3.68, 2.8, 3.92, 2.84, 2.84, 2.8, 2.84, 1.88, 3.96, 2.96, 2.92, 3.56, 4.08, 3.12, 3.0, 5.16, 3.16, 3.04, 2.6, 3.24, 5.96, 0.68, 0.72, 1.12, 1.12, 1.12, 3.08, 1.16, 2.72, 3.12, 3.36, 1.24, 1.2, 0.88, 1.4, 4.6, 2.76, 3.4, 1.56, 2.8, 6.56, 1.68, 4.36, 3.84, 1.8, 6.68, 1.76, 6.72, 6.76, 6.72, 1.96, 1.92, 6.76, 1.8, 6.76, 6.8, 6.76, 1.88, 6.92, 6.96, 6.92, 6.8, 1.96, 1.92, 2.92, 3.16, 6.84, 6.88, 1.92, 7.04, 6.88, 1.96, 5.2, 1.96, 7.04, 7.16, 7.28, 7.28, 1.48, 2.04, 2.08, 1.72, 0.88, 7.08, 7.32, 1.16, 1.0, 2.8, 6.84, 1.24, 1.36, 2.44, 6.72, 1.28, 1.48, 3.48, 3.24, 1.68, 1.32, 4.0, 5.6, 1.6, 3.52, 5.16, 1.84, 1.36, 5.64, 7.12, 7.68]

ILAO*:
Tiempo requerido: 3.01
Nodos expandidos: 480

RLAO*:
Tiempo requerido: 1.223
Nodos expandidos: 814

BLAO*:
Tiempo requerido: 2.089
Nodos expandidos: 1133

VI:
Tiempo requerido: 0.688
Numero de iteraciones: 91
-------------------------------------------------------
Problema 2
-------------------------------------------------------
LAO*:
Tiempo requerido: 14.314
Nodos expandidos: 443
Porcentajes del conjunto Z: [0.04, 0.08, 0.12, 0.08, 0.16, 0.08, 0.2, 0.24, 0.28, 0.32, 0.32, 0.36, 0.24, 0.32, 0.36, 0.4, 0.2, 0.12, 0.2, 0.16, 0.2, 0.2, 0.32, 0.4, 0.36, 0.44, 0.4, 0.48, 0.44, 0.64, 0.2, 0.36, 0.28, 0.36, 0.52, 0.36, 0.6, 0.68, 0.64, 0.52, 0.6, 0.8, 0.4, 0.24, 0.24, 0.48, 0.4, 0.4, 0.72, 0.84, 0.96, 0.44, 0.84, 1.0, 1.04, 1.08, 1.12, 0.28, 0.4, 0.28, 0.52, 0.52, 0.32, 0.6, 0.56, 0.36, 0.48, 0.88, 0.84, 1.08, 0.52, 0.36, 0.4, 0.56, 0.4, 0.96, 1.16, 1.36, 0.6, 0.76, 0.8, 0.4, 0.44, 0.64, 0.48, 0.52, 0.72, 0.56, 1.56, 1.6, 1.24, 1.44, 0.4, 0.64, 0.48, 0.56, 0.72, 1.0, 1.6, 1.24, 1.52, 1.6, 1.64, 1.68, 1.72, 0.64, 0.64, 0.84, 0.52, 0.64, 0.44, 0.44, 1.04, 0.64, 0.84, 0.64, 1.76, 1.4, 1.72, 1.88, 0.68, 0.6, 0.72, 1.4, 1.04, 1.76, 1.36, 1.8, 1.68, 1.84, 0.68, 0.84, 0.76, 0.92, 0.88, 0.76, 0.8, 0.8, 1.6, 0.68, 0.68, 0.8, 1.76, 1.8, 1.96, 1.8, 2.04, 2.08, 2.12, 2.08, 0.68, 1.36, 0.72, 2.16, 2.12, 0.8, 2.16, 0.76, 2.16, 2.28, 2.32, 2.36, 2.4, 2.48, 1.44, 1.68, 2.52, 2.52, 2.6, 2.56, 1.72, 2.68, 2.68, 2.64, 2.64, 1.96, 2.72, 2.68, 2.68, 2.72, 2.76, 2.72, 2.12, 2.96, 2.88, 2.72, 2.8, 2.2, 0.96, 1.4, 1.0, 3.0, 2.92, 2.84, 1.28, 0.84, 0.88, 0.84, 3.28, 2.96, 0.72, 0.76, 3.4, 3.44, 3.48, 1.8, 1.84, 3.52, 3.52, 2.0, 1.68, 1.88, 3.56, 3.64, 1.76, 2.28, 2.24, 1.08, 2.8, 0.8, 2.44, 0.76, 0.84, 0.8, 0.8, 3.0, 0.88, 3.4, 3.04, 0.92, 1.0, 3.16, 2.2, 1.48, 2.48, 3.72, 3.76, 2.64, 2.56, 1.64, 2.36, 3.8, 2.72, 2.36, 2.4, 2.84, 1.0, 2.28, 1.08, 2.92, 1.4, 1.0, 2.68, 1.44, 2.32, 1.32, 2.84, 1.48, 0.92, 0.96, 2.96, 0.88, 2.8, 0.84, 0.88, 2.96, 2.96, 1.08, 3.04, 1.2, 3.52, 3.08, 3.08, 2.48, 3.12, 3.16, 3.12, 2.72, 1.68, 3.16, 3.2, 3.16, 3.24, 3.2, 2.92, 3.2, 3.44, 3.0, 3.28, 3.28, 3.28, 3.52, 2.8, 3.36, 3.4, 3.36, 3.56, 3.56, 3.32, 3.56, 3.56, 3.4, 0.84, 2.96, 2.84, 3.12, 2.92, 2.52, 3.52, 3.56, 3.56, 3.28, 0.88, 3.36, 0.88, 1.0, 3.32, 3.12, 3.64, 3.68, 3.6, 3.32, 3.32, 3.4, 3.36, 3.44, 3.96, 3.8, 3.76, 3.44, 3.44, 1.2, 3.4, 4.28, 4.0, 4.04, 3.08, 2.44, 1.52, 1.52, 4.08, 4.12, 4.96, 3.04, 6.04, 2.68, 1.72, 2.88, 3.04, 2.48, 3.52, 2.52, 3.24, 3.0, 1.0, 3.64, 3.28, 1.12, 1.44, 1.12, 1.48, 2.56, 1.52, 2.8, 1.24, 1.12, 0.92, 3.32, 3.0, 0.84, 0.96, 3.52, 3.56, 3.72, 3.6, 3.6, 3.16, 3.76, 2.76, 3.52, 3.64, 3.64, 3.68, 1.84, 3.04, 3.76, 3.84, 3.48, 1.96, 3.64, 2.84, 3.52, 3.76, 3.56, 3.44, 3.92, 3.92, 3.92, 3.44, 3.36, 1.88, 4.0, 4.04, 4.0, 3.52, 0.88, 3.6, 3.64, 0.88, 3.96, 4.12, 1.16, 1.12, 3.68, 3.72, 3.68, 2.6, 3.92, 3.72, 3.8, 3.68, 3.2, 3.04, 3.88, 4.2, 3.88, 3.28, 3.08, 1.24, 3.92, 7.8, 3.6, 3.36, 1.56, 1.6, 1.56, 3.12, 3.96, 2.88, 3.44, 3.12, 2.84, 4.04]

ILAO*:
Tiempo requerido: 1.977
Nodos expandidos: 470

RLAO*:
Tiempo requerido: 1.054
Nodos expandidos: 857

BLAO*:
Tiempo requerido: 0.881
Nodos expandidos: 817

VI:
Tiempo requerido: 0.686
Numero de iteraciones: 91
-------------------------------------------------------
Problema 3
-------------------------------------------------------
LAO*:
Tiempo requerido: 7.526
Nodos expandidos: 291
Porcentajes del conjunto Z: [0.04, 0.08, 0.08, 0.12, 0.16, 0.2, 0.2, 0.08, 0.12, 0.12, 0.12, 0.2, 0.28, 0.36, 0.28, 0.12, 0.12, 0.24, 0.4, 0.32, 0.12, 0.2, 0.2, 0.16, 0.24, 0.2, 0.32, 0.32, 0.36, 0.64, 0.16, 0.16, 0.32, 0.4, 0.36, 0.6, 0.68, 0.68, 0.72, 0.72, 0.76, 0.76, 0.8, 0.76, 0.76, 0.84, 0.8, 0.8, 0.8, 0.88, 0.84, 0.92, 0.88, 1.6, 0.84, 1.04, 1.28, 0.28, 0.88, 0.24, 0.32, 0.36, 1.32, 0.4, 1.36, 1.4, 0.36, 0.56, 0.52, 0.84, 0.72, 1.0, 0.76, 0.8, 0.8, 0.92, 0.24, 0.2, 0.36, 1.48, 0.48, 0.8, 1.52, 0.8, 1.56, 0.92, 1.6, 1.6, 1.6, 1.0, 1.72, 1.08, 1.76, 1.04, 0.96, 0.32, 1.0, 0.24, 0.28, 0.32, 0.44, 1.0, 0.48, 1.64, 0.4, 1.04, 1.08, 1.08, 1.08, 1.16, 1.2, 0.88, 1.24, 1.0, 1.84, 1.0, 2.4, 1.04, 1.88, 1.16, 0.88, 2.16, 2.2, 0.24, 0.32, 0.24, 0.24, 0.32, 0.44, 1.24, 0.88, 0.96, 0.92, 1.16, 1.2, 2.24, 0.36, 0.4, 0.32, 1.08, 0.4, 0.4, 0.56, 0.72, 0.56, 0.44, 0.48, 1.0, 1.44, 0.92, 1.12, 1.4, 2.4, 2.44, 1.0, 0.36, 1.16, 0.48, 0.4, 1.0, 1.08, 1.4, 1.36, 0.4, 1.04, 0.32, 0.28, 0.44, 0.68, 0.56, 0.56, 0.64, 0.52, 1.12, 1.16, 0.52, 1.2, 1.12, 1.64, 1.08, 1.08, 1.68, 1.56, 2.36, 1.6, 1.16, 1.76, 2.4, 1.88, 1.88, 1.88, 1.68, 1.96, 1.96, 1.04, 1.08, 2.04, 2.04, 2.0, 2.12, 0.32, 2.12, 1.16, 0.44, 0.44, 0.44, 0.56, 1.24, 1.32, 1.0, 1.76, 1.28, 1.52, 1.56, 1.6, 1.76, 1.76, 1.68, 1.04, 1.72, 2.2, 0.64, 0.64, 1.28, 1.76, 0.68, 0.52, 0.44, 0.68, 0.76, 0.6, 0.44, 0.8, 2.28, 1.88, 0.48, 1.84, 1.52, 1.84, 2.6, 2.6, 2.0, 2.04, 2.08, 2.68, 1.72, 2.72, 1.44, 1.44, 2.2, 1.16, 1.4, 2.76, 2.76, 2.32, 1.68, 1.64, 2.84, 2.8, 2.4, 2.68, 2.72, 2.76, 2.92, 2.88, 2.84, 2.48, 1.88, 2.8, 3.04, 3.04, 3.08, 1.76, 1.92, 3.24, 1.76, 1.44, 2.12, 1.8, 3.16, 3.16, 0.4, 0.52, 0.44, 2.52, 0.68, 0.6, 3.24, 2.04, 3.28, 3.36]

ILAO*:
Tiempo requerido: 1.144
Nodos expandidos: 302

RLAO*:
Tiempo requerido: 0.508
Nodos expandidos: 673

BLAO*:
Tiempo requerido: 0.538
Nodos expandidos: 672

VI:
Tiempo requerido: 0.731
Numero de iteraciones: 91
-------------------------------------------------------
Problema 4
-------------------------------------------------------
LAO*:
Tiempo requerido: 21.729
Nodos expandidos: 596
Porcentajes del conjunto Z: [0.04, 0.08, 0.12, 0.12, 0.16, 0.2, 0.2, 0.28, 0.08, 0.08, 0.12, 0.2, 0.2, 0.24, 0.32, 0.4, 0.2, 0.24, 0.36, 0.4, 0.36, 0.48, 0.52, 0.56, 0.6, 0.6, 0.68, 0.68, 0.12, 0.16, 0.2, 0.2, 0.24, 0.32, 0.52, 0.56, 0.64, 0.72, 0.72, 0.88, 0.84, 0.76, 0.8, 0.84, 0.8, 0.4, 0.36, 0.6, 0.44, 0.64, 0.6, 0.68, 0.76, 0.72, 0.76, 0.8, 0.8, 0.92, 0.16, 0.84, 0.24, 1.16, 0.28, 0.32, 0.28, 0.32, 1.12, 1.08, 1.12, 0.6, 1.12, 1.16, 1.16, 1.2, 1.2, 1.28, 1.0, 0.84, 1.12, 1.2, 1.24, 0.28, 1.2, 1.2, 1.04, 1.36, 2.24, 0.68, 0.48, 1.08, 1.08, 1.4, 0.76, 2.44, 2.48, 0.8, 2.72, 0.84, 0.88, 0.88, 1.04, 0.92, 0.96, 0.28, 0.4, 1.24, 1.4, 0.32, 0.36, 0.44, 1.0, 1.36, 1.16, 0.76, 1.28, 2.28, 0.88, 2.04, 0.88, 2.08, 1.0, 1.12, 1.24, 1.2, 1.28, 1.28, 0.32, 1.4, 0.52, 0.72, 0.56, 0.88, 1.48, 1.52, 1.52, 1.48, 1.56, 1.12, 0.32, 0.44, 1.36, 0.48, 0.44, 0.44, 0.48, 1.4, 1.24, 0.6, 1.88, 1.6, 0.96, 0.68, 2.44, 1.0, 1.04, 1.08, 1.36, 1.28, 0.4, 1.32, 0.48, 1.52, 0.56, 0.76, 0.56, 2.12, 0.68, 1.0, 0.72, 1.76, 1.08, 1.4, 1.12, 1.8, 1.44, 1.84, 0.44, 0.36, 1.2, 0.4, 0.6, 1.84, 2.04, 0.48, 0.68, 1.28, 2.52, 2.04, 2.04, 2.12, 2.08, 0.64, 2.2, 2.2, 0.68, 2.24, 2.28, 2.24, 1.04, 0.8, 2.2, 1.16, 0.88, 2.24, 2.24, 2.24, 1.72, 2.32, 2.4, 1.76, 1.72, 1.64, 0.52, 2.0, 0.76, 0.6, 0.68, 0.64, 0.8, 0.72, 0.88, 2.16, 2.28, 3.0, 0.92, 1.24, 3.04, 1.36, 1.04, 3.48, 1.52, 1.8, 2.68, 2.68, 0.48, 2.0, 0.44, 0.56, 0.48, 0.6, 0.48, 0.64, 0.52, 2.76, 0.56, 0.84, 0.56, 0.64, 0.84, 0.68, 0.68, 0.68, 0.68, 1.4, 1.16, 1.0, 3.16, 0.84, 2.92, 3.12, 1.4, 1.48, 1.76, 1.64, 2.52, 1.68, 2.8, 2.68, 0.56, 0.44, 3.4, 0.8, 0.84, 0.92, 0.84, 0.96, 1.64, 0.72, 3.48, 1.0, 1.16, 2.52, 2.0, 2.56, 2.96, 4.24, 0.48, 0.64, 0.56, 0.6, 0.6, 0.72, 0.56, 0.8, 0.96, 0.84, 0.88, 0.92, 1.08, 1.08, 1.24, 3.16, 3.24, 3.64, 1.52, 1.56, 1.76, 2.68, 3.08, 3.48, 0.52, 0.8, 0.96, 0.88, 0.88, 0.88, 0.92, 0.88, 1.04, 1.04, 0.88, 1.8, 1.08, 0.84, 1.04, 1.56, 1.2, 1.84, 2.16, 2.68, 3.44, 0.76, 0.52, 0.68, 0.8, 0.76, 0.76, 0.8, 1.0, 0.92, 1.0, 1.2, 1.12, 1.12, 1.24, 1.16, 1.76, 3.56, 3.6, 1.28, 3.44, 2.08, 1.32, 2.2, 1.88, 3.04, 3.08, 4.16, 3.12, 4.24, 0.56, 3.16, 0.92, 3.16, 1.04, 4.2, 3.2, 3.24, 0.96, 4.28, 1.12, 4.32, 1.08, 3.24, 3.36, 3.32, 1.04, 4.32, 3.44, 1.12, 1.28, 1.16, 2.16, 2.56, 0.56, 0.84, 2.84, 0.8, 4.04, 0.6, 0.92, 0.68, 0.96, 0.96, 4.2, 1.08, 1.12, 1.2, 1.16, 1.28, 1.24, 1.28, 3.68, 3.48, 2.16, 1.36, 2.32, 1.96, 2.68, 3.08, 3.2, 4.6, 3.28, 4.92, 0.84, 0.6, 0.8, 3.44, 1.16, 3.72, 1.08, 1.12, 1.24, 1.36, 1.36, 1.28, 1.44, 1.6, 2.72, 0.84, 1.12, 0.68, 1.16, 0.84, 0.68, 1.28, 4.76, 3.4, 1.12, 1.12, 1.56, 1.36, 1.28, 4.48, 1.4, 1.4, 1.44, 2.36, 2.8, 3.36, 4.76, 0.88, 5.12, 0.84, 0.68, 5.08, 3.84, 1.28, 1.2, 1.24, 1.2, 1.36, 0.72, 5.12, 1.32, 1.84, 1.36, 5.28, 1.36, 1.6, 0.88, 1.08, 2.88, 3.0, 0.84, 0.68, 1.32, 4.68, 0.68, 0.92, 5.12, 3.56, 0.8, 5.2, 1.76, 5.28, 2.32, 1.32, 1.84, 1.6, 5.4, 1.44, 1.48, 1.52, 1.52, 4.52, 5.6, 1.48, 5.64, 5.64, 1.56, 5.72, 5.68, 5.8, 5.76, 2.88, 3.4, 5.84, 5.84, 5.88, 3.48, 5.96, 0.76, 5.96, 3.52, 5.88, 5.96, 5.28, 1.04, 6.04, 6.04, 5.92, 6.12, 5.44, 4.16, 1.12, 1.32, 1.32, 6.68, 4.12, 6.88, 6.24, 3.76, 6.36, 6.24, 5.68, 6.44, 6.48, 6.4, 6.36, 1.12, 6.48, 6.44, 5.56, 6.6, 6.56, 1.24, 6.6, 6.56, 6.72, 1.4, 3.08, 0.8, 6.64, 6.6, 6.6, 0.76, 0.92, 1.4, 1.0, 1.48, 1.0, 1.0, 6.84, 5.8, 5.2, 0.88, 1.08, 6.68, 5.88, 3.8, 5.36, 1.0, 1.96, 6.92, 5.6, 2.64, 2.52, 1.44, 7.0, 1.56, 1.68, 1.64, 1.48, 7.04, 7.0, 4.56, 1.52, 7.24, 7.28, 1.56, 6.6, 1.56, 7.36, 6.64, 7.4]

ILAO*:
Tiempo requerido: 4.495
Nodos expandidos: 619

RLAO*:
Tiempo requerido: 2.08
Nodos expandidos: 997

BLAO*:
Tiempo requerido: 7.972
Nodos expandidos: 1205

VI:
Tiempo requerido: 0.687
Numero de iteraciones: 91
-------------------------------------------------------
Problema 5
-------------------------------------------------------
LAO*:
Tiempo requerido: 9.984
Nodos expandidos: 309
Porcentajes del conjunto Z: [0.04, 0.08, 0.12, 0.16, 0.08, 0.12, 0.16, 0.2, 0.2, 0.24, 0.28, 0.08, 0.16, 0.28, 0.24, 0.36, 0.24, 0.36, 0.32, 0.36, 0.4, 0.2, 0.24, 0.4, 0.48, 0.48, 0.52, 0.16, 0.2, 0.24, 0.36, 0.44, 0.64, 0.56, 0.6, 0.24, 0.28, 0.32, 0.44, 0.36, 0.52, 0.76, 1.08, 0.24, 0.24, 0.48, 0.44, 0.52, 0.56, 1.0, 0.52, 0.32, 0.44, 0.64, 0.72, 1.2, 1.24, 1.28, 1.32, 1.32, 0.28, 1.36, 0.28, 1.4, 1.4, 1.4, 0.24, 0.36, 1.4, 1.52, 1.44, 0.56, 1.64, 1.64, 0.4, 1.6, 1.52, 1.68, 1.72, 1.76, 0.72, 1.72, 1.84, 1.88, 1.84, 0.84, 2.04, 0.76, 1.96, 2.08, 2.0, 2.12, 1.32, 2.2, 1.44, 0.32, 1.52, 0.4, 0.4, 1.52, 0.4, 0.44, 0.48, 1.64, 1.6, 1.72, 1.8, 1.64, 0.8, 2.0, 0.92, 2.04, 2.12, 2.48, 2.2, 1.36, 2.24, 0.28, 1.52, 0.36, 0.36, 0.36, 0.32, 2.24, 0.72, 0.48, 0.4, 2.32, 0.52, 0.84, 1.72, 1.04, 1.84, 1.16, 1.88, 1.92, 2.2, 1.96, 1.96, 2.28, 1.36, 2.04, 2.08, 2.6, 2.08, 2.16, 2.12, 1.52, 2.12, 2.24, 2.24, 2.36, 1.64, 2.2, 2.2, 0.48, 0.4, 1.68, 0.48, 0.56, 0.52, 0.52, 0.52, 2.28, 2.24, 2.64, 0.68, 1.72, 1.72, 2.4, 0.76, 1.8, 1.76, 1.84, 1.28, 1.32, 2.08, 2.56, 1.36, 1.36, 1.44, 1.4, 1.4, 0.64, 1.48, 1.44, 1.56, 2.44, 1.56, 0.4, 1.4, 2.28, 1.48, 1.64, 0.84, 1.68, 1.44, 2.32, 1.44, 1.68, 0.52, 1.8, 1.68, 1.8, 2.72, 1.76, 1.92, 1.72, 1.88, 2.0, 2.0, 1.76, 2.48, 2.12, 1.8, 1.24, 1.84, 1.32, 1.36, 1.92, 3.12, 2.2, 1.84, 1.4, 1.96, 4.68, 0.4, 2.52, 1.44, 1.68, 0.56, 0.84, 0.72, 2.6, 0.6, 1.84, 2.6, 2.6, 0.8, 3.44, 1.96, 2.68, 2.76, 2.76, 3.48, 1.96, 2.92, 2.4, 2.0, 2.48, 1.48, 2.24, 1.48, 2.64, 2.72, 0.84, 0.44, 2.6, 1.48, 2.64, 2.96, 1.88, 2.08, 3.64, 2.2, 2.24, 2.36, 2.04, 1.28, 2.08, 1.44, 1.52, 2.16, 3.96, 2.2, 3.68, 0.44, 4.52, 0.88, 1.44, 0.68, 0.8, 0.84, 0.64, 4.6, 0.84, 2.52, 4.64, 4.68, 3.08, 4.72, 4.72, 4.8, 2.6, 3.12, 1.56, 4.84, 1.68, 4.88, 4.32, 5.0, 0.88, 1.08, 5.0, 4.96, 4.56, 1.56, 4.96, 5.0]

ILAO*:
Tiempo requerido: 1.387
Nodos expandidos: 311

RLAO*:
Tiempo requerido: 0.553
Nodos expandidos: 663

BLAO*:
Tiempo requerido: 0.917
Nodos expandidos: 721

VI:
Tiempo requerido: 0.734
Numero de iteraciones: 91
-------------------------------------------------------
Problema 6
-------------------------------------------------------
LAO*:
Tiempo requerido: 8.07
Nodos expandidos: 279
Porcentajes del conjunto Z: [0.04, 0.08, 0.08, 0.08, 0.08, 0.08, 0.16, 0.2, 0.2, 0.24, 0.28, 0.32, 0.36, 0.2, 0.24, 0.36, 0.16, 0.16, 0.24, 0.2, 0.28, 0.2, 0.24, 0.32, 0.48, 0.52, 0.16, 0.28, 0.36, 0.4, 0.4, 0.44, 0.52, 0.92, 0.96, 1.0, 1.04, 1.04, 0.24, 1.08, 0.2, 1.16, 0.16, 0.28, 0.48, 0.44, 0.32, 0.28, 0.32, 0.48, 0.56, 1.08, 1.36, 0.4, 0.64, 1.0, 1.36, 0.32, 0.24, 0.24, 0.28, 0.4, 0.32, 0.4, 0.72, 0.6, 0.44, 0.68, 1.68, 1.68, 0.28, 0.28, 0.8, 0.52, 0.64, 0.68, 0.48, 0.48, 0.52, 1.76, 1.8, 1.84, 1.88, 1.92, 1.92, 1.96, 0.56, 0.48, 0.56, 0.6, 1.96, 2.04, 2.12, 0.84, 0.32, 0.44, 0.8, 0.48, 0.52, 0.6, 0.88, 0.56, 0.52, 0.56, 0.52, 0.56, 0.56, 0.68, 0.8, 2.32, 2.6, 1.08, 0.68, 2.24, 0.92, 0.36, 0.64, 1.0, 0.64, 0.64, 0.6, 1.24, 1.2, 0.64, 0.68, 0.64, 0.8, 0.84, 2.6, 2.64, 2.64, 2.64, 2.64, 2.68, 2.72, 0.56, 2.8, 2.84, 2.64, 0.96, 2.92, 2.88, 1.0, 2.96, 2.92, 3.0, 2.96, 2.28, 3.04, 3.04, 3.04, 3.0, 3.04, 2.6, 3.12, 3.08, 0.4, 3.2, 0.68, 1.0, 2.64, 0.68, 0.96, 0.48, 0.96, 0.8, 0.72, 3.24, 3.24, 2.48, 0.68, 0.76, 1.28, 0.6, 0.88, 3.36, 3.36, 2.84, 3.44, 3.48, 2.88, 0.88, 2.92, 3.0, 2.96, 1.12, 3.04, 3.0, 3.04, 1.16, 3.08, 3.12, 3.2, 3.24, 3.28, 3.28, 3.24, 3.32, 3.36, 3.24, 3.4, 3.24, 2.76, 3.4, 3.48, 3.72, 2.8, 0.68, 3.48, 3.8, 1.0, 3.0, 2.96, 1.04, 3.24, 3.32, 3.4, 3.2, 3.44, 3.32, 1.04, 0.8, 0.76, 0.44, 0.52, 0.84, 1.44, 0.68, 1.12, 0.92, 1.0, 3.56, 3.68, 0.8, 3.6, 3.88, 3.64, 3.92, 1.12, 3.68, 3.96, 3.96, 1.24, 3.72, 4.04, 3.08, 4.08, 3.44, 4.12, 3.24, 3.4, 4.16, 3.32, 3.56, 4.2, 4.2, 0.48, 1.08, 3.56, 3.6, 4.2, 4.2, 4.24, 1.12, 3.56, 3.64, 0.72, 4.32, 4.32, 3.64, 3.76, 0.8, 4.44, 4.36, 3.88, 3.72, 3.8, 1.32, 4.56]

ILAO*:
Tiempo requerido: 1.12
Nodos expandidos: 297

RLAO*:
Tiempo requerido: 1.047
Nodos expandidos: 832

BLAO*:
Tiempo requerido: 0.815
Nodos expandidos: 848

VI:
Tiempo requerido: 0.701
Numero de iteraciones: 91
-------------------------------------------------------
Problema 7
-------------------------------------------------------
LAO*:
Tiempo requerido: 4.238
Nodos expandidos: 143
Porcentajes del conjunto Z: [0.04, 0.08, 0.08, 0.08, 0.16, 0.2, 0.08, 0.12, 0.08, 0.2, 0.24, 0.32, 0.36, 0.4, 0.4, 0.4, 0.44, 0.48, 0.48, 0.6, 0.68, 0.12, 0.28, 0.36, 0.16, 0.12, 0.16, 0.2, 0.36, 0.44, 0.56, 0.64, 0.56, 0.72, 0.8, 0.76, 0.84, 0.92, 0.96, 0.96, 0.96, 1.0, 1.04, 1.0, 1.08, 1.12, 1.2, 0.28, 1.24, 1.28, 0.44, 1.4, 0.6, 1.44, 0.72, 1.48, 0.88, 0.88, 0.96, 0.16, 1.0, 0.28, 0.48, 1.08, 1.28, 1.4, 1.48, 0.76, 1.48, 1.48, 1.0, 1.52, 1.52, 0.88, 1.68, 1.76, 1.84, 1.88, 1.88, 1.2, 1.92, 1.24, 0.48, 0.52, 1.6, 1.28, 1.32, 0.72, 1.36, 0.92, 2.04, 1.12, 1.76, 1.96, 1.72, 1.76, 1.04, 1.88, 2.28, 0.2, 0.52, 2.08, 2.36, 2.0, 2.44, 1.92, 2.36, 0.84, 1.96, 1.08, 2.4, 2.44, 2.16, 1.32, 2.08, 1.92, 2.12, 1.72, 2.2, 1.12, 1.16, 2.0, 1.36, 0.68, 2.56, 0.92, 1.8, 1.2, 1.84, 1.48, 2.72, 2.76, 2.28, 1.84, 2.24, 2.24, 2.84, 2.28, 2.88, 1.2, 2.92, 1.92, 2.96]

ILAO*:
Tiempo requerido: 0.329
Nodos expandidos: 150

RLAO*:
Tiempo requerido: 0.308
Nodos expandidos: 579

BLAO*:
Tiempo requerido: 0.439
Nodos expandidos: 523

VI:
Tiempo requerido: 0.685
Numero de iteraciones: 91
-------------------------------------------------------
Problema 8
-------------------------------------------------------
LAO*:
Tiempo requerido: 5.186
Nodos expandidos: 204
Porcentajes del conjunto Z: [0.04, 0.08, 0.12, 0.08, 0.12, 0.2, 0.08, 0.08, 0.2, 0.32, 0.36, 0.16, 0.2, 0.28, 0.48, 0.56, 0.12, 0.12, 0.16, 0.12, 0.44, 0.56, 0.16, 0.16, 0.24, 0.24, 0.4, 0.28, 0.64, 0.32, 0.8, 0.36, 0.36, 0.84, 0.4, 0.48, 0.4, 0.88, 0.88, 0.56, 0.92, 0.92, 0.6, 0.96, 0.96, 0.88, 1.4, 1.0, 0.68, 1.08, 1.12, 0.68, 0.16, 0.16, 1.28, 1.8, 0.28, 0.16, 1.16, 0.16, 1.44, 0.28, 1.48, 0.8, 0.36, 0.92, 1.0, 0.24, 0.8, 0.44, 0.28, 0.32, 1.52, 0.44, 0.72, 1.56, 0.96, 1.6, 0.44, 1.04, 0.48, 0.52, 1.08, 0.72, 1.12, 0.32, 0.2, 1.16, 0.24, 0.2, 0.36, 0.24, 0.2, 0.24, 1.12, 0.32, 0.4, 1.2, 1.24, 1.28, 1.76, 0.68, 1.36, 1.36, 0.44, 1.6, 1.12, 1.48, 1.32, 1.52, 1.72, 0.48, 2.16, 0.6, 2.2, 2.24, 0.64, 2.24, 2.28, 0.68, 2.32, 2.32, 1.16, 0.76, 2.36, 0.72, 0.72, 2.12, 1.24, 0.32, 0.32, 0.8, 1.36, 2.8, 2.8, 0.36, 1.28, 2.84, 2.84, 2.88, 2.84, 0.68, 1.36, 2.92, 3.0, 0.52, 3.0, 0.64, 3.12, 2.56, 0.84, 3.04, 3.2, 2.64, 0.96, 2.72, 2.8, 2.8, 1.24, 0.28, 2.88, 0.4, 0.32, 1.24, 0.32, 0.4, 1.08, 2.96, 0.52, 0.48, 0.36, 1.4, 1.12, 2.8, 0.76, 1.52, 1.16, 3.08, 1.24, 0.48, 1.6, 1.2, 1.2, 1.2, 0.56, 3.12, 3.16, 1.64, 1.28, 3.2, 3.36, 0.96, 1.44, 3.28, 1.08, 3.44, 3.48, 2.72, 3.56, 1.2, 1.04, 3.6, 1.12, 3.64]

ILAO*:
Tiempo requerido: 0.512
Nodos expandidos: 217

RLAO*:
Tiempo requerido: 0.438
Nodos expandidos: 593

BLAO*:
Tiempo requerido: 0.349
Nodos expandidos: 555

VI:
Tiempo requerido: 0.723
Numero de iteraciones: 91
-------------------------------------------------------
Problema 9
-------------------------------------------------------
LAO*:
Tiempo requerido: 11.848
Nodos expandidos: 376
Porcentajes del conjunto Z: [0.04, 0.08, 0.08, 0.08, 0.08, 0.16, 0.12, 0.2, 0.24, 0.28, 0.32, 0.36, 0.2, 0.28, 0.36, 0.12, 0.16, 0.2, 0.16, 0.28, 0.16, 0.24, 0.36, 0.48, 0.64, 0.2, 0.28, 0.24, 0.44, 0.28, 0.28, 0.56, 0.32, 0.36, 0.32, 0.36, 0.4, 0.36, 0.56, 0.16, 0.2, 0.2, 0.16, 0.32, 0.2, 0.28, 0.4, 0.2, 0.56, 0.8, 0.4, 0.2, 0.28, 0.32, 0.28, 0.52, 0.68, 0.48, 0.96, 0.6, 0.76, 0.24, 0.48, 0.44, 0.4, 0.4, 0.44, 0.52, 0.92, 0.32, 0.28, 0.4, 0.68, 0.96, 0.52, 0.68, 0.88, 0.92, 0.64, 0.36, 0.8, 0.72, 0.4, 1.0, 1.32, 0.88, 0.96, 0.44, 0.56, 0.6, 0.56, 0.64, 0.4, 0.36, 0.56, 0.56, 1.64, 0.76, 1.04, 1.0, 0.76, 0.68, 0.76, 0.52, 0.68, 1.36, 0.64, 1.44, 1.16, 1.48, 1.08, 0.6, 0.84, 0.68, 0.68, 0.68, 0.4, 0.6, 0.72, 1.76, 1.16, 1.84, 1.36, 0.8, 0.6, 0.56, 0.6, 0.96, 1.48, 1.2, 1.6, 1.68, 1.44, 0.72, 0.92, 0.92, 0.76, 0.68, 1.0, 0.56, 0.96, 1.0, 1.64, 1.36, 1.76, 1.64, 1.8, 0.76, 0.72, 0.96, 0.6, 1.08, 0.76, 0.8, 1.52, 1.24, 1.64, 1.8, 1.6, 1.8, 1.64, 0.8, 1.0, 0.84, 0.76, 0.72, 1.08, 0.68, 1.68, 1.88, 0.92, 1.16, 1.72, 1.96, 1.2, 1.72, 2.0, 0.96, 1.24, 1.76, 1.24, 1.76, 1.32, 1.84, 1.88, 1.36, 1.36, 1.44, 1.8, 1.36, 1.96, 1.6, 0.84, 0.92, 2.0, 1.92, 0.96, 0.92, 1.0, 1.0, 1.36, 1.56, 1.28, 1.76, 1.48, 1.92, 2.04, 1.04, 1.12, 0.88, 0.96, 2.0, 0.92, 1.0, 2.08, 1.08, 2.08, 1.32, 2.08, 1.4, 1.6, 1.64, 1.64, 1.8, 2.92, 2.08, 2.16, 1.12, 0.92, 2.28, 1.04, 2.36, 1.32, 1.2, 1.28, 1.32, 1.6, 1.88, 2.04, 1.08, 2.28, 0.84, 0.84, 1.16, 1.2, 0.96, 1.16, 2.28, 1.16, 2.24, 2.28, 2.36, 1.2, 1.2, 2.08, 1.24, 1.24, 2.4, 2.4, 1.4, 2.12, 2.44, 2.48, 2.16, 1.64, 2.56, 2.16, 2.6, 2.2, 2.2, 1.84, 2.6, 1.68, 2.32, 2.56, 2.56, 2.56, 2.36, 2.64, 2.56, 2.6, 2.56, 2.4, 2.72, 2.8, 2.4, 2.92, 2.76, 2.84, 1.0, 1.12, 2.2, 2.44, 0.92, 3.0, 3.0, 2.28, 2.48, 2.32, 1.16, 3.04, 3.04, 1.48, 1.6, 2.48, 2.52, 1.12, 1.2, 1.2, 1.32, 3.08, 3.08, 2.56, 1.32, 1.16, 2.12, 3.12, 3.12, 1.72, 1.2, 1.2, 3.16, 3.16, 1.24, 1.28, 3.44, 3.2, 3.2, 2.52, 3.2, 3.64, 2.64, 2.4, 2.08, 3.64, 2.48, 3.64, 2.48, 2.28, 1.28, 1.48, 1.12, 1.12, 1.4, 1.16, 1.36, 2.52, 3.72, 1.28, 2.24, 2.4, 1.04, 2.6, 3.76, 2.56, 2.6, 2.52, 2.64, 2.52, 3.8, 2.68, 1.36, 2.64, 3.84, 2.64, 1.52, 1.24, 2.76, 2.72, 3.88, 1.84, 2.24, 2.8, 1.4, 2.76, 3.92]

ILAO*:
Tiempo requerido: 1.623
Nodos expandidos: 399

RLAO*:
Tiempo requerido: 1.252
Nodos expandidos: 1016

BLAO*:
Tiempo requerido: 2.726
Nodos expandidos: 1200

VI:
Tiempo requerido: 0.724
Numero de iteraciones: 91
-------------------------------------------------------
Problema 10
-------------------------------------------------------
LAO*:
Tiempo requerido: 11.787
Nodos expandidos: 367
Porcentajes del conjunto Z: [0.04, 0.08, 0.08, 0.12, 0.16, 0.2, 0.24, 0.28, 0.16, 0.12, 0.12, 0.24, 0.32, 0.36, 0.16, 0.2, 0.48, 0.16, 0.16, 0.2, 0.24, 0.52, 0.24, 0.28, 0.52, 0.6, 0.64, 0.2, 0.32, 0.24, 0.32, 0.6, 0.68, 0.76, 0.32, 0.28, 0.36, 0.56, 0.68, 0.8, 0.88, 0.24, 0.4, 0.44, 0.44, 0.36, 0.36, 0.92, 0.8, 0.96, 0.4, 0.56, 0.76, 0.96, 1.12, 1.16, 0.48, 0.36, 0.48, 0.52, 0.52, 0.44, 0.48, 0.88, 1.16, 1.24, 0.4, 0.52, 0.4, 0.6, 0.56, 0.52, 0.6, 0.8, 0.8, 1.08, 1.24, 1.32, 0.64, 0.48, 0.64, 0.68, 0.6, 0.48, 0.72, 0.56, 0.76, 0.64, 0.8, 0.96, 0.84, 0.84, 0.84, 0.92, 1.2, 1.0, 1.04, 1.36, 1.04, 1.12, 0.72, 0.48, 0.6, 0.48, 0.64, 0.68, 0.56, 0.68, 1.36, 0.88, 0.84, 1.2, 1.4, 1.56, 1.0, 1.6, 0.6, 0.6, 1.04, 0.72, 0.8, 0.8, 1.2, 1.2, 1.2, 0.64, 0.6, 1.24, 1.28, 1.28, 1.24, 0.92, 0.68, 1.36, 1.36, 1.28, 1.4, 1.44, 1.4, 0.88, 1.52, 1.44, 1.0, 1.76, 1.52, 1.52, 1.32, 1.56, 1.6, 1.56, 1.56, 1.68, 1.68, 1.6, 1.68, 1.72, 1.8, 1.8, 1.08, 1.76, 1.88, 1.8, 0.6, 0.52, 0.6, 0.52, 0.6, 1.92, 1.84, 1.84, 0.72, 0.72, 1.84, 1.2, 1.96, 0.76, 0.8, 1.88, 0.64, 1.88, 1.36, 1.92, 0.88, 1.96, 2.04, 1.36, 1.04, 1.08, 1.44, 2.16, 2.04, 2.08, 1.4, 2.08, 0.92, 1.64, 1.72, 1.44, 2.2, 2.04, 2.16, 2.08, 1.8, 2.28, 2.4, 2.2, 2.2, 1.8, 1.48, 2.44, 2.24, 2.28, 2.32, 1.72, 2.76, 1.8, 2.4, 2.52, 1.8, 2.88, 2.8, 2.44, 0.84, 0.88, 0.88, 1.28, 2.16, 1.32, 0.84, 3.0, 2.48, 1.88, 0.64, 1.24, 2.24, 0.68, 3.12, 2.28, 2.88, 0.96, 2.0, 2.52, 1.0, 1.12, 1.44, 2.64, 1.52, 2.68, 2.68, 1.8, 1.64, 1.4, 1.84, 2.56, 1.84, 0.96, 1.08, 0.76, 1.04, 5.08, 1.32, 0.68, 1.48, 0.96, 1.72, 1.56, 1.24, 2.0, 1.16, 1.56, 2.04, 2.56, 2.56, 1.56, 2.72, 2.28, 1.84, 2.76, 1.64, 1.88, 1.56, 1.88, 2.28, 1.88, 2.24, 1.6, 2.0, 1.96, 2.68, 0.68, 1.88, 1.04, 2.72, 0.72, 2.76, 2.76, 0.72, 1.24, 2.84, 2.84, 2.88, 1.36, 0.64, 0.68, 2.92, 2.96, 1.04, 2.04, 1.0, 3.08, 3.12, 3.12, 1.64, 1.48, 1.4, 3.12, 3.16, 3.24, 3.24, 1.88, 1.88, 3.4, 2.04, 3.28, 3.28, 2.4, 1.64, 3.4, 3.36, 2.72, 1.88, 2.68, 1.72, 3.48, 3.48, 3.48, 2.92, 2.8, 3.52, 3.56, 3.0, 2.04, 3.24, 1.12, 1.16, 1.08, 1.24, 1.12, 3.64, 3.64, 3.64, 1.16, 1.32, 3.68, 3.72, 0.92, 3.76, 1.0, 0.72, 3.76, 1.16, 1.28, 1.28, 3.8, 1.52, 2.24, 3.84]

ILAO*:
Tiempo requerido: 1.419
Nodos expandidos: 387

RLAO*:
Tiempo requerido: 0.808
Nodos expandidos: 1019

BLAO*:
Tiempo requerido: 0.717
Nodos expandidos: 815

VI:
Tiempo requerido: 0.687
Numero de iteraciones: 91
-------------------------------------------------------
