Problema 1
-------------------------------------------------------
LAO*:
Tiempo requerido: 8.424
Nodos expandidos: 104
Porcentajes del conjunto Z: [0.03, 0.06, 0.06, 0.06, 0.06, 0.08, 0.14, 0.17, 0.08, 0.17, 0.19, 0.22, 0.19, 0.25, 0.28, 0.22, 0.25, 0.31, 0.33, 0.36, 0.25, 0.31, 0.36, 0.42, 0.33, 0.44, 0.47, 0.36, 0.39, 0.5, 0.53, 0.42, 0.56, 0.58, 0.44, 0.47, 0.47, 0.58, 0.64, 0.64, 0.53, 0.69, 0.72, 0.56, 0.75, 0.78, 0.58, 0.58, 0.64, 0.81, 0.83, 0.67, 0.86, 0.86, 0.92, 0.69, 0.72, 0.94, 0.97, 0.97, 1.03, 1.06, 1.08, 1.11, 1.14, 0.75, 1.14, 1.19, 1.22, 1.25, 1.28, 1.03, 1.31, 1.08, 1.36, 1.39, 1.42, 1.44, 1.47, 1.5, 1.53, 1.56, 1.56, 1.61, 1.58, 1.06, 1.64, 1.67, 1.69, 1.72, 1.19, 0.78, 1.75, 0.81, 1.22, 1.78, 1.81, 1.83, 1.86, 1.86, 1.08, 1.97, 1.67, 2.0]

ILAO*:
Tiempo requerido: 1.492
Nodos expandidos: 104

RLAO*:
Tiempo requerido: 0.506
Nodos expandidos: 156

BLAO*:
Tiempo requerido: 0.897
Nodos expandidos: 151

VI:
Tiempo requerido: 0.753
Numero de iteraciones: 91
-------------------------------------------------------
Problema 2
-------------------------------------------------------
LAO*:
Tiempo requerido: 9.189
Nodos expandidos: 111
Porcentajes del conjunto Z: [0.03, 0.06, 0.06, 0.08, 0.11, 0.11, 0.08, 0.11, 0.17, 0.17, 0.19, 0.22, 0.25, 0.19, 0.22, 0.22, 0.31, 0.25, 0.33, 0.36, 0.39, 0.28, 0.39, 0.44, 0.47, 0.5, 0.53, 0.53, 0.31, 0.56, 0.58, 0.47, 0.56, 0.61, 0.69, 0.75, 0.33, 0.78, 0.78, 0.83, 0.36, 0.83, 0.89, 0.81, 0.83, 0.97, 0.39, 0.97, 1.0, 0.86, 1.03, 0.42, 1.08, 1.14, 0.44, 1.17, 1.19, 0.47, 1.22, 1.22, 1.28, 0.5, 1.31, 1.33, 0.53, 1.36, 1.39, 1.42, 1.44, 1.44, 1.47, 1.5, 1.53, 0.56, 1.56, 1.58, 1.61, 1.64, 1.42, 1.67, 1.47, 1.72, 1.47, 1.81, 1.81, 1.83, 1.86, 1.92, 1.94, 1.97, 2.0, 2.03, 2.06, 1.47, 2.08, 2.11, 2.14, 2.17, 2.19, 0.58, 2.19, 0.61, 2.22, 2.22, 2.28, 2.33, 2.36, 2.39, 1.47, 2.47, 2.5]

ILAO*:
Tiempo requerido: 1.611
Nodos expandidos: 113

RLAO*:
Tiempo requerido: 0.4
Nodos expandidos: 150

BLAO*:
Tiempo requerido: 0.947
Nodos expandidos: 148

VI:
Tiempo requerido: 0.719
Numero de iteraciones: 91
-------------------------------------------------------
Problema 3
-------------------------------------------------------
LAO*:
Tiempo requerido: 10.997
Nodos expandidos: 114
Porcentajes del conjunto Z: [0.03, 0.06, 0.06, 0.08, 0.11, 0.11, 0.08, 0.11, 0.17, 0.17, 0.11, 0.14, 0.22, 0.22, 0.14, 0.17, 0.28, 0.28, 0.17, 0.17, 0.31, 0.44, 0.33, 0.47, 0.5, 0.53, 0.56, 0.36, 0.39, 0.42, 0.5, 0.36, 0.44, 0.61, 0.64, 0.39, 0.42, 0.5, 0.64, 0.69, 0.61, 0.67, 0.75, 0.75, 0.81, 0.64, 0.67, 0.83, 0.67, 0.86, 0.69, 0.89, 0.69, 0.72, 0.75, 0.78, 0.86, 0.89, 0.92, 0.92, 0.97, 0.92, 0.92, 1.0, 1.03, 0.94, 0.94, 1.06, 1.08, 1.03, 1.11, 1.14, 1.17, 1.19, 1.19, 1.22, 1.25, 1.31, 1.06, 1.33, 1.36, 1.39, 1.39, 1.42, 1.44, 1.47, 1.5, 1.56, 1.17, 1.58, 1.22, 1.64, 1.67, 1.69, 1.72, 1.75, 1.78, 1.81, 1.83, 1.86, 1.25, 1.89, 1.92, 1.94, 1.08, 1.97, 2.0, 2.03, 1.44, 2.08, 2.11, 1.22, 2.19, 2.22]

ILAO*:
Tiempo requerido: 1.657
Nodos expandidos: 113

RLAO*:
Tiempo requerido: 0.606
Nodos expandidos: 158

BLAO*:
Tiempo requerido: 0.96
Nodos expandidos: 149

VI:
Tiempo requerido: 0.664
Numero de iteraciones: 91
-------------------------------------------------------
Problema 4
-------------------------------------------------------
LAO*:
Tiempo requerido: 9.402
Nodos expandidos: 107
Porcentajes del conjunto Z: [0.03, 0.06, 0.06, 0.06, 0.11, 0.14, 0.08, 0.08, 0.17, 0.11, 0.19, 0.11, 0.11, 0.11, 0.11, 0.31, 0.19, 0.25, 0.22, 0.31, 0.33, 0.28, 0.36, 0.36, 0.36, 0.31, 0.44, 0.5, 0.5, 0.39, 0.42, 0.56, 0.56, 0.58, 0.44, 0.61, 0.64, 0.67, 0.47, 0.69, 0.72, 0.5, 0.78, 0.78, 0.53, 0.81, 0.56, 0.86, 0.86, 0.58, 0.92, 0.94, 0.92, 0.61, 1.0, 1.0, 1.03, 0.64, 1.06, 1.03, 1.11, 1.14, 1.17, 1.19, 1.22, 1.25, 0.67, 0.69, 1.31, 1.33, 1.36, 1.39, 1.17, 1.42, 1.22, 1.47, 1.5, 1.53, 1.56, 1.56, 1.58, 1.61, 1.61, 1.06, 1.67, 1.67, 1.72, 1.22, 1.75, 1.75, 1.81, 1.78, 1.83, 1.81, 1.92, 0.69, 1.86, 0.72, 2.0, 2.03, 2.06, 2.08, 2.08, 2.14, 1.72, 1.22, 2.22]

ILAO*:
Tiempo requerido: 1.921
Nodos expandidos: 107

RLAO*:
Tiempo requerido: 0.577
Nodos expandidos: 140

BLAO*:
Tiempo requerido: 0.881
Nodos expandidos: 133

VI:
Tiempo requerido: 0.776
Numero de iteraciones: 91
-------------------------------------------------------
Problema 5
-------------------------------------------------------
LAO*:
Tiempo requerido: 9.892
Nodos expandidos: 108
Porcentajes del conjunto Z: [0.03, 0.06, 0.06, 0.06, 0.11, 0.11, 0.17, 0.08, 0.19, 0.22, 0.11, 0.25, 0.25, 0.31, 0.33, 0.36, 0.14, 0.31, 0.36, 0.28, 0.47, 0.17, 0.19, 0.47, 0.31, 0.56, 0.58, 0.22, 0.58, 0.64, 0.25, 0.28, 0.31, 0.67, 0.69, 0.33, 0.69, 0.75, 0.78, 0.36, 0.72, 0.81, 0.86, 0.39, 0.89, 0.92, 0.42, 0.44, 0.94, 0.94, 1.0, 0.47, 1.03, 1.06, 0.5, 0.53, 1.08, 1.11, 1.14, 1.17, 0.56, 0.58, 1.11, 1.17, 1.19, 1.22, 1.25, 1.28, 1.28, 1.31, 1.33, 1.39, 1.42, 1.44, 1.22, 1.47, 1.28, 1.5, 1.33, 1.56, 1.58, 1.61, 1.33, 0.58, 1.67, 0.64, 1.69, 1.72, 1.72, 1.78, 1.81, 1.25, 1.83, 1.39, 1.86, 1.89, 1.92, 1.94, 1.97, 1.97, 2.03, 2.06, 1.75, 2.08, 2.08, 2.14, 1.36, 2.22]

ILAO*:
Tiempo requerido: 1.311
Nodos expandidos: 109

RLAO*:
Tiempo requerido: 0.494
Nodos expandidos: 152

BLAO*:
Tiempo requerido: 0.705
Nodos expandidos: 151

VI:
Tiempo requerido: 0.623
Numero de iteraciones: 91
-------------------------------------------------------
Problema 6
-------------------------------------------------------
LAO*:
Tiempo requerido: 8.691
Nodos expandidos: 108
Porcentajes del conjunto Z: [0.03, 0.06, 0.06, 0.11, 0.08, 0.11, 0.17, 0.11, 0.19, 0.19, 0.25, 0.28, 0.31, 0.14, 0.17, 0.28, 0.22, 0.39, 0.17, 0.22, 0.42, 0.44, 0.25, 0.47, 0.5, 0.28, 0.5, 0.56, 0.58, 0.61, 0.31, 0.53, 0.61, 0.67, 0.61, 0.69, 0.75, 0.33, 0.56, 0.58, 0.83, 0.89, 0.36, 0.86, 0.94, 0.39, 0.97, 0.39, 0.89, 0.92, 1.03, 0.42, 1.08, 0.47, 1.11, 1.14, 0.5, 1.17, 1.17, 1.22, 0.53, 1.25, 1.28, 0.56, 1.31, 1.33, 1.36, 1.39, 1.42, 1.42, 1.47, 1.5, 0.58, 0.61, 0.61, 1.53, 1.53, 1.58, 1.61, 1.64, 1.36, 1.67, 1.42, 1.72, 1.75, 1.78, 1.81, 0.61, 1.83, 1.86, 1.89, 1.92, 1.94, 1.94, 2.0, 1.44, 2.03, 2.06, 2.08, 2.11, 0.69, 2.14, 2.17, 2.19, 2.22, 1.42, 2.31, 2.33]

ILAO*:
Tiempo requerido: 1.485
Nodos expandidos: 107

RLAO*:
Tiempo requerido: 0.417
Nodos expandidos: 141

BLAO*:
Tiempo requerido: 0.774
Nodos expandidos: 136

VI:
Tiempo requerido: 0.688
Numero de iteraciones: 91
-------------------------------------------------------
Problema 7
-------------------------------------------------------
LAO*:
Tiempo requerido: 9.26
Nodos expandidos: 115
Porcentajes del conjunto Z: [0.03, 0.06, 0.06, 0.08, 0.11, 0.11, 0.17, 0.08, 0.17, 0.22, 0.11, 0.25, 0.25, 0.31, 0.14, 0.33, 0.28, 0.36, 0.17, 0.19, 0.39, 0.31, 0.33, 0.5, 0.22, 0.25, 0.53, 0.56, 0.28, 0.58, 0.58, 0.64, 0.31, 0.67, 0.61, 0.69, 0.33, 0.33, 0.39, 0.72, 0.64, 0.39, 0.75, 0.44, 0.44, 0.78, 0.81, 0.67, 0.69, 0.5, 0.53, 0.92, 0.97, 0.56, 1.0, 1.03, 0.58, 1.06, 1.08, 1.08, 0.61, 1.08, 1.17, 1.14, 1.22, 0.64, 1.11, 1.25, 1.31, 1.33, 1.36, 1.39, 1.42, 1.44, 1.47, 1.5, 1.53, 1.56, 1.56, 1.58, 1.61, 1.33, 1.67, 1.69, 1.67, 1.75, 1.75, 1.83, 1.86, 0.67, 1.89, 1.92, 1.94, 1.97, 1.97, 2.03, 1.61, 1.36, 2.08, 2.11, 2.14, 2.14, 2.19, 2.22, 2.22, 2.25, 2.28, 2.33, 2.36, 2.36, 2.39, 2.39, 2.44, 2.5, 2.53]

ILAO*:
Tiempo requerido: 1.326
Nodos expandidos: 115

RLAO*:
Tiempo requerido: 0.541
Nodos expandidos: 165

BLAO*:
Tiempo requerido: 0.692
Nodos expandidos: 144

VI:
Tiempo requerido: 0.654
Numero de iteraciones: 91
-------------------------------------------------------
Problema 8
-------------------------------------------------------
LAO*:
Tiempo requerido: 10.735
Nodos expandidos: 122
Porcentajes del conjunto Z: [0.03, 0.06, 0.06, 0.11, 0.08, 0.08, 0.17, 0.19, 0.14, 0.22, 0.25, 0.22, 0.28, 0.17, 0.33, 0.36, 0.25, 0.31, 0.39, 0.19, 0.28, 0.39, 0.47, 0.28, 0.33, 0.44, 0.53, 0.22, 0.53, 0.58, 0.36, 0.39, 0.61, 0.25, 0.28, 0.61, 0.67, 0.39, 0.42, 0.42, 0.44, 0.69, 0.31, 0.72, 0.44, 0.56, 1.08, 0.33, 0.36, 1.11, 1.14, 1.14, 0.36, 1.19, 0.42, 1.19, 0.39, 1.25, 0.47, 1.28, 1.31, 1.33, 1.36, 0.5, 1.31, 1.42, 0.53, 1.44, 1.44, 1.5, 0.56, 0.58, 1.53, 1.56, 1.47, 1.58, 1.64, 0.61, 1.64, 1.61, 1.72, 0.64, 1.69, 1.78, 1.81, 1.83, 1.86, 1.89, 1.89, 1.92, 1.94, 2.0, 2.03, 2.03, 1.64, 2.11, 1.83, 2.17, 2.19, 2.22, 2.25, 2.25, 2.31, 0.67, 2.33, 2.36, 2.39, 2.42, 1.86, 2.44, 2.47, 2.5, 2.53, 2.56, 2.58, 2.61, 2.64, 2.64, 2.69, 2.72, 2.75, 2.78]

ILAO*:
Tiempo requerido: 1.666
Nodos expandidos: 124

RLAO*:
Tiempo requerido: 0.757
Nodos expandidos: 162

BLAO*:
Tiempo requerido: 0.977
Nodos expandidos: 151

VI:
Tiempo requerido: 0.691
Numero de iteraciones: 91
-------------------------------------------------------
Problema 9
-------------------------------------------------------
LAO*:
Tiempo requerido: 10.028
Nodos expandidos: 118
Porcentajes del conjunto Z: [0.03, 0.06, 0.06, 0.08, 0.08, 0.14, 0.17, 0.19, 0.22, 0.08, 0.11, 0.17, 0.28, 0.11, 0.11, 0.28, 0.14, 0.17, 0.22, 0.39, 0.19, 0.33, 0.44, 0.17, 0.19, 0.19, 0.25, 0.47, 0.36, 0.5, 0.56, 0.22, 0.28, 0.31, 0.75, 0.81, 0.83, 0.86, 0.86, 0.89, 0.89, 0.81, 0.86, 0.97, 0.25, 0.86, 1.0, 0.92, 1.0, 1.17, 0.28, 1.03, 1.22, 0.31, 1.25, 1.28, 0.33, 1.31, 0.36, 0.39, 1.33, 1.36, 0.42, 1.39, 1.42, 0.44, 0.44, 1.44, 0.47, 1.47, 0.5, 1.5, 0.5, 1.53, 0.53, 1.56, 1.58, 1.61, 1.61, 1.67, 1.69, 1.72, 1.72, 0.53, 1.78, 1.81, 1.83, 1.86, 1.58, 1.89, 1.67, 1.92, 1.72, 1.97, 2.0, 2.03, 0.64, 2.06, 2.08, 2.08, 2.14, 2.11, 2.19, 2.22, 1.61, 2.25, 2.25, 2.31, 1.78, 2.33, 2.36, 2.39, 2.42, 2.44, 2.47, 2.5, 2.53, 2.56]

ILAO*:
Tiempo requerido: 1.398
Nodos expandidos: 117

RLAO*:
Tiempo requerido: 0.441
Nodos expandidos: 175

BLAO*:
Tiempo requerido: 0.767
Nodos expandidos: 175

VI:
Tiempo requerido: 0.818
Numero de iteraciones: 91
-------------------------------------------------------
Problema 10
-------------------------------------------------------
LAO*:
Tiempo requerido: 9.637
Nodos expandidos: 116
Porcentajes del conjunto Z: [0.03, 0.06, 0.06, 0.08, 0.06, 0.11, 0.14, 0.11, 0.11, 0.11, 0.14, 0.17, 0.17, 0.22, 0.25, 0.28, 0.17, 0.11, 0.17, 0.22, 0.25, 0.33, 0.39, 0.42, 0.31, 0.28, 0.5, 0.19, 0.44, 0.5, 0.33, 0.33, 0.36, 0.39, 0.42, 0.58, 0.33, 0.47, 0.53, 0.58, 0.61, 0.67, 0.5, 0.64, 0.64, 0.72, 0.75, 0.53, 0.69, 0.75, 0.67, 0.61, 0.92, 0.92, 0.69, 1.0, 0.97, 0.72, 1.0, 0.75, 0.78, 1.08, 1.06, 0.81, 0.83, 1.14, 1.11, 0.86, 0.89, 1.19, 1.17, 0.92, 0.94, 1.25, 1.28, 1.22, 0.97, 1.33, 1.36, 1.39, 1.42, 1.44, 1.42, 1.44, 1.47, 1.5, 1.53, 1.31, 1.58, 1.61, 1.64, 1.64, 1.69, 1.67, 1.72, 1.69, 1.0, 1.03, 1.86, 1.89, 1.92, 1.94, 1.39, 1.97, 2.0, 2.03, 2.06, 2.08, 2.08, 2.08, 2.11, 2.14, 2.17, 2.19, 2.22, 2.25]

ILAO*:
Tiempo requerido: 1.297
Nodos expandidos: 116

RLAO*:
Tiempo requerido: 0.571
Nodos expandidos: 162

BLAO*:
Tiempo requerido: 0.885
Nodos expandidos: 162

VI:
Tiempo requerido: 0.629
Numero de iteraciones: 91
-------------------------------------------------------
