Problema 1
-------------------------------------------------------
LAO*:
Tiempo requerido: 29.329
Iteraciones requeridas: 161
Nodos expandidos: 161
Porcentajes del conjunto Z: [0.02, 0.03, 0.03, 0.05, 0.05, 0.06, 0.08, 0.05, 0.08, 0.09, 0.06, 0.11, 0.09, 0.12, 0.14, 0.08, 0.16, 0.14, 0.17, 0.19, 0.16, 0.22, 0.16, 0.23, 0.25, 0.17, 0.25, 0.28, 0.3, 0.31, 0.33, 0.19, 0.19, 0.22, 0.34, 0.36, 0.22, 0.23, 0.38, 0.39, 0.23, 0.25, 0.39, 0.42, 0.42, 0.45, 0.3, 0.47, 0.48, 0.41, 0.5, 0.42, 0.44, 0.31, 0.52, 0.44, 0.45, 0.53, 0.45, 0.33, 0.58, 0.47, 0.66, 0.69, 0.34, 0.7, 0.72, 0.36, 0.73, 0.73, 0.77, 0.38, 0.39, 0.78, 0.8, 0.81, 0.83, 0.84, 0.39, 0.42, 0.8, 0.88, 0.89, 0.44, 0.81, 0.86, 0.94, 0.95, 0.45, 0.83, 0.98, 1.0, 0.47, 1.02, 1.03, 0.48, 1.05, 1.06, 1.08, 1.09, 1.11, 1.12, 1.14, 1.16, 1.17, 1.19, 0.5, 0.52, 1.06, 1.22, 1.22, 1.25, 1.27, 1.28, 1.28, 1.31, 1.33, 1.34, 1.34, 1.36, 1.38, 1.38, 1.38, 1.42, 1.06, 1.42, 1.23, 1.44, 1.25, 1.45, 1.47, 1.48, 1.5, 1.52, 1.53, 1.36, 1.56, 1.56, 1.58, 1.61, 1.41, 0.53, 1.67, 1.69, 1.69, 1.72, 1.27, 1.78, 1.8, 1.81, 1.81, 1.83, 1.84, 1.84, 1.86, 1.91, 1.88, 1.94, 1.09, 1.95, 1.97]

ILAO*:
Tiempo requerido: 3.991
Iteraciones requeridas: 161
Nodos expandidos: 161

RLAO*:
Tiempo requerido: 1.145
Iteraciones requeridas: 107
Nodos expandidos: 216

BLAO*:
Tiempo requerido: 2.37
Iteraciones requeridas: 74
Nodos expandidos: 204

VI:
Tiempo requerido: 1.228
Iteraciones requeridas: 91

Problema 2
-------------------------------------------------------
LAO*:
Tiempo requerido: 28.326
Iteraciones requeridas: 164
Nodos expandidos: 164
Porcentajes del conjunto Z: [0.02, 0.03, 0.05, 0.03, 0.06, 0.05, 0.09, 0.05, 0.11, 0.12, 0.14, 0.16, 0.12, 0.17, 0.06, 0.2, 0.14, 0.23, 0.08, 0.25, 0.16, 0.27, 0.09, 0.28, 0.17, 0.3, 0.11, 0.31, 0.33, 0.34, 0.19, 0.36, 0.12, 0.38, 0.2, 0.22, 0.42, 0.48, 0.5, 0.14, 0.14, 0.17, 0.19, 0.48, 0.53, 0.55, 0.56, 0.16, 0.19, 0.2, 0.58, 0.56, 0.25, 0.61, 0.62, 0.64, 0.27, 0.27, 0.3, 0.66, 0.67, 0.31, 0.69, 0.7, 0.72, 0.73, 0.33, 0.75, 0.77, 0.78, 0.34, 0.8, 0.81, 0.36, 0.83, 0.84, 0.38, 0.39, 0.86, 0.88, 0.39, 0.89, 0.41, 0.44, 0.91, 0.92, 0.94, 0.42, 0.42, 0.48, 0.95, 0.97, 0.44, 0.52, 0.98, 0.53, 1.0, 0.55, 1.02, 1.03, 1.03, 1.05, 1.06, 1.06, 1.11, 1.08, 1.14, 1.16, 1.17, 1.19, 1.2, 1.02, 0.55, 1.22, 1.22, 1.03, 1.27, 1.27, 1.3, 1.3, 1.33, 1.33, 1.09, 1.36, 1.38, 1.39, 1.41, 1.42, 1.44, 0.56, 1.44, 1.45, 0.58, 1.47, 1.06, 1.48, 1.5, 1.5, 1.53, 1.53, 1.11, 1.59, 1.61, 1.62, 1.62, 1.64, 1.67, 1.69, 1.05, 1.53, 1.77, 1.78, 1.8, 1.81, 1.83, 1.84, 1.86, 1.88, 1.89, 1.89, 1.89, 0.61, 1.91, 1.92]

ILAO*:
Tiempo requerido: 4.072
Iteraciones requeridas: 163
Nodos expandidos: 163

RLAO*:
Tiempo requerido: 1.275
Iteraciones requeridas: 101
Nodos expandidos: 216

BLAO*:
Tiempo requerido: 2.288
Iteraciones requeridas: 80
Nodos expandidos: 216

VI:
Tiempo requerido: 1.199
Iteraciones requeridas: 91

Problema 3
-------------------------------------------------------
LAO*:
Tiempo requerido: 30.387
Iteraciones requeridas: 162
Nodos expandidos: 162
Porcentajes del conjunto Z: [0.02, 0.03, 0.05, 0.03, 0.05, 0.06, 0.08, 0.06, 0.09, 0.11, 0.12, 0.14, 0.08, 0.16, 0.12, 0.19, 0.2, 0.09, 0.11, 0.2, 0.23, 0.25, 0.27, 0.28, 0.23, 0.27, 0.33, 0.12, 0.27, 0.34, 0.38, 0.14, 0.14, 0.17, 0.39, 0.41, 0.16, 0.2, 0.19, 0.42, 0.44, 0.22, 0.2, 0.45, 0.47, 0.23, 0.48, 0.22, 0.5, 0.25, 0.52, 0.23, 0.5, 0.22, 0.55, 0.34, 0.56, 0.58, 0.36, 0.59, 0.61, 0.38, 0.62, 0.62, 0.66, 0.39, 0.41, 0.67, 0.69, 0.7, 0.42, 0.72, 0.7, 0.75, 0.44, 0.77, 0.78, 0.72, 0.81, 0.45, 0.83, 0.81, 0.86, 0.47, 0.48, 0.88, 0.89, 0.91, 0.83, 0.92, 0.5, 0.84, 0.94, 0.84, 0.86, 0.89, 0.52, 1.03, 0.52, 0.53, 0.55, 1.05, 1.06, 1.08, 1.09, 1.09, 1.11, 1.14, 1.16, 1.17, 1.17, 1.2, 1.22, 1.23, 0.55, 0.58, 0.61, 1.06, 1.27, 1.27, 1.3, 1.31, 1.31, 1.34, 1.36, 1.38, 1.2, 1.39, 1.39, 1.22, 1.44, 1.45, 1.47, 1.06, 1.48, 1.5, 1.5, 1.53, 1.55, 1.56, 1.58, 1.59, 1.61, 1.62, 1.64, 0.59, 0.64, 1.31, 1.67, 1.69, 1.7, 1.72, 1.73, 1.75, 1.77, 1.47, 1.81, 1.83, 1.09, 1.84, 1.86, 1.88]

ILAO*:
Tiempo requerido: 4.023
Iteraciones requeridas: 162
Nodos expandidos: 162

RLAO*:
Tiempo requerido: 1.427
Iteraciones requeridas: 104
Nodos expandidos: 225

BLAO*:
Tiempo requerido: 2.31
Iteraciones requeridas: 78
Nodos expandidos: 218

VI:
Tiempo requerido: 1.22
Iteraciones requeridas: 91

Problema 4
-------------------------------------------------------
LAO*:
Tiempo requerido: 27.651
Iteraciones requeridas: 145
Nodos expandidos: 145
Porcentajes del conjunto Z: [0.02, 0.03, 0.05, 0.03, 0.05, 0.05, 0.08, 0.09, 0.06, 0.11, 0.09, 0.14, 0.08, 0.14, 0.17, 0.11, 0.19, 0.09, 0.2, 0.12, 0.25, 0.27, 0.11, 0.28, 0.3, 0.12, 0.14, 0.31, 0.33, 0.16, 0.34, 0.36, 0.17, 0.19, 0.38, 0.39, 0.19, 0.22, 0.41, 0.23, 0.42, 0.42, 0.45, 0.25, 0.47, 0.44, 0.5, 0.27, 0.27, 0.3, 0.52, 0.28, 0.53, 0.3, 0.34, 0.55, 0.56, 0.31, 0.38, 0.36, 0.56, 0.59, 0.59, 0.62, 0.41, 0.64, 0.64, 0.67, 0.42, 0.69, 0.7, 0.72, 0.73, 0.44, 0.45, 0.75, 0.72, 0.78, 0.47, 0.8, 0.73, 0.83, 0.48, 0.5, 0.84, 0.52, 0.86, 0.88, 0.89, 0.91, 0.92, 0.94, 0.95, 0.95, 0.98, 1.0, 1.02, 1.03, 0.53, 0.89, 1.06, 1.06, 1.09, 1.11, 1.12, 1.12, 1.16, 0.98, 1.17, 1.19, 1.2, 1.2, 1.23, 0.89, 1.25, 1.27, 1.28, 1.28, 1.31, 1.33, 1.34, 1.36, 1.38, 1.38, 1.41, 1.41, 1.44, 0.55, 1.45, 1.47, 1.3, 1.48, 1.5, 1.52, 1.0, 1.53, 1.53, 1.56, 1.58, 1.22, 1.59, 0.92, 1.61, 1.62, 1.64]

ILAO*:
Tiempo requerido: 4.631
Iteraciones requeridas: 149
Nodos expandidos: 149

RLAO*:
Tiempo requerido: 1.704
Iteraciones requeridas: 106
Nodos expandidos: 205

BLAO*:
Tiempo requerido: 2.642
Iteraciones requeridas: 73
Nodos expandidos: 193

VI:
Tiempo requerido: 1.155
Iteraciones requeridas: 91

Problema 5
-------------------------------------------------------
LAO*:
Tiempo requerido: 33.146
Iteraciones requeridas: 185
Nodos expandidos: 185
Porcentajes del conjunto Z: [0.02, 0.03, 0.03, 0.05, 0.03, 0.03, 0.09, 0.11, 0.12, 0.14, 0.16, 0.17, 0.05, 0.05, 0.11, 0.2, 0.22, 0.06, 0.06, 0.19, 0.28, 0.3, 0.31, 0.33, 0.34, 0.36, 0.38, 0.08, 0.39, 0.41, 0.42, 0.09, 0.44, 0.45, 0.11, 0.12, 0.47, 0.48, 0.12, 0.16, 0.5, 0.52, 0.53, 0.53, 0.17, 0.55, 0.58, 0.53, 0.61, 0.19, 0.62, 0.55, 0.2, 0.66, 0.66, 0.69, 0.7, 0.22, 0.23, 0.72, 0.73, 0.23, 0.27, 0.75, 0.77, 0.78, 0.28, 0.77, 0.81, 0.8, 0.84, 0.3, 0.78, 0.88, 0.89, 0.91, 0.92, 0.91, 0.31, 0.92, 0.94, 0.94, 1.0, 0.33, 0.98, 1.03, 1.05, 0.34, 0.36, 1.06, 1.06, 1.09, 0.36, 0.39, 1.09, 1.12, 1.08, 1.14, 1.17, 0.41, 1.12, 1.19, 1.22, 1.09, 0.42, 1.25, 0.44, 1.27, 1.28, 1.3, 1.31, 1.33, 1.33, 1.34, 1.36, 1.36, 1.38, 1.23, 1.39, 1.39, 1.25, 1.42, 1.42, 1.27, 1.47, 1.48, 1.48, 1.5, 1.53, 1.55, 1.56, 1.36, 1.58, 1.11, 1.12, 1.59, 1.61, 1.61, 1.62, 0.45, 1.64, 0.45, 1.64, 0.47, 1.66, 1.31, 1.67, 1.67, 1.69, 1.7, 1.7, 1.72, 1.72, 1.73, 1.73, 1.36, 1.81, 1.75, 1.84, 1.39, 1.14, 1.92, 1.31, 1.94, 1.38, 2.02, 2.02, 2.05, 2.06, 2.06, 2.09, 2.11, 2.12, 2.12, 2.16, 1.53, 2.17, 2.19, 2.14, 0.47, 0.48, 1.72, 2.2, 2.2, 2.23]

ILAO*:
Tiempo requerido: 5.5
Iteraciones requeridas: 184
Nodos expandidos: 184

RLAO*:
Tiempo requerido: 0.593
Iteraciones requeridas: 101
Nodos expandidos: 249

BLAO*:
Tiempo requerido: 2.623
Iteraciones requeridas: 78
Nodos expandidos: 247

VI:
Tiempo requerido: 1.169
Iteraciones requeridas: 91

Problema 6
-------------------------------------------------------
LAO*:
Tiempo requerido: 27.583
Iteraciones requeridas: 143
Nodos expandidos: 143
Porcentajes del conjunto Z: [0.02, 0.03, 0.05, 0.03, 0.06, 0.08, 0.05, 0.09, 0.11, 0.06, 0.08, 0.11, 0.14, 0.16, 0.16, 0.19, 0.08, 0.09, 0.2, 0.22, 0.23, 0.12, 0.11, 0.16, 0.2, 0.27, 0.28, 0.12, 0.19, 0.16, 0.3, 0.31, 0.31, 0.34, 0.22, 0.36, 0.38, 0.23, 0.25, 0.39, 0.41, 0.42, 0.25, 0.28, 0.44, 0.42, 0.3, 0.47, 0.48, 0.31, 0.5, 0.52, 0.33, 0.53, 0.55, 0.34, 0.36, 0.56, 0.58, 0.38, 0.59, 0.61, 0.39, 0.39, 0.42, 0.44, 0.45, 0.62, 0.45, 0.64, 0.48, 0.66, 0.67, 0.5, 0.69, 0.7, 0.52, 0.7, 0.73, 0.73, 0.77, 0.53, 0.77, 0.8, 0.55, 0.81, 0.83, 0.84, 0.86, 0.86, 0.89, 0.91, 0.92, 0.94, 0.94, 0.97, 0.98, 1.0, 0.56, 0.84, 1.03, 1.05, 1.05, 1.08, 1.09, 1.11, 1.12, 1.14, 1.16, 1.16, 1.19, 0.84, 1.2, 1.2, 1.23, 1.25, 1.27, 1.28, 1.3, 1.3, 1.33, 1.34, 1.36, 1.38, 0.58, 0.59, 1.22, 1.39, 1.23, 1.41, 1.42, 1.44, 1.45, 1.47, 1.48, 1.5, 1.52, 0.88, 0.89, 1.53, 1.25, 1.55, 1.56]

ILAO*:
Tiempo requerido: 4.086
Iteraciones requeridas: 143
Nodos expandidos: 143

RLAO*:
Tiempo requerido: 1.523
Iteraciones requeridas: 106
Nodos expandidos: 208

BLAO*:
Tiempo requerido: 2.447
Iteraciones requeridas: 73
Nodos expandidos: 189

VI:
Tiempo requerido: 1.114
Iteraciones requeridas: 91

Problema 7
-------------------------------------------------------
LAO*:
Tiempo requerido: 31.275
Iteraciones requeridas: 159
Nodos expandidos: 159
Porcentajes del conjunto Z: [0.02, 0.03, 0.03, 0.05, 0.03, 0.06, 0.08, 0.05, 0.08, 0.09, 0.11, 0.12, 0.11, 0.14, 0.14, 0.14, 0.2, 0.09, 0.22, 0.23, 0.11, 0.12, 0.19, 0.27, 0.28, 0.12, 0.14, 0.17, 0.19, 0.3, 0.31, 0.17, 0.22, 0.33, 0.34, 0.17, 0.25, 0.36, 0.38, 0.27, 0.39, 0.41, 0.42, 0.28, 0.44, 0.3, 0.45, 0.47, 0.48, 0.31, 0.47, 0.33, 0.5, 0.53, 0.55, 0.48, 0.34, 0.58, 0.59, 0.61, 0.36, 0.38, 0.62, 0.64, 0.66, 0.39, 0.64, 0.67, 0.7, 0.72, 0.41, 0.66, 0.73, 0.75, 0.42, 0.42, 0.45, 0.67, 0.78, 0.81, 0.83, 0.45, 0.81, 0.86, 0.45, 0.47, 0.5, 0.8, 0.89, 0.91, 0.47, 0.48, 0.52, 0.92, 0.94, 0.58, 0.95, 0.59, 0.97, 0.97, 1.0, 1.02, 1.03, 1.05, 1.06, 1.08, 1.09, 1.11, 1.12, 1.14, 0.61, 0.62, 1.02, 1.17, 1.19, 1.2, 1.22, 1.23, 1.25, 1.27, 1.28, 1.3, 1.3, 1.33, 0.62, 1.03, 1.34, 0.64, 1.36, 1.36, 0.66, 1.39, 1.41, 1.42, 1.44, 1.45, 1.47, 1.48, 0.64, 1.48, 1.52, 1.53, 1.55, 0.69, 1.56, 0.7, 1.58, 0.72, 1.59, 0.73, 1.61, 0.75, 1.62, 1.64, 1.05, 1.66, 1.67, 0.66, 1.69]

ILAO*:
Tiempo requerido: 4.687
Iteraciones requeridas: 160
Nodos expandidos: 160

RLAO*:
Tiempo requerido: 1.364
Iteraciones requeridas: 109
Nodos expandidos: 219

BLAO*:
Tiempo requerido: 2.754
Iteraciones requeridas: 86
Nodos expandidos: 206

VI:
Tiempo requerido: 1.166
Iteraciones requeridas: 91

Problema 8
-------------------------------------------------------
LAO*:
Tiempo requerido: 28.05
Iteraciones requeridas: 154
Nodos expandidos: 154
Porcentajes del conjunto Z: [0.02, 0.03, 0.03, 0.05, 0.06, 0.08, 0.09, 0.06, 0.11, 0.05, 0.09, 0.12, 0.08, 0.12, 0.2, 0.06, 0.06, 0.09, 0.22, 0.09, 0.23, 0.09, 0.11, 0.14, 0.25, 0.12, 0.25, 0.28, 0.11, 0.17, 0.3, 0.27, 0.33, 0.34, 0.36, 0.38, 0.22, 0.39, 0.41, 0.23, 0.42, 0.42, 0.45, 0.25, 0.47, 0.48, 0.27, 0.5, 0.52, 0.53, 0.52, 0.28, 0.28, 0.31, 0.56, 0.58, 0.3, 0.34, 0.59, 0.61, 0.36, 0.61, 0.64, 0.64, 0.67, 0.38, 0.62, 0.7, 0.72, 0.39, 0.72, 0.75, 0.77, 0.41, 0.78, 0.8, 0.42, 0.44, 0.81, 0.83, 0.45, 0.84, 0.86, 0.86, 0.89, 0.47, 0.48, 0.91, 0.92, 0.48, 0.52, 0.94, 0.94, 0.97, 0.5, 0.55, 0.98, 1.0, 1.02, 1.02, 1.05, 1.06, 1.08, 1.09, 1.09, 1.12, 0.95, 1.16, 1.17, 0.56, 1.02, 1.2, 1.22, 1.06, 1.25, 1.27, 1.27, 1.3, 1.31, 1.33, 1.34, 1.36, 1.02, 1.38, 1.38, 1.39, 1.41, 1.41, 1.41, 1.47, 1.48, 1.5, 1.52, 1.16, 1.55, 1.56, 1.58, 1.59, 0.58, 1.61, 1.62, 1.64, 1.66, 1.66, 1.69, 1.7, 1.72, 1.73, 1.73, 1.77, 1.05, 1.78, 1.8, 1.81]

ILAO*:
Tiempo requerido: 4.018
Iteraciones requeridas: 153
Nodos expandidos: 153

RLAO*:
Tiempo requerido: 0.927
Iteraciones requeridas: 113
Nodos expandidos: 220

BLAO*:
Tiempo requerido: 2.206
Iteraciones requeridas: 74
Nodos expandidos: 197

VI:
Tiempo requerido: 1.243
Iteraciones requeridas: 91

Problema 9
-------------------------------------------------------
LAO*:
Tiempo requerido: 28.228
Iteraciones requeridas: 136
Nodos expandidos: 136
Porcentajes del conjunto Z: [0.02, 0.03, 0.05, 0.03, 0.03, 0.06, 0.08, 0.08, 0.06, 0.08, 0.09, 0.14, 0.14, 0.12, 0.17, 0.17, 0.14, 0.2, 0.2, 0.16, 0.23, 0.25, 0.25, 0.17, 0.28, 0.28, 0.19, 0.31, 0.33, 0.33, 0.2, 0.36, 0.36, 0.22, 0.38, 0.39, 0.39, 0.23, 0.44, 0.44, 0.45, 0.25, 0.25, 0.28, 0.48, 0.48, 0.3, 0.52, 0.52, 0.31, 0.55, 0.55, 0.33, 0.58, 0.58, 0.34, 0.36, 0.61, 0.59, 0.62, 0.36, 0.39, 0.66, 0.61, 0.66, 0.41, 0.69, 0.62, 0.69, 0.42, 0.7, 0.73, 0.64, 0.78, 0.44, 0.81, 0.45, 0.83, 0.83, 0.84, 0.86, 0.88, 0.89, 0.91, 0.92, 0.94, 0.94, 0.97, 0.97, 1.0, 1.0, 0.47, 0.84, 1.03, 1.06, 0.88, 1.09, 1.11, 1.11, 1.14, 1.16, 1.17, 1.19, 1.19, 1.2, 1.23, 1.25, 0.86, 1.25, 1.27, 1.28, 1.11, 1.31, 1.33, 1.34, 1.36, 1.36, 1.39, 1.41, 0.86, 0.48, 1.47, 1.48, 1.5, 1.52, 1.53, 1.55, 1.56, 1.58, 1.59, 1.58, 1.56, 1.59, 1.59, 1.62, 1.64]

ILAO*:
Tiempo requerido: 4.344
Iteraciones requeridas: 136
Nodos expandidos: 136

RLAO*:
Tiempo requerido: 0.949
Iteraciones requeridas: 104
Nodos expandidos: 195

BLAO*:
Tiempo requerido: 2.451
Iteraciones requeridas: 65
Nodos expandidos: 173

VI:
Tiempo requerido: 1.304
Iteraciones requeridas: 91

Problema 10
-------------------------------------------------------
LAO*:
Tiempo requerido: 29.213
Iteraciones requeridas: 168
Nodos expandidos: 168
Porcentajes del conjunto Z: [0.02, 0.03, 0.05, 0.03, 0.05, 0.08, 0.09, 0.05, 0.09, 0.14, 0.05, 0.12, 0.17, 0.11, 0.2, 0.06, 0.22, 0.12, 0.23, 0.08, 0.14, 0.28, 0.3, 0.31, 0.09, 0.33, 0.34, 0.11, 0.12, 0.36, 0.36, 0.39, 0.12, 0.14, 0.16, 0.17, 0.19, 0.39, 0.42, 0.38, 0.44, 0.16, 0.16, 0.2, 0.45, 0.39, 0.41, 0.47, 0.17, 0.23, 0.41, 0.44, 0.48, 0.5, 0.52, 0.53, 0.55, 0.56, 0.45, 0.3, 0.5, 0.31, 0.58, 0.53, 0.59, 0.47, 0.31, 0.34, 0.75, 0.77, 0.36, 0.78, 0.8, 0.38, 0.8, 0.83, 0.84, 0.39, 0.41, 0.86, 0.88, 0.42, 0.89, 0.91, 0.92, 0.44, 0.94, 0.95, 0.45, 0.97, 0.97, 1.0, 0.47, 1.02, 1.03, 0.48, 0.5, 1.05, 0.5, 1.06, 0.5, 0.53, 0.55, 0.56, 1.08, 1.09, 1.11, 1.11, 1.12, 1.14, 1.17, 1.16, 1.2, 1.2, 1.23, 1.23, 1.27, 1.28, 1.08, 0.59, 1.3, 1.11, 1.33, 1.34, 1.36, 1.38, 1.39, 1.39, 1.41, 1.42, 1.42, 1.45, 1.44, 1.48, 1.5, 1.52, 1.11, 1.53, 1.53, 1.56, 1.56, 1.59, 1.61, 1.62, 1.64, 1.41, 1.66, 1.67, 1.69, 1.11, 0.61, 1.73, 1.75, 1.77, 1.77, 1.8, 1.81, 1.83, 1.83, 1.86, 1.47, 1.84, 1.52, 1.91, 1.89, 1.91, 1.92, 1.94]

ILAO*:
Tiempo requerido: 4.32
Iteraciones requeridas: 168
Nodos expandidos: 168

RLAO*:
Tiempo requerido: 1.387
Iteraciones requeridas: 102
Nodos expandidos: 221

BLAO*:
Tiempo requerido: 2.55
Iteraciones requeridas: 82
Nodos expandidos: 221

VI:
Tiempo requerido: 1.315
Iteraciones requeridas: 91

Media tiempo LAO: 29.319
Media iteraciones LAO: 157.7
Media expansiones LAO: 157.7

Media tiempo RLAO: 1.229
Media iteraciones RLAO: 105.3
Media expansiones RLAO: 217.4

Media tiempo ILAO: 4.367
Media iteraciones ILAO: 157.9
Media expansiones ILAO: 157.9

Media tiempo BLAO: 2.464
Media iteraciones BLAO: 76.3
Media expansiones BLAO: 206.4

Media tiempo VI: 1.211
Media iteraciones VI: 91.0

-------------------------------------------------------
