Problema 1
-------------------------------------------------------
LAO*:
Tiempo requerido: 69.853
Iteraciones requeridas: 191
Nodos expandidos: 191
Porcentajes del conjunto Z: [0.01, 0.02, 0.02, 0.04, 0.02, 0.05, 0.06, 0.03, 0.03, 0.05, 0.08, 0.09, 0.04, 0.08, 0.1, 0.12, 0.05, 0.06, 0.14, 0.05, 0.15, 0.16, 0.06, 0.16, 0.18, 0.06, 0.07, 0.19, 0.11, 0.12, 0.2, 0.21, 0.12, 0.14, 0.22, 0.23, 0.15, 0.23, 0.25, 0.26, 0.16, 0.24, 0.27, 0.28, 0.29, 0.29, 0.17, 0.25, 0.3, 0.32, 0.33, 0.18, 0.26, 0.27, 0.28, 0.34, 0.19, 0.35, 0.29, 0.42, 0.2, 0.43, 0.44, 0.45, 0.44, 0.47, 0.21, 0.48, 0.49, 0.22, 0.5, 0.51, 0.52, 0.53, 0.23, 0.54, 0.55, 0.24, 0.25, 0.56, 0.57, 0.25, 0.27, 0.57, 0.59, 0.6, 0.28, 0.61, 0.62, 0.29, 0.3, 0.63, 0.64, 0.3, 0.31, 0.33, 0.65, 0.65, 0.34, 0.67, 0.68, 0.69, 0.35, 0.36, 0.7, 0.71, 0.37, 0.72, 0.73, 0.74, 0.38, 0.75, 0.76, 0.39, 0.77, 0.78, 0.79, 0.8, 0.81, 0.82, 0.4, 0.41, 0.83, 0.84, 0.84, 0.86, 0.87, 0.88, 0.79, 0.9, 0.91, 0.92, 0.93, 0.93, 0.95, 0.96, 0.97, 0.98, 0.99, 0.8, 1.0, 1.01, 1.02, 1.03, 1.04, 0.42, 1.05, 0.86, 1.07, 1.08, 1.09, 1.1, 1.11, 1.11, 1.12, 1.13, 1.15, 1.14, 1.17, 0.95, 1.18, 1.19, 1.2, 1.2, 1.21, 1.23, 1.24, 0.81, 1.25, 1.26, 1.27, 1.13, 1.29, 0.96, 1.3, 0.43, 1.31, 1.31, 1.32, 1.33, 1.33, 1.34, 1.34, 1.35, 1.35, 1.36, 1.41, 1.36, 1.43, 1.44, 1.45]

ILAO*:
Tiempo requerido: 9.308
Iteraciones requeridas: 190
Nodos expandidos: 190

RLAO*:
Tiempo requerido: 2.212
Iteraciones requeridas: 130
Nodos expandidos: 265

BLAO*:
Tiempo requerido: 5.285
Iteraciones requeridas: 94
Nodos expandidos: 250

VI:
Tiempo requerido: 1.833
Iteraciones requeridas: 91

Problema 2
-------------------------------------------------------
LAO*:
Tiempo requerido: 68.907
Iteraciones requeridas: 179
Nodos expandidos: 179
Porcentajes del conjunto Z: [0.01, 0.02, 0.02, 0.03, 0.03, 0.04, 0.03, 0.04, 0.05, 0.05, 0.06, 0.07, 0.07, 0.08, 0.09, 0.08, 0.1, 0.11, 0.11, 0.13, 0.09, 0.1, 0.11, 0.15, 0.16, 0.1, 0.11, 0.12, 0.17, 0.18, 0.13, 0.15, 0.19, 0.2, 0.16, 0.21, 0.21, 0.23, 0.17, 0.18, 0.23, 0.25, 0.22, 0.26, 0.19, 0.25, 0.29, 0.2, 0.3, 0.31, 0.32, 0.21, 0.33, 0.34, 0.22, 0.23, 0.35, 0.36, 0.24, 0.37, 0.38, 0.25, 0.39, 0.4, 0.26, 0.41, 0.42, 0.43, 0.27, 0.28, 0.44, 0.45, 0.28, 0.3, 0.46, 0.47, 0.48, 0.31, 0.49, 0.5, 0.51, 0.52, 0.49, 0.5, 0.32, 0.53, 0.56, 0.33, 0.57, 0.58, 0.59, 0.34, 0.58, 0.61, 0.62, 0.63, 0.63, 0.35, 0.64, 0.66, 0.63, 0.66, 0.69, 0.36, 0.66, 0.71, 0.72, 0.37, 0.73, 0.74, 0.75, 0.76, 0.76, 0.78, 0.79, 0.79, 0.38, 0.81, 0.82, 0.83, 0.84, 0.85, 0.75, 0.87, 0.88, 0.89, 0.9, 0.81, 0.92, 0.93, 0.94, 0.95, 0.95, 0.97, 0.97, 0.99, 0.76, 1.0, 1.01, 1.01, 1.03, 1.04, 0.39, 0.4, 1.05, 1.06, 1.07, 1.08, 1.08, 1.1, 1.11, 1.12, 1.13, 1.14, 1.14, 1.16, 1.17, 1.18, 1.19, 0.96, 1.2, 0.77, 1.21, 1.22, 1.02, 1.24, 1.25, 1.26, 0.41, 1.27, 1.28, 1.28, 1.3, 1.31, 0.97, 1.34, 1.35, 1.36, 1.37]

ILAO*:
Tiempo requerido: 10.104
Iteraciones requeridas: 179
Nodos expandidos: 179

RLAO*:
Tiempo requerido: 2.583
Iteraciones requeridas: 137
Nodos expandidos: 249

BLAO*:
Tiempo requerido: 5.571
Iteraciones requeridas: 82
Nodos expandidos: 217

VI:
Tiempo requerido: 2.052
Iteraciones requeridas: 91

Problema 3
-------------------------------------------------------
LAO*:
Tiempo requerido: 81.106
Iteraciones requeridas: 219
Nodos expandidos: 219
Porcentajes del conjunto Z: [0.01, 0.02, 0.02, 0.04, 0.02, 0.03, 0.02, 0.06, 0.07, 0.08, 0.03, 0.04, 0.08, 0.1, 0.1, 0.12, 0.06, 0.09, 0.14, 0.15, 0.07, 0.1, 0.17, 0.18, 0.19, 0.08, 0.2, 0.21, 0.09, 0.22, 0.23, 0.1, 0.23, 0.25, 0.25, 0.27, 0.11, 0.24, 0.29, 0.29, 0.12, 0.12, 0.14, 0.15, 0.25, 0.26, 0.31, 0.3, 0.32, 0.15, 0.17, 0.27, 0.28, 0.29, 0.39, 0.16, 0.19, 0.36, 0.28, 0.41, 0.43, 0.2, 0.44, 0.42, 0.45, 0.21, 0.45, 0.47, 0.43, 0.5, 0.22, 0.51, 0.52, 0.53, 0.23, 0.54, 0.55, 0.24, 0.24, 0.56, 0.57, 0.25, 0.56, 0.59, 0.27, 0.6, 0.57, 0.61, 0.28, 0.29, 0.62, 0.29, 0.58, 0.63, 0.64, 0.3, 0.3, 0.65, 0.32, 0.66, 0.32, 0.59, 0.67, 0.31, 0.65, 0.69, 0.33, 0.7, 0.6, 0.32, 0.32, 0.34, 0.71, 0.66, 0.67, 0.72, 0.34, 0.75, 0.61, 0.62, 0.4, 0.42, 0.81, 0.82, 0.83, 0.84, 0.73, 0.75, 0.75, 0.84, 0.88, 0.41, 0.42, 0.43, 0.87, 0.75, 0.76, 0.92, 0.45, 0.44, 0.42, 0.46, 0.91, 0.78, 0.93, 0.95, 0.96, 0.97, 0.98, 0.48, 0.45, 0.93, 0.98, 0.79, 1.05, 1.06, 1.07, 1.08, 1.09, 0.52, 0.53, 1.1, 1.11, 1.12, 1.13, 1.02, 1.14, 1.07, 1.16, 1.17, 1.18, 1.19, 1.2, 1.21, 1.22, 1.23, 1.24, 1.24, 1.25, 1.26, 1.08, 1.27, 1.28, 1.29, 1.3, 0.54, 1.31, 1.32, 1.33, 1.34, 1.04, 1.37, 1.28, 1.4, 1.41, 1.42, 1.43, 1.44, 1.45, 1.46, 1.47, 1.46, 1.47, 1.48, 1.49, 1.5, 1.51, 0.55, 0.55, 0.57, 1.52, 1.53, 1.54, 1.55, 1.05, 1.58, 1.59, 1.6, 1.61]

ILAO*:
Tiempo requerido: 11.833
Iteraciones requeridas: 218
Nodos expandidos: 218

RLAO*:
Tiempo requerido: 4.065
Iteraciones requeridas: 128
Nodos expandidos: 288

BLAO*:
Tiempo requerido: 5.544
Iteraciones requeridas: 109
Nodos expandidos: 288

VI:
Tiempo requerido: 2.139
Iteraciones requeridas: 91

Problema 4
-------------------------------------------------------
LAO*:
Tiempo requerido: 67.438
Iteraciones requeridas: 194
Nodos expandidos: 194
Porcentajes del conjunto Z: [0.01, 0.02, 0.03, 0.02, 0.04, 0.03, 0.06, 0.03, 0.06, 0.08, 0.04, 0.1, 0.04, 0.04, 0.06, 0.07, 0.11, 0.12, 0.07, 0.09, 0.13, 0.13, 0.15, 0.09, 0.11, 0.16, 0.17, 0.11, 0.13, 0.17, 0.19, 0.2, 0.14, 0.18, 0.22, 0.23, 0.15, 0.24, 0.25, 0.16, 0.26, 0.17, 0.27, 0.28, 0.28, 0.3, 0.18, 0.31, 0.32, 0.19, 0.31, 0.34, 0.35, 0.36, 0.37, 0.38, 0.35, 0.4, 0.2, 0.2, 0.21, 0.32, 0.22, 0.33, 0.43, 0.44, 0.24, 0.45, 0.46, 0.25, 0.47, 0.47, 0.49, 0.26, 0.26, 0.28, 0.29, 0.5, 0.51, 0.29, 0.31, 0.51, 0.53, 0.54, 0.32, 0.52, 0.55, 0.56, 0.33, 0.33, 0.35, 0.53, 0.59, 0.35, 0.6, 0.37, 0.61, 0.38, 0.62, 0.63, 0.39, 0.64, 0.65, 0.4, 0.66, 0.67, 0.41, 0.42, 0.67, 0.69, 0.7, 0.43, 0.43, 0.68, 0.68, 0.71, 0.72, 0.73, 0.74, 0.75, 0.76, 0.77, 0.77, 0.78, 0.79, 0.79, 0.8, 0.8, 0.81, 0.85, 0.72, 0.86, 0.74, 0.88, 0.89, 0.9, 0.91, 0.45, 0.45, 0.46, 0.92, 0.93, 0.7, 0.94, 0.95, 0.96, 0.75, 0.97, 0.98, 0.99, 1.0, 1.0, 1.02, 1.03, 1.04, 1.05, 1.06, 1.06, 0.74, 1.1, 1.11, 1.12, 1.13, 1.14, 0.45, 0.47, 0.47, 1.15, 1.15, 1.17, 0.71, 1.22, 1.23, 1.22, 1.22, 1.11, 1.25, 1.26, 1.27, 1.27, 1.29, 1.3, 1.3, 0.46, 1.32, 1.32, 1.34, 1.34, 1.36, 1.37, 0.79, 1.4, 1.41, 1.42]

ILAO*:
Tiempo requerido: 10.381
Iteraciones requeridas: 195
Nodos expandidos: 195

RLAO*:
Tiempo requerido: 2.884
Iteraciones requeridas: 127
Nodos expandidos: 253

BLAO*:
Tiempo requerido: 5.353
Iteraciones requeridas: 99
Nodos expandidos: 252

VI:
Tiempo requerido: 1.901
Iteraciones requeridas: 91

Problema 5
-------------------------------------------------------
LAO*:
Tiempo requerido: 72.944
Iteraciones requeridas: 199
Nodos expandidos: 199
Porcentajes del conjunto Z: [0.01, 0.02, 0.03, 0.04, 0.03, 0.05, 0.04, 0.07, 0.04, 0.05, 0.06, 0.09, 0.1, 0.11, 0.12, 0.12, 0.14, 0.15, 0.16, 0.17, 0.05, 0.11, 0.15, 0.06, 0.12, 0.19, 0.06, 0.12, 0.15, 0.16, 0.07, 0.21, 0.07, 0.09, 0.26, 0.07, 0.08, 0.31, 0.1, 0.32, 0.33, 0.11, 0.12, 0.34, 0.34, 0.36, 0.12, 0.14, 0.36, 0.38, 0.39, 0.15, 0.15, 0.4, 0.41, 0.17, 0.42, 0.42, 0.18, 0.44, 0.45, 0.19, 0.46, 0.47, 0.48, 0.49, 0.2, 0.2, 0.5, 0.51, 0.21, 0.48, 0.53, 0.23, 0.54, 0.49, 0.5, 0.55, 0.58, 0.24, 0.59, 0.6, 0.25, 0.26, 0.61, 0.62, 0.27, 0.63, 0.64, 0.28, 0.29, 0.65, 0.65, 0.67, 0.3, 0.68, 0.66, 0.69, 0.31, 0.67, 0.7, 0.71, 0.72, 0.68, 0.32, 0.73, 0.32, 0.69, 0.33, 0.78, 0.34, 0.35, 0.37, 0.79, 0.8, 0.38, 0.81, 0.81, 0.83, 0.39, 0.84, 0.85, 0.4, 0.85, 0.87, 0.88, 0.41, 0.89, 0.9, 0.91, 0.92, 0.93, 0.42, 0.94, 0.95, 0.96, 0.96, 0.98, 0.99, 1.0, 0.91, 1.02, 1.03, 1.04, 1.05, 1.06, 1.07, 0.98, 1.09, 1.1, 1.11, 0.92, 1.12, 1.13, 1.14, 1.15, 1.15, 0.43, 1.17, 1.18, 1.18, 1.2, 1.21, 1.21, 1.23, 1.24, 1.25, 1.26, 1.26, 1.28, 1.29, 1.29, 1.31, 1.31, 1.33, 1.34, 1.35, 1.36, 0.93, 0.94, 1.37, 1.38, 1.39, 1.4, 1.4, 1.42, 0.44, 1.43, 1.44, 1.44, 1.46, 1.46, 1.47, 1.48, 1.5, 1.49, 1.52, 1.53, 1.54]

ILAO*:
Tiempo requerido: 9.34
Iteraciones requeridas: 199
Nodos expandidos: 199

RLAO*:
Tiempo requerido: 3.564
Iteraciones requeridas: 132
Nodos expandidos: 266

BLAO*:
Tiempo requerido: 6.13
Iteraciones requeridas: 99
Nodos expandidos: 261

VI:
Tiempo requerido: 2.201
Iteraciones requeridas: 91

Problema 6
-------------------------------------------------------
LAO*:
Tiempo requerido: 69.541
Iteraciones requeridas: 206
Nodos expandidos: 206
Porcentajes del conjunto Z: [0.01, 0.02, 0.02, 0.04, 0.02, 0.03, 0.04, 0.06, 0.07, 0.03, 0.04, 0.1, 0.09, 0.12, 0.04, 0.13, 0.14, 0.05, 0.15, 0.16, 0.17, 0.18, 0.15, 0.17, 0.19, 0.2, 0.06, 0.21, 0.22, 0.07, 0.19, 0.21, 0.27, 0.16, 0.21, 0.3, 0.08, 0.24, 0.32, 0.33, 0.09, 0.1, 0.34, 0.35, 0.36, 0.11, 0.37, 0.38, 0.11, 0.39, 0.4, 0.12, 0.12, 0.41, 0.15, 0.16, 0.42, 0.42, 0.44, 0.45, 0.46, 0.16, 0.16, 0.19, 0.45, 0.47, 0.49, 0.17, 0.21, 0.46, 0.51, 0.52, 0.18, 0.23, 0.47, 0.54, 0.55, 0.56, 0.57, 0.58, 0.19, 0.25, 0.57, 0.56, 0.59, 0.62, 0.26, 0.26, 0.6, 0.64, 0.65, 0.57, 0.66, 0.28, 0.67, 0.58, 0.68, 0.29, 0.59, 0.69, 0.6, 0.74, 0.3, 0.75, 0.76, 0.31, 0.77, 0.32, 0.78, 0.79, 0.33, 0.34, 0.8, 0.81, 0.35, 0.35, 0.82, 0.83, 0.37, 0.37, 0.36, 0.83, 0.85, 0.86, 0.4, 0.87, 0.88, 0.41, 0.89, 0.9, 0.91, 0.92, 0.92, 0.94, 0.95, 0.42, 0.96, 0.97, 0.98, 0.98, 1.0, 1.0, 1.02, 0.91, 1.04, 1.05, 1.06, 1.07, 1.08, 1.09, 1.1, 1.11, 1.11, 1.13, 1.13, 1.15, 1.15, 0.92, 1.16, 1.18, 1.19, 1.2, 1.21, 0.43, 1.22, 1.22, 1.23, 1.24, 1.24, 1.26, 1.0, 1.28, 1.29, 1.3, 1.31, 1.32, 1.33, 1.34, 1.35, 1.24, 1.35, 1.26, 1.37, 1.37, 1.39, 1.39, 1.41, 0.93, 1.42, 1.43, 1.44, 1.45, 0.44, 1.45, 1.47, 1.24, 1.48, 1.28, 1.52, 1.52, 1.53, 1.55, 1.56, 1.57, 1.58, 1.59]

ILAO*:
Tiempo requerido: 10.551
Iteraciones requeridas: 208
Nodos expandidos: 208

RLAO*:
Tiempo requerido: 2.183
Iteraciones requeridas: 131
Nodos expandidos: 273

BLAO*:
Tiempo requerido: 6.158
Iteraciones requeridas: 99
Nodos expandidos: 265

VI:
Tiempo requerido: 2.098
Iteraciones requeridas: 91

Problema 7
-------------------------------------------------------
LAO*:
Tiempo requerido: 76.941
Iteraciones requeridas: 235
Nodos expandidos: 235
Porcentajes del conjunto Z: [0.01, 0.02, 0.02, 0.03, 0.03, 0.05, 0.03, 0.05, 0.07, 0.08, 0.09, 0.1, 0.04, 0.08, 0.1, 0.12, 0.04, 0.04, 0.06, 0.09, 0.15, 0.05, 0.16, 0.06, 0.08, 0.06, 0.2, 0.21, 0.06, 0.1, 0.21, 0.23, 0.24, 0.25, 0.1, 0.12, 0.13, 0.26, 0.25, 0.28, 0.12, 0.13, 0.14, 0.29, 0.3, 0.26, 0.3, 0.33, 0.13, 0.17, 0.34, 0.14, 0.15, 0.27, 0.32, 0.36, 0.37, 0.21, 0.33, 0.38, 0.41, 0.22, 0.42, 0.41, 0.44, 0.23, 0.24, 0.45, 0.42, 0.46, 0.24, 0.24, 0.27, 0.47, 0.48, 0.49, 0.43, 0.52, 0.28, 0.5, 0.54, 0.55, 0.29, 0.56, 0.57, 0.3, 0.3, 0.31, 0.32, 0.58, 0.58, 0.6, 0.33, 0.33, 0.61, 0.61, 0.63, 0.36, 0.37, 0.64, 0.62, 0.65, 0.38, 0.63, 0.66, 0.64, 0.66, 0.68, 0.39, 0.69, 0.7, 0.65, 0.4, 0.7, 0.41, 0.72, 0.66, 0.67, 0.7, 0.73, 0.75, 0.68, 0.69, 0.72, 0.41, 0.41, 0.43, 0.76, 0.78, 0.71, 0.72, 0.81, 0.7, 0.45, 0.81, 0.73, 0.83, 0.84, 0.71, 0.72, 0.73, 0.46, 0.47, 0.96, 0.86, 0.96, 0.99, 0.47, 0.47, 0.49, 0.99, 0.87, 1.04, 0.49, 0.49, 0.53, 1.04, 1.06, 1.07, 1.08, 1.09, 1.09, 1.11, 1.12, 1.12, 1.14, 1.15, 1.16, 1.17, 1.07, 1.18, 1.09, 1.2, 1.21, 1.22, 1.22, 1.24, 0.54, 1.25, 1.26, 1.26, 1.28, 1.28, 1.29, 1.31, 1.05, 1.32, 1.1, 1.33, 1.33, 1.35, 1.35, 1.36, 1.38, 1.39, 1.4, 1.41, 1.27, 1.43, 1.44, 1.06, 1.45, 1.11, 1.48, 1.48, 1.49, 1.5, 1.5, 1.52, 1.53, 1.54, 0.55, 0.56, 1.55, 1.56, 1.57, 1.06, 1.58, 1.11, 1.59, 1.6, 1.5, 1.62, 1.63, 1.64, 1.65, 1.66, 1.67, 1.68, 1.1, 1.7, 1.71, 1.71, 1.72, 1.73]

ILAO*:
Tiempo requerido: 11.841
Iteraciones requeridas: 234
Nodos expandidos: 234

RLAO*:
Tiempo requerido: 3.614
Iteraciones requeridas: 126
Nodos expandidos: 309

BLAO*:
Tiempo requerido: 5.576
Iteraciones requeridas: 106
Nodos expandidos: 309

VI:
Tiempo requerido: 1.912
Iteraciones requeridas: 91

Problema 8
-------------------------------------------------------
LAO*:
Tiempo requerido: 71.142
Iteraciones requeridas: 187
Nodos expandidos: 187
Porcentajes del conjunto Z: [0.01, 0.02, 0.02, 0.03, 0.04, 0.03, 0.05, 0.05, 0.07, 0.04, 0.05, 0.08, 0.05, 0.09, 0.07, 0.1, 0.11, 0.08, 0.12, 0.13, 0.09, 0.1, 0.13, 0.15, 0.16, 0.17, 0.18, 0.11, 0.19, 0.14, 0.21, 0.22, 0.12, 0.23, 0.24, 0.13, 0.25, 0.26, 0.25, 0.14, 0.28, 0.29, 0.15, 0.3, 0.3, 0.32, 0.16, 0.33, 0.31, 0.34, 0.17, 0.35, 0.32, 0.36, 0.37, 0.18, 0.38, 0.33, 0.39, 0.19, 0.2, 0.4, 0.41, 0.34, 0.42, 0.2, 0.2, 0.22, 0.41, 0.44, 0.35, 0.5, 0.24, 0.51, 0.52, 0.25, 0.26, 0.53, 0.53, 0.55, 0.56, 0.26, 0.28, 0.57, 0.54, 0.29, 0.59, 0.6, 0.3, 0.61, 0.62, 0.63, 0.31, 0.64, 0.65, 0.32, 0.32, 0.34, 0.66, 0.33, 0.66, 0.68, 0.34, 0.37, 0.69, 0.67, 0.7, 0.72, 0.73, 0.74, 0.75, 0.76, 0.38, 0.73, 0.77, 0.71, 0.79, 0.8, 0.81, 0.82, 0.83, 0.39, 0.84, 0.85, 0.85, 0.87, 0.72, 0.88, 0.89, 0.8, 0.91, 0.92, 0.92, 0.94, 0.95, 0.96, 0.97, 0.97, 0.99, 1.0, 1.0, 1.02, 0.81, 1.03, 1.04, 1.05, 1.06, 1.07, 0.4, 1.07, 1.09, 1.1, 1.11, 0.73, 1.12, 0.75, 1.14, 1.15, 0.94, 1.17, 1.18, 1.19, 1.2, 1.21, 1.22, 1.23, 0.76, 1.24, 1.25, 1.26, 1.27, 1.28, 1.29, 1.29, 0.41, 0.41, 1.31, 0.43, 1.32, 1.33, 0.76, 0.77, 1.35, 1.36, 1.37, 1.38, 1.39]

ILAO*:
Tiempo requerido: 10.213
Iteraciones requeridas: 188
Nodos expandidos: 188

RLAO*:
Tiempo requerido: 2.368
Iteraciones requeridas: 130
Nodos expandidos: 246

BLAO*:
Tiempo requerido: 5.591
Iteraciones requeridas: 94
Nodos expandidos: 237

VI:
Tiempo requerido: 2.055
Iteraciones requeridas: 91

Problema 9
-------------------------------------------------------
LAO*:
Tiempo requerido: 74.315
Iteraciones requeridas: 211
Nodos expandidos: 211
Porcentajes del conjunto Z: [0.01, 0.02, 0.03, 0.02, 0.02, 0.03, 0.04, 0.05, 0.06, 0.07, 0.08, 0.08, 0.07, 0.1, 0.1, 0.08, 0.12, 0.12, 0.09, 0.14, 0.15, 0.13, 0.15, 0.17, 0.18, 0.19, 0.1, 0.21, 0.18, 0.2, 0.22, 0.14, 0.24, 0.11, 0.26, 0.15, 0.26, 0.12, 0.17, 0.18, 0.28, 0.28, 0.13, 0.19, 0.29, 0.14, 0.31, 0.2, 0.31, 0.15, 0.32, 0.34, 0.35, 0.36, 0.37, 0.38, 0.38, 0.4, 0.21, 0.4, 0.42, 0.47, 0.16, 0.17, 0.51, 0.51, 0.52, 0.18, 0.54, 0.54, 0.19, 0.56, 0.56, 0.57, 0.58, 0.59, 0.2, 0.61, 0.61, 0.21, 0.63, 0.63, 0.64, 0.22, 0.23, 0.66, 0.66, 0.24, 0.24, 0.68, 0.67, 0.69, 0.26, 0.71, 0.27, 0.72, 0.72, 0.28, 0.73, 0.75, 0.75, 0.29, 0.73, 0.73, 0.29, 0.76, 0.74, 0.3, 0.77, 0.76, 0.32, 0.79, 0.79, 0.33, 0.78, 0.86, 0.87, 0.88, 0.88, 0.9, 0.91, 0.86, 0.89, 0.89, 0.92, 0.93, 0.34, 0.95, 0.95, 0.97, 0.89, 0.92, 0.93, 0.94, 0.94, 0.95, 0.96, 0.95, 0.96, 0.97, 0.98, 0.99, 0.87, 1.0, 1.0, 0.88, 1.02, 0.94, 1.04, 0.97, 1.15, 1.16, 1.16, 1.17, 1.18, 0.35, 1.08, 1.22, 1.23, 1.24, 1.25, 1.26, 1.27, 1.06, 1.28, 1.29, 1.29, 1.31, 1.32, 1.31, 1.22, 1.36, 1.37, 1.38, 1.39, 1.39, 1.41, 1.41, 1.15, 1.43, 1.44, 1.04, 1.49, 1.48, 1.51, 1.52, 1.53, 0.36, 1.55, 1.55, 1.57, 1.57, 1.59, 1.6, 1.58, 1.45, 1.59, 1.6, 1.61, 1.62, 1.62, 1.63, 1.64, 1.65, 1.66, 1.66, 1.68, 1.05, 1.72, 1.73, 1.74]

ILAO*:
Tiempo requerido: 11.767
Iteraciones requeridas: 210
Nodos expandidos: 210

RLAO*:
Tiempo requerido: 2.204
Iteraciones requeridas: 133
Nodos expandidos: 282

BLAO*:
Tiempo requerido: 5.015
Iteraciones requeridas: 88
Nodos expandidos: 257

VI:
Tiempo requerido: 2.111
Iteraciones requeridas: 91

Problema 10
-------------------------------------------------------
LAO*:
Tiempo requerido: 69.414
Iteraciones requeridas: 191
Nodos expandidos: 191
Porcentajes del conjunto Z: [0.01, 0.02, 0.02, 0.03, 0.04, 0.05, 0.04, 0.06, 0.07, 0.05, 0.08, 0.09, 0.06, 0.1, 0.11, 0.07, 0.12, 0.13, 0.08, 0.14, 0.15, 0.09, 0.16, 0.17, 0.1, 0.1, 0.12, 0.18, 0.19, 0.19, 0.21, 0.13, 0.21, 0.23, 0.2, 0.14, 0.25, 0.23, 0.27, 0.15, 0.26, 0.29, 0.3, 0.16, 0.17, 0.31, 0.32, 0.33, 0.18, 0.34, 0.35, 0.36, 0.37, 0.35, 0.38, 0.4, 0.19, 0.37, 0.41, 0.4, 0.42, 0.2, 0.21, 0.38, 0.46, 0.46, 0.48, 0.21, 0.22, 0.49, 0.5, 0.22, 0.25, 0.25, 0.27, 0.51, 0.52, 0.26, 0.26, 0.28, 0.3, 0.53, 0.54, 0.55, 0.29, 0.55, 0.55, 0.57, 0.58, 0.56, 0.59, 0.59, 0.54, 0.3, 0.31, 0.32, 0.6, 0.64, 0.58, 0.65, 0.34, 0.68, 0.36, 0.36, 0.68, 0.7, 0.35, 0.38, 0.71, 0.69, 0.73, 0.41, 0.74, 0.75, 0.76, 0.42, 0.43, 0.75, 0.77, 0.79, 0.77, 0.81, 0.44, 0.76, 0.83, 0.84, 0.85, 0.86, 0.87, 0.88, 0.45, 0.89, 0.9, 0.9, 0.92, 0.93, 0.94, 0.85, 0.95, 0.95, 0.97, 0.87, 0.99, 1.0, 1.01, 1.02, 1.03, 1.04, 1.04, 1.06, 1.07, 0.87, 1.08, 0.9, 1.09, 1.1, 1.11, 1.12, 0.46, 0.47, 1.13, 1.14, 1.15, 1.16, 1.17, 0.89, 1.19, 1.2, 1.21, 1.22, 1.23, 1.24, 1.25, 1.26, 1.27, 0.9, 1.29, 1.3, 1.31, 1.32, 1.33, 0.48, 0.48, 1.34, 1.35, 1.36, 1.36, 1.38, 1.38, 1.39, 1.4]

ILAO*:
Tiempo requerido: 9.976
Iteraciones requeridas: 193
Nodos expandidos: 193

RLAO*:
Tiempo requerido: 3.447
Iteraciones requeridas: 126
Nodos expandidos: 246

BLAO*:
Tiempo requerido: 5.416
Iteraciones requeridas: 98
Nodos expandidos: 242

VI:
Tiempo requerido: 2.023
Iteraciones requeridas: 91

Media tiempo LAO: 72.16
Media iteraciones LAO: 201.2
Media expansiones LAO: 201.2

Media tiempo RLAO: 2.912
Media iteraciones RLAO: 130.0
Media expansiones RLAO: 267.7

Media tiempo ILAO: 10.531
Media iteraciones ILAO: 201.4
Media expansiones ILAO: 201.4

Media tiempo BLAO: 5.564
Media iteraciones BLAO: 96.8
Media expansiones BLAO: 257.8

Media tiempo VI: 2.032
Media iteraciones VI: 91.0

-------------------------------------------------------
