Problema 1
-------------------------------------------------------
LAO*:
Tiempo requerido: 52.033
Iteraciones requeridas: 206
Nodos expandidos: 206
Porcentajes del conjunto Z: [0.01, 0.02, 0.04, 0.02, 0.05, 0.06, 0.07, 0.06, 0.07, 0.1, 0.11, 0.12, 0.07, 0.09, 0.15, 0.16, 0.09, 0.17, 0.17, 0.2, 0.1, 0.21, 0.19, 0.22, 0.23, 0.11, 0.12, 0.22, 0.26, 0.2, 0.3, 0.12, 0.14, 0.26, 0.31, 0.14, 0.32, 0.16, 0.19, 0.27, 0.35, 0.37, 0.38, 0.4, 0.17, 0.19, 0.2, 0.41, 0.22, 0.41, 0.43, 0.44, 0.46, 0.4, 0.2, 0.21, 0.48, 0.27, 0.42, 0.51, 0.28, 0.52, 0.43, 0.53, 0.3, 0.53, 0.56, 0.57, 0.58, 0.58, 0.6, 0.62, 0.63, 0.64, 0.65, 0.67, 0.44, 0.59, 0.63, 0.68, 0.72, 0.73, 0.31, 0.74, 0.75, 0.64, 0.7, 0.75, 0.65, 0.79, 0.32, 0.64, 0.86, 0.88, 0.33, 0.65, 0.89, 0.9, 0.35, 0.67, 0.91, 0.93, 0.94, 0.36, 0.68, 0.99, 1.0, 1.01, 0.37, 1.02, 1.01, 1.05, 0.38, 0.4, 1.06, 1.07, 1.09, 0.41, 1.07, 1.11, 1.07, 1.12, 1.15, 0.42, 0.43, 1.15, 1.17, 0.43, 1.19, 0.44, 0.47, 0.48, 1.2, 1.21, 0.49, 1.22, 1.23, 1.25, 1.26, 1.27, 1.28, 1.3, 1.31, 1.32, 1.33, 1.33, 1.35, 1.36, 1.23, 1.38, 1.4, 1.4, 1.42, 1.43, 1.43, 1.46, 1.47, 0.51, 1.48, 1.49, 1.25, 1.51, 1.37, 1.54, 1.56, 1.56, 1.58, 1.58, 1.59, 1.6, 1.6, 1.62, 1.62, 1.47, 1.63, 1.48, 1.64, 1.49, 1.69, 1.7, 1.72, 1.73, 1.74, 1.75, 1.75, 1.78, 1.79, 1.8, 0.52, 1.8, 1.83, 1.84, 1.84, 1.26, 1.86, 1.27, 1.88, 1.89, 1.9, 1.91, 1.77, 1.93, 1.67, 1.99, 1.99, 2.01]

ILAO*:
Tiempo requerido: 7.55
Iteraciones requeridas: 206
Nodos expandidos: 206

RLAO*:
Tiempo requerido: 1.945
Iteraciones requeridas: 123
Nodos expandidos: 288

BLAO*:
Tiempo requerido: 3.968
Iteraciones requeridas: 92
Nodos expandidos: 264

VI:
Tiempo requerido: 1.759
Iteraciones requeridas: 91

Problema 2
-------------------------------------------------------
LAO*:
Tiempo requerido: 49.167
Iteraciones requeridas: 173
Nodos expandidos: 173
Porcentajes del conjunto Z: [0.01, 0.02, 0.02, 0.02, 0.05, 0.04, 0.05, 0.05, 0.05, 0.05, 0.06, 0.06, 0.06, 0.06, 0.09, 0.1, 0.07, 0.06, 0.11, 0.07, 0.12, 0.14, 0.14, 0.07, 0.14, 0.16, 0.17, 0.19, 0.15, 0.2, 0.21, 0.2, 0.22, 0.23, 0.23, 0.26, 0.21, 0.27, 0.28, 0.22, 0.3, 0.31, 0.23, 0.32, 0.33, 0.25, 0.26, 0.35, 0.35, 0.26, 0.28, 0.37, 0.37, 0.4, 0.3, 0.41, 0.42, 0.31, 0.31, 0.42, 0.44, 0.32, 0.46, 0.35, 0.47, 0.48, 0.36, 0.49, 0.51, 0.37, 0.52, 0.53, 0.38, 0.4, 0.54, 0.56, 0.4, 0.42, 0.57, 0.58, 0.41, 0.44, 0.59, 0.6, 0.62, 0.63, 0.59, 0.62, 0.46, 0.64, 0.65, 0.6, 0.47, 0.65, 0.7, 0.62, 0.74, 0.48, 0.48, 0.51, 0.75, 0.51, 0.77, 0.52, 0.54, 0.56, 0.78, 0.79, 0.8, 0.81, 0.83, 0.84, 0.85, 0.86, 0.88, 0.78, 0.89, 0.8, 0.91, 0.93, 0.94, 0.95, 0.96, 0.96, 0.99, 1.0, 0.57, 0.57, 1.01, 1.01, 1.02, 1.04, 0.79, 1.04, 1.07, 1.09, 1.09, 1.1, 1.12, 1.14, 1.15, 1.16, 1.16, 1.19, 1.2, 1.21, 0.79, 0.8, 1.23, 1.25, 1.25, 1.26, 1.28, 1.3, 1.31, 1.32, 1.33, 1.35, 0.59, 1.06, 1.37, 1.37, 1.37, 0.8, 1.4, 1.41, 1.42, 1.43, 1.44, 1.46, 1.46, 1.48, 1.49]

ILAO*:
Tiempo requerido: 8.173
Iteraciones requeridas: 172
Nodos expandidos: 172

RLAO*:
Tiempo requerido: 2.917
Iteraciones requeridas: 119
Nodos expandidos: 242

BLAO*:
Tiempo requerido: 4.989
Iteraciones requeridas: 84
Nodos expandidos: 226

VI:
Tiempo requerido: 2.114
Iteraciones requeridas: 91

Problema 3
-------------------------------------------------------
LAO*:
Tiempo requerido: 47.781
Iteraciones requeridas: 160
Nodos expandidos: 160
Porcentajes del conjunto Z: [0.01, 0.02, 0.02, 0.02, 0.05, 0.05, 0.06, 0.06, 0.07, 0.09, 0.07, 0.1, 0.11, 0.09, 0.09, 0.1, 0.11, 0.12, 0.14, 0.11, 0.11, 0.14, 0.15, 0.16, 0.14, 0.12, 0.16, 0.17, 0.19, 0.2, 0.21, 0.17, 0.19, 0.16, 0.22, 0.23, 0.19, 0.21, 0.22, 0.3, 0.23, 0.25, 0.31, 0.26, 0.27, 0.32, 0.28, 0.33, 0.35, 0.3, 0.31, 0.36, 0.32, 0.33, 0.37, 0.35, 0.36, 0.38, 0.37, 0.38, 0.4, 0.4, 0.4, 0.42, 0.41, 0.42, 0.43, 0.44, 0.46, 0.42, 0.42, 0.46, 0.47, 0.48, 0.49, 0.47, 0.51, 0.52, 0.48, 0.53, 0.54, 0.56, 0.57, 0.49, 0.51, 0.58, 0.56, 0.52, 0.6, 0.62, 0.63, 0.6, 0.65, 0.53, 0.67, 0.68, 0.69, 0.7, 0.72, 0.73, 0.74, 0.74, 0.77, 0.78, 0.78, 0.54, 0.8, 0.81, 0.69, 0.83, 0.72, 0.85, 0.86, 0.86, 0.89, 0.89, 0.9, 0.91, 0.91, 0.93, 0.94, 0.8, 0.96, 0.96, 0.99, 1.0, 0.73, 1.01, 1.02, 1.04, 1.05, 1.06, 1.07, 1.09, 0.56, 0.57, 1.1, 1.11, 0.72, 1.15, 1.16, 1.17, 1.19, 1.19, 1.21, 0.96, 1.22, 1.23, 1.25, 1.26, 1.25, 1.26, 1.27, 1.27, 1.3, 1.31, 1.32, 1.32, 1.35, 1.36]

ILAO*:
Tiempo requerido: 5.818
Iteraciones requeridas: 159
Nodos expandidos: 159

RLAO*:
Tiempo requerido: 2.278
Iteraciones requeridas: 114
Nodos expandidos: 225

BLAO*:
Tiempo requerido: 3.545
Iteraciones requeridas: 79
Nodos expandidos: 210

VI:
Tiempo requerido: 2.006
Iteraciones requeridas: 91

Problema 4
-------------------------------------------------------
LAO*:
Tiempo requerido: 55.409
Iteraciones requeridas: 202
Nodos expandidos: 202
Porcentajes del conjunto Z: [0.01, 0.02, 0.04, 0.02, 0.02, 0.06, 0.06, 0.07, 0.09, 0.1, 0.11, 0.06, 0.09, 0.06, 0.12, 0.14, 0.15, 0.1, 0.12, 0.16, 0.17, 0.19, 0.14, 0.2, 0.21, 0.22, 0.23, 0.15, 0.25, 0.26, 0.16, 0.17, 0.27, 0.28, 0.17, 0.2, 0.28, 0.31, 0.32, 0.33, 0.32, 0.36, 0.37, 0.2, 0.21, 0.38, 0.3, 0.31, 0.4, 0.33, 0.42, 0.23, 0.32, 0.33, 0.48, 0.4, 0.41, 0.25, 0.52, 0.25, 0.26, 0.27, 0.53, 0.28, 0.54, 0.28, 0.56, 0.57, 0.58, 0.59, 0.6, 0.32, 0.56, 0.63, 0.64, 0.33, 0.35, 0.65, 0.65, 0.68, 0.35, 0.37, 0.68, 0.7, 0.67, 0.73, 0.38, 0.73, 0.68, 0.68, 0.73, 0.75, 0.4, 0.7, 0.81, 0.83, 0.84, 0.84, 0.85, 0.86, 0.86, 0.79, 0.84, 0.91, 0.41, 0.86, 0.93, 0.91, 0.42, 0.88, 0.9, 1.0, 1.01, 0.43, 0.44, 0.89, 1.02, 0.46, 1.04, 0.46, 0.9, 1.06, 1.09, 0.48, 1.09, 1.11, 1.07, 1.14, 0.49, 0.51, 1.14, 1.09, 1.17, 0.52, 1.17, 1.2, 1.21, 1.22, 1.23, 1.25, 1.26, 1.26, 1.28, 1.3, 1.31, 1.31, 1.32, 1.33, 1.21, 1.36, 1.37, 1.38, 1.38, 1.41, 1.42, 1.43, 1.44, 0.53, 1.46, 1.47, 1.35, 1.51, 1.22, 1.52, 1.53, 1.42, 1.56, 1.57, 1.58, 1.59, 1.59, 1.62, 1.63, 1.64, 1.64, 1.67, 1.68, 1.69, 1.7, 1.7, 1.72, 1.73, 1.73, 1.77, 1.78, 0.54, 0.56, 1.79, 1.8, 1.23, 1.81, 1.83, 1.83, 1.84, 1.85, 1.85, 1.89, 1.88, 1.91, 1.93, 1.94, 1.95]

ILAO*:
Tiempo requerido: 7.429
Iteraciones requeridas: 203
Nodos expandidos: 203

RLAO*:
Tiempo requerido: 2.848
Iteraciones requeridas: 120
Nodos expandidos: 277

BLAO*:
Tiempo requerido: 4.779
Iteraciones requeridas: 92
Nodos expandidos: 269

VI:
Tiempo requerido: 1.719
Iteraciones requeridas: 91

Problema 5
-------------------------------------------------------
LAO*:
Tiempo requerido: 53.508
Iteraciones requeridas: 186
Nodos expandidos: 186
Porcentajes del conjunto Z: [0.01, 0.02, 0.02, 0.05, 0.06, 0.02, 0.04, 0.07, 0.09, 0.05, 0.1, 0.11, 0.11, 0.14, 0.06, 0.15, 0.16, 0.07, 0.17, 0.17, 0.2, 0.09, 0.1, 0.21, 0.22, 0.11, 0.23, 0.25, 0.26, 0.27, 0.12, 0.28, 0.3, 0.31, 0.26, 0.28, 0.33, 0.3, 0.14, 0.33, 0.38, 0.4, 0.41, 0.15, 0.42, 0.42, 0.43, 0.44, 0.41, 0.47, 0.16, 0.49, 0.42, 0.52, 0.17, 0.17, 0.53, 0.2, 0.54, 0.43, 0.56, 0.21, 0.21, 0.57, 0.44, 0.46, 0.62, 0.22, 0.23, 0.23, 0.22, 0.25, 0.62, 0.26, 0.26, 0.64, 0.28, 0.65, 0.67, 0.32, 0.26, 0.27, 0.68, 0.25, 0.69, 0.33, 0.35, 0.37, 0.31, 0.7, 0.72, 0.43, 0.73, 0.74, 0.44, 0.75, 0.77, 0.78, 0.46, 0.79, 0.8, 0.81, 0.47, 0.48, 0.83, 0.49, 0.84, 0.83, 0.86, 0.51, 0.51, 0.88, 0.53, 0.54, 0.88, 0.9, 0.54, 0.52, 0.54, 0.57, 0.91, 0.93, 0.94, 0.95, 0.96, 0.98, 0.99, 1.0, 1.01, 1.01, 1.04, 0.89, 1.05, 0.57, 0.93, 1.06, 1.07, 1.09, 0.96, 1.11, 1.12, 1.14, 1.15, 1.15, 1.17, 0.62, 1.17, 1.2, 1.21, 0.95, 1.22, 1.0, 1.23, 1.23, 1.25, 1.26, 1.27, 1.28, 1.3, 1.31, 0.9, 1.32, 1.33, 1.35, 0.98, 1.37, 1.38, 1.27, 1.4, 1.41, 1.42, 1.43, 1.44, 0.63, 1.46, 1.47, 0.99, 1.49, 1.51, 1.52, 1.3, 1.57, 1.58, 1.59, 1.59, 1.62]

ILAO*:
Tiempo requerido: 6.727
Iteraciones requeridas: 186
Nodos expandidos: 186

RLAO*:
Tiempo requerido: 2.566
Iteraciones requeridas: 112
Nodos expandidos: 247

BLAO*:
Tiempo requerido: 4.192
Iteraciones requeridas: 101
Nodos expandidos: 248

VI:
Tiempo requerido: 1.772
Iteraciones requeridas: 91

Problema 6
-------------------------------------------------------
LAO*:
Tiempo requerido: 52.466
Iteraciones requeridas: 194
Nodos expandidos: 194
Porcentajes del conjunto Z: [0.01, 0.02, 0.02, 0.02, 0.02, 0.05, 0.04, 0.06, 0.07, 0.09, 0.04, 0.06, 0.06, 0.1, 0.07, 0.07, 0.12, 0.11, 0.14, 0.15, 0.16, 0.17, 0.12, 0.19, 0.2, 0.14, 0.21, 0.22, 0.15, 0.15, 0.23, 0.16, 0.17, 0.19, 0.23, 0.26, 0.16, 0.22, 0.27, 0.25, 0.26, 0.28, 0.23, 0.27, 0.33, 0.35, 0.36, 0.25, 0.37, 0.38, 0.4, 0.26, 0.26, 0.28, 0.41, 0.28, 0.28, 0.42, 0.31, 0.43, 0.31, 0.35, 0.43, 0.46, 0.47, 0.48, 0.47, 0.51, 0.36, 0.44, 0.46, 0.52, 0.46, 0.51, 0.57, 0.37, 0.47, 0.6, 0.54, 0.63, 0.64, 0.38, 0.65, 0.67, 0.4, 0.65, 0.69, 0.7, 0.72, 0.41, 0.41, 0.43, 0.73, 0.42, 0.74, 0.42, 0.43, 0.46, 0.47, 0.48, 0.75, 0.77, 0.43, 0.44, 0.49, 0.78, 0.79, 0.48, 0.48, 0.8, 0.51, 0.51, 0.81, 0.83, 0.52, 0.52, 0.84, 0.52, 0.85, 0.81, 0.88, 0.64, 0.89, 0.9, 0.65, 0.67, 0.91, 0.93, 0.94, 0.95, 0.96, 0.98, 0.99, 1.0, 1.01, 1.02, 0.93, 1.05, 1.06, 1.07, 1.09, 1.1, 1.1, 1.11, 1.12, 1.14, 0.67, 0.69, 1.15, 1.16, 0.94, 1.17, 1.19, 1.2, 1.21, 1.22, 1.12, 1.26, 1.26, 1.27, 1.28, 1.31, 1.3, 1.33, 1.35, 1.36, 1.37, 1.37, 1.4, 1.41, 1.42, 1.42, 1.44, 1.27, 1.47, 1.47, 0.7, 0.72, 1.49, 1.51, 1.51, 0.95, 1.53, 0.95, 1.54, 1.54, 1.57, 1.58, 1.59, 1.44, 1.62, 1.63, 1.63, 1.65]

ILAO*:
Tiempo requerido: 8.657
Iteraciones requeridas: 193
Nodos expandidos: 193

RLAO*:
Tiempo requerido: 2.733
Iteraciones requeridas: 115
Nodos expandidos: 265

BLAO*:
Tiempo requerido: 4.998
Iteraciones requeridas: 96
Nodos expandidos: 265

VI:
Tiempo requerido: 1.684
Iteraciones requeridas: 91

Problema 7
-------------------------------------------------------
LAO*:
Tiempo requerido: 47.777
Iteraciones requeridas: 161
Nodos expandidos: 161
Porcentajes del conjunto Z: [0.01, 0.02, 0.02, 0.04, 0.05, 0.05, 0.04, 0.05, 0.07, 0.07, 0.05, 0.05, 0.06, 0.09, 0.1, 0.1, 0.07, 0.06, 0.12, 0.12, 0.16, 0.17, 0.16, 0.14, 0.19, 0.2, 0.17, 0.17, 0.15, 0.16, 0.21, 0.22, 0.2, 0.16, 0.26, 0.23, 0.26, 0.25, 0.27, 0.28, 0.26, 0.27, 0.28, 0.28, 0.28, 0.3, 0.31, 0.28, 0.31, 0.3, 0.31, 0.33, 0.31, 0.32, 0.33, 0.35, 0.36, 0.32, 0.36, 0.33, 0.48, 0.35, 0.36, 0.49, 0.51, 0.37, 0.38, 0.52, 0.38, 0.41, 0.42, 0.53, 0.54, 0.43, 0.44, 0.56, 0.46, 0.47, 0.57, 0.48, 0.49, 0.58, 0.51, 0.51, 0.53, 0.59, 0.54, 0.52, 0.54, 0.57, 0.6, 0.62, 0.58, 0.53, 0.54, 0.62, 0.62, 0.64, 0.64, 0.65, 0.63, 0.67, 0.67, 0.68, 0.68, 0.69, 0.7, 0.72, 0.73, 0.74, 0.75, 0.77, 0.78, 0.79, 0.69, 0.8, 0.8, 0.7, 0.84, 0.85, 0.86, 0.88, 0.89, 0.9, 0.9, 0.93, 0.69, 0.94, 0.95, 0.73, 0.96, 0.96, 0.99, 1.0, 1.01, 1.02, 1.04, 0.91, 1.06, 1.07, 1.09, 0.72, 1.12, 1.14, 1.15, 1.16, 1.17, 1.19, 1.2, 1.21, 0.7, 1.22, 1.21, 1.22, 1.23, 1.25, 1.26, 1.27, 1.28, 1.3, 1.31]

ILAO*:
Tiempo requerido: 6.684
Iteraciones requeridas: 161
Nodos expandidos: 161

RLAO*:
Tiempo requerido: 2.232
Iteraciones requeridas: 118
Nodos expandidos: 211

BLAO*:
Tiempo requerido: 3.623
Iteraciones requeridas: 82
Nodos expandidos: 200

VI:
Tiempo requerido: 1.687
Iteraciones requeridas: 91

Problema 8
-------------------------------------------------------
LAO*:
Tiempo requerido: 49.28
Iteraciones requeridas: 181
Nodos expandidos: 181
Porcentajes del conjunto Z: [0.01, 0.02, 0.02, 0.04, 0.05, 0.05, 0.04, 0.05, 0.07, 0.1, 0.11, 0.07, 0.09, 0.09, 0.11, 0.14, 0.15, 0.09, 0.11, 0.1, 0.19, 0.2, 0.12, 0.2, 0.22, 0.23, 0.25, 0.14, 0.26, 0.27, 0.15, 0.28, 0.3, 0.3, 0.32, 0.16, 0.33, 0.35, 0.17, 0.36, 0.19, 0.37, 0.2, 0.38, 0.4, 0.37, 0.42, 0.21, 0.43, 0.44, 0.46, 0.47, 0.47, 0.49, 0.51, 0.22, 0.22, 0.25, 0.46, 0.53, 0.25, 0.54, 0.27, 0.56, 0.57, 0.28, 0.58, 0.59, 0.3, 0.6, 0.62, 0.31, 0.32, 0.63, 0.64, 0.32, 0.33, 0.35, 0.65, 0.33, 0.37, 0.64, 0.68, 0.69, 0.4, 0.41, 0.65, 0.67, 0.72, 0.72, 0.41, 0.43, 0.68, 0.77, 0.42, 0.78, 0.46, 0.79, 0.8, 0.47, 0.81, 0.8, 0.84, 0.48, 0.84, 0.86, 0.88, 0.49, 0.51, 0.89, 0.9, 0.91, 0.93, 0.94, 0.95, 0.96, 0.98, 0.98, 0.99, 1.0, 1.01, 0.9, 1.04, 1.05, 1.06, 1.07, 1.09, 1.1, 0.52, 1.11, 1.11, 1.12, 1.14, 1.14, 1.14, 1.16, 1.15, 1.17, 0.91, 1.16, 1.23, 1.25, 1.25, 1.27, 1.28, 1.28, 1.31, 1.31, 1.32, 1.33, 1.33, 1.33, 1.37, 1.36, 1.01, 1.37, 1.44, 1.44, 1.47, 1.48, 1.49, 1.51, 1.52, 1.53, 1.54, 0.53, 1.56, 1.57, 1.58, 1.58, 1.6, 0.93, 1.62, 1.63, 1.63, 1.65, 1.67, 1.67, 1.69, 1.7, 1.72]

ILAO*:
Tiempo requerido: 6.707
Iteraciones requeridas: 180
Nodos expandidos: 180

RLAO*:
Tiempo requerido: 2.637
Iteraciones requeridas: 124
Nodos expandidos: 269

BLAO*:
Tiempo requerido: 4.186
Iteraciones requeridas: 85
Nodos expandidos: 246

VI:
Tiempo requerido: 1.702
Iteraciones requeridas: 91

Problema 9
-------------------------------------------------------
LAO*:
Tiempo requerido: 47.069
Iteraciones requeridas: 173
Nodos expandidos: 173
Porcentajes del conjunto Z: [0.01, 0.02, 0.02, 0.02, 0.05, 0.05, 0.06, 0.06, 0.09, 0.05, 0.07, 0.1, 0.07, 0.12, 0.07, 0.1, 0.14, 0.15, 0.11, 0.16, 0.17, 0.12, 0.14, 0.19, 0.14, 0.2, 0.21, 0.22, 0.15, 0.16, 0.17, 0.23, 0.17, 0.25, 0.16, 0.17, 0.2, 0.26, 0.21, 0.27, 0.17, 0.23, 0.28, 0.23, 0.3, 0.3, 0.31, 0.32, 0.33, 0.35, 0.31, 0.31, 0.33, 0.36, 0.33, 0.36, 0.37, 0.37, 0.4, 0.41, 0.37, 0.42, 0.38, 0.44, 0.38, 0.4, 0.46, 0.47, 0.41, 0.48, 0.49, 0.51, 0.52, 0.42, 0.42, 0.44, 0.53, 0.54, 0.44, 0.43, 0.48, 0.56, 0.56, 0.58, 0.59, 0.47, 0.51, 0.6, 0.62, 0.63, 0.48, 0.53, 0.64, 0.65, 0.54, 0.67, 0.67, 0.69, 0.56, 0.7, 0.57, 0.58, 0.72, 0.73, 0.59, 0.73, 0.75, 0.77, 0.6, 0.74, 0.79, 0.8, 0.81, 0.83, 0.84, 0.84, 0.86, 0.88, 0.89, 0.9, 0.9, 0.93, 0.79, 0.94, 0.81, 0.96, 0.98, 0.99, 0.99, 1.01, 0.86, 1.04, 1.05, 0.62, 0.63, 1.06, 1.07, 0.94, 1.09, 0.95, 0.83, 1.1, 0.96, 1.11, 1.12, 1.14, 1.15, 1.15, 1.17, 1.19, 1.2, 0.81, 1.23, 1.25, 1.26, 1.27, 1.28, 1.3, 1.31, 1.32, 0.64, 1.33, 1.32, 0.98, 1.33, 0.99, 1.35, 1.36, 1.37, 1.38, 1.4, 1.41, 1.42]

ILAO*:
Tiempo requerido: 7.667
Iteraciones requeridas: 173
Nodos expandidos: 173

RLAO*:
Tiempo requerido: 2.778
Iteraciones requeridas: 115
Nodos expandidos: 234

BLAO*:
Tiempo requerido: 4.58
Iteraciones requeridas: 88
Nodos expandidos: 233

VI:
Tiempo requerido: 2.163
Iteraciones requeridas: 91

Problema 10
-------------------------------------------------------
LAO*:
Tiempo requerido: 55.059
Iteraciones requeridas: 177
Nodos expandidos: 177
Porcentajes del conjunto Z: [0.01, 0.02, 0.04, 0.02, 0.02, 0.05, 0.04, 0.07, 0.07, 0.05, 0.06, 0.1, 0.12, 0.11, 0.14, 0.15, 0.09, 0.15, 0.19, 0.16, 0.2, 0.21, 0.1, 0.2, 0.25, 0.25, 0.11, 0.27, 0.26, 0.28, 0.12, 0.31, 0.27, 0.31, 0.14, 0.15, 0.28, 0.33, 0.36, 0.15, 0.37, 0.16, 0.3, 0.4, 0.16, 0.41, 0.42, 0.2, 0.2, 0.43, 0.22, 0.44, 0.22, 0.46, 0.25, 0.48, 0.49, 0.49, 0.26, 0.52, 0.53, 0.53, 0.27, 0.56, 0.57, 0.58, 0.53, 0.57, 0.59, 0.62, 0.28, 0.64, 0.64, 0.3, 0.67, 0.65, 0.68, 0.69, 0.31, 0.32, 0.72, 0.67, 0.73, 0.32, 0.35, 0.75, 0.77, 0.78, 0.79, 0.79, 0.36, 0.81, 0.81, 0.83, 0.37, 0.38, 0.85, 0.85, 0.86, 0.4, 0.88, 0.89, 0.86, 0.91, 0.41, 0.42, 0.9, 0.94, 0.88, 0.43, 0.96, 0.89, 0.93, 1.0, 0.44, 1.02, 1.02, 0.46, 1.05, 1.06, 1.07, 1.09, 1.1, 1.11, 1.12, 1.12, 1.14, 1.14, 1.16, 1.05, 1.19, 1.2, 1.21, 1.22, 1.23, 1.25, 1.25, 1.27, 0.47, 0.48, 1.3, 1.31, 1.07, 1.32, 1.33, 1.35, 1.36, 1.36, 1.38, 1.4, 1.41, 1.41, 1.42, 1.43, 1.44, 1.46, 1.47, 1.36, 1.49, 1.51, 1.26, 1.53, 1.54, 0.48, 0.51, 1.57, 1.57, 1.59, 1.09, 1.6, 1.62, 1.63, 1.64, 1.65, 1.67, 1.68, 1.68]

ILAO*:
Tiempo requerido: 6.846
Iteraciones requeridas: 177
Nodos expandidos: 177

RLAO*:
Tiempo requerido: 2.736
Iteraciones requeridas: 115
Nodos expandidos: 233

BLAO*:
Tiempo requerido: 4.116
Iteraciones requeridas: 85
Nodos expandidos: 228

VI:
Tiempo requerido: 1.714
Iteraciones requeridas: 91

Media tiempo LAO: 50.955
Media iteraciones LAO: 181.3
Media expansiones LAO: 181.3

Media tiempo RLAO: 2.567
Media iteraciones RLAO: 117.5
Media expansiones RLAO: 249.1

Media tiempo ILAO: 7.226
Media iteraciones ILAO: 181.0
Media expansiones ILAO: 181.0

Media tiempo BLAO: 4.298
Media iteraciones BLAO: 88.4
Media expansiones BLAO: 238.9

Media tiempo VI: 1.832
Media iteraciones VI: 91.0

-------------------------------------------------------
