Problema 1
-------------------------------------------------------
LAO*:
Tiempo requerido: 16.144
Nodos expandidos: 123
Porcentajes del conjunto Z: [0.02, 0.04, 0.04, 0.06, 0.08, 0.1, 0.08, 0.12, 0.14, 0.1, 0.12, 0.16, 0.18, 0.2, 0.14, 0.16, 0.2, 0.24, 0.18, 0.27, 0.29, 0.2, 0.31, 0.33, 0.35, 0.33, 0.39, 0.22, 0.37, 0.43, 0.43, 0.24, 0.47, 0.49, 0.27, 0.51, 0.29, 0.53, 0.55, 0.31, 0.33, 0.57, 0.59, 0.35, 0.61, 0.61, 0.65, 0.37, 0.65, 0.69, 0.63, 0.71, 0.39, 0.65, 0.73, 0.67, 0.76, 0.41, 0.78, 0.69, 0.88, 0.43, 0.45, 0.9, 0.92, 0.47, 0.94, 0.94, 0.98, 1.0, 1.02, 0.49, 0.51, 1.04, 1.04, 1.08, 1.1, 1.12, 1.12, 1.14, 1.16, 1.2, 1.22, 1.22, 1.27, 1.0, 1.31, 1.33, 1.35, 1.37, 1.39, 1.41, 1.43, 0.96, 0.96, 1.45, 1.06, 1.47, 1.49, 1.51, 0.53, 1.08, 1.55, 1.57, 1.59, 1.61, 1.63, 1.65, 1.65, 1.67, 1.67, 1.69, 1.0, 1.76, 1.71, 1.82, 1.82, 1.86, 1.84, 1.88, 1.9, 1.92, 1.94]

ILAO*:
Tiempo requerido: 2.797
Nodos expandidos: 122

RLAO*:
Tiempo requerido: 0.807
Nodos expandidos: 168

BLAO*:
Tiempo requerido: 1.399
Nodos expandidos: 156

VI:
Tiempo requerido: 0.981
Numero de iteraciones: 91
-------------------------------------------------------
Problema 2
-------------------------------------------------------
LAO*:
Tiempo requerido: 17.286
Nodos expandidos: 134
Porcentajes del conjunto Z: [0.02, 0.04, 0.04, 0.06, 0.04, 0.06, 0.04, 0.12, 0.14, 0.08, 0.08, 0.08, 0.1, 0.16, 0.16, 0.2, 0.22, 0.24, 0.14, 0.12, 0.22, 0.29, 0.18, 0.24, 0.31, 0.2, 0.22, 0.37, 0.39, 0.24, 0.41, 0.43, 0.27, 0.45, 0.47, 0.29, 0.29, 0.33, 0.47, 0.51, 0.31, 0.53, 0.31, 0.33, 0.39, 0.55, 0.39, 0.55, 0.59, 0.45, 0.61, 0.57, 0.65, 0.47, 0.65, 0.69, 0.71, 0.49, 0.71, 0.76, 0.78, 0.8, 0.82, 0.84, 0.51, 0.78, 0.88, 0.53, 0.9, 0.92, 0.92, 0.55, 0.96, 0.94, 1.0, 0.57, 1.02, 1.04, 0.59, 1.06, 1.08, 0.61, 1.1, 1.1, 1.14, 1.16, 1.18, 0.63, 1.18, 1.22, 1.24, 1.24, 1.29, 1.31, 1.33, 1.35, 1.37, 1.16, 1.41, 1.43, 1.45, 1.47, 1.49, 1.49, 1.29, 1.55, 1.57, 1.59, 1.61, 1.61, 1.63, 1.65, 1.18, 1.69, 1.71, 0.65, 0.67, 1.73, 1.73, 1.78, 1.8, 1.82, 1.82, 1.86, 1.88, 1.9, 1.92, 1.94, 1.96, 1.96, 2.0, 2.02, 2.04, 2.06]

ILAO*:
Tiempo requerido: 2.373
Nodos expandidos: 134

RLAO*:
Tiempo requerido: 0.799
Nodos expandidos: 196

BLAO*:
Tiempo requerido: 1.532
Nodos expandidos: 194

VI:
Tiempo requerido: 0.845
Numero de iteraciones: 91
-------------------------------------------------------
Problema 3
-------------------------------------------------------
LAO*:
Tiempo requerido: 17.65
Nodos expandidos: 129
Porcentajes del conjunto Z: [0.02, 0.04, 0.04, 0.06, 0.08, 0.06, 0.1, 0.12, 0.08, 0.14, 0.16, 0.1, 0.18, 0.18, 0.22, 0.12, 0.24, 0.27, 0.14, 0.27, 0.31, 0.33, 0.33, 0.37, 0.16, 0.18, 0.29, 0.39, 0.43, 0.2, 0.45, 0.47, 0.47, 0.22, 0.24, 0.51, 0.53, 0.27, 0.53, 0.57, 0.29, 0.59, 0.61, 0.31, 0.33, 0.33, 0.63, 0.65, 0.35, 0.39, 0.67, 0.69, 0.71, 0.69, 0.41, 0.76, 0.78, 0.78, 0.43, 0.82, 0.8, 0.86, 0.88, 0.9, 0.45, 0.47, 0.49, 0.88, 0.88, 0.96, 0.98, 1.0, 0.49, 0.51, 0.51, 0.98, 0.51, 1.04, 1.06, 1.08, 0.59, 1.1, 1.12, 1.12, 1.14, 1.14, 1.18, 1.22, 1.24, 1.27, 1.27, 1.31, 1.06, 1.35, 1.37, 1.39, 1.39, 1.43, 1.45, 1.47, 1.49, 1.49, 1.53, 1.51, 1.55, 1.08, 1.57, 1.59, 1.61, 0.61, 0.61, 1.63, 0.65, 1.65, 1.65, 1.69, 1.71, 1.73, 1.76, 1.53, 1.82, 1.84, 1.86, 1.88, 1.9, 1.92, 1.92, 1.96, 1.98]

ILAO*:
Tiempo requerido: 2.155
Nodos expandidos: 128

RLAO*:
Tiempo requerido: 0.538
Nodos expandidos: 177

BLAO*:
Tiempo requerido: 1.285
Nodos expandidos: 166

VI:
Tiempo requerido: 0.934
Numero de iteraciones: 91
-------------------------------------------------------
Problema 4
-------------------------------------------------------
LAO*:
Tiempo requerido: 17.036
Nodos expandidos: 142
Porcentajes del conjunto Z: [0.02, 0.04, 0.04, 0.04, 0.08, 0.1, 0.06, 0.08, 0.12, 0.12, 0.16, 0.08, 0.12, 0.14, 0.16, 0.2, 0.22, 0.12, 0.14, 0.24, 0.29, 0.18, 0.29, 0.33, 0.33, 0.37, 0.39, 0.2, 0.37, 0.41, 0.45, 0.41, 0.22, 0.45, 0.51, 0.53, 0.55, 0.57, 0.47, 0.24, 0.59, 0.63, 0.65, 0.27, 0.29, 0.67, 0.67, 0.71, 0.31, 0.73, 0.69, 0.33, 0.78, 0.8, 0.35, 0.82, 0.82, 0.86, 0.37, 0.86, 0.9, 0.84, 0.92, 0.94, 0.39, 0.88, 0.96, 0.86, 1.04, 0.41, 0.43, 1.06, 1.08, 0.45, 0.47, 0.49, 0.51, 0.53, 1.08, 1.12, 1.14, 0.49, 0.49, 0.57, 1.16, 1.18, 0.53, 0.59, 1.2, 1.22, 1.24, 1.27, 1.29, 1.31, 1.31, 1.35, 1.37, 1.39, 1.41, 1.41, 1.45, 1.22, 1.47, 1.27, 1.51, 0.65, 0.67, 0.67, 1.53, 1.55, 1.57, 1.59, 1.61, 1.61, 1.65, 1.63, 1.69, 1.67, 1.73, 1.29, 1.76, 1.78, 1.8, 1.82, 1.82, 1.86, 1.88, 1.9, 1.92, 1.27, 1.98, 2.0, 2.0, 2.04, 0.67, 0.71, 2.06, 2.06, 2.08, 2.1, 2.14, 2.16]

ILAO*:
Tiempo requerido: 2.41
Nodos expandidos: 141

RLAO*:
Tiempo requerido: 0.834
Nodos expandidos: 181

BLAO*:
Tiempo requerido: 1.364
Nodos expandidos: 179

VI:
Tiempo requerido: 0.847
Numero de iteraciones: 91
-------------------------------------------------------
Problema 5
-------------------------------------------------------
LAO*:
Tiempo requerido: 15.625
Nodos expandidos: 119
Porcentajes del conjunto Z: [0.02, 0.04, 0.04, 0.06, 0.08, 0.1, 0.06, 0.1, 0.1, 0.16, 0.18, 0.08, 0.18, 0.22, 0.22, 0.1, 0.27, 0.29, 0.12, 0.31, 0.33, 0.14, 0.35, 0.37, 0.16, 0.39, 0.39, 0.43, 0.18, 0.2, 0.22, 0.24, 0.45, 0.22, 0.41, 0.49, 0.22, 0.24, 0.31, 0.51, 0.35, 0.53, 0.55, 0.37, 0.37, 0.57, 0.59, 0.61, 0.63, 0.39, 0.59, 0.41, 0.45, 0.47, 0.67, 0.69, 0.49, 0.71, 0.73, 0.51, 0.73, 0.78, 0.8, 0.53, 0.76, 0.84, 0.86, 0.55, 0.88, 0.9, 0.57, 0.59, 0.92, 0.94, 0.96, 0.98, 1.0, 1.02, 1.04, 1.06, 1.08, 1.1, 1.1, 1.14, 0.94, 1.16, 0.98, 1.2, 0.61, 1.22, 1.24, 1.27, 1.29, 1.29, 1.33, 1.35, 1.37, 1.0, 1.39, 1.41, 1.43, 1.45, 1.47, 1.49, 1.51, 1.51, 1.55, 1.53, 1.59, 1.57, 0.98, 1.67, 1.69, 1.71, 0.63, 1.73, 1.76, 1.78, 1.8]

ILAO*:
Tiempo requerido: 2.337
Nodos expandidos: 118

RLAO*:
Tiempo requerido: 0.57
Nodos expandidos: 173

BLAO*:
Tiempo requerido: 1.16
Nodos expandidos: 167

VI:
Tiempo requerido: 0.849
Numero de iteraciones: 91
-------------------------------------------------------
Problema 6
-------------------------------------------------------
LAO*:
Tiempo requerido: 18.371
Nodos expandidos: 151
Porcentajes del conjunto Z: [0.02, 0.04, 0.06, 0.04, 0.06, 0.04, 0.08, 0.12, 0.14, 0.12, 0.14, 0.14, 0.16, 0.12, 0.18, 0.2, 0.18, 0.22, 0.2, 0.24, 0.24, 0.27, 0.27, 0.29, 0.29, 0.31, 0.33, 0.35, 0.37, 0.39, 0.33, 0.41, 0.31, 0.45, 0.47, 0.33, 0.49, 0.51, 0.49, 0.53, 0.35, 0.57, 0.51, 0.59, 0.37, 0.59, 0.63, 0.65, 0.67, 0.53, 0.39, 0.65, 0.71, 0.61, 0.67, 0.73, 0.55, 0.41, 0.8, 0.82, 0.84, 0.69, 0.78, 0.86, 0.57, 0.43, 0.98, 1.02, 0.88, 1.02, 0.45, 0.47, 1.08, 1.1, 1.12, 1.14, 1.16, 0.49, 0.51, 0.51, 1.12, 1.18, 1.12, 1.18, 1.2, 0.55, 1.29, 1.31, 0.57, 1.33, 1.35, 1.35, 0.59, 1.39, 1.41, 1.43, 1.45, 0.61, 1.47, 1.49, 1.49, 1.53, 1.55, 1.57, 1.59, 1.61, 1.61, 1.65, 1.43, 1.69, 1.71, 1.73, 1.76, 1.78, 1.78, 1.82, 1.84, 1.86, 1.45, 1.88, 1.65, 1.9, 1.9, 1.67, 1.94, 0.63, 1.92, 1.69, 1.96, 1.94, 2.02, 1.98, 2.06, 2.08, 2.08, 2.1, 2.1, 2.12, 2.16, 2.16, 2.12, 2.22, 2.24, 2.27, 1.71, 2.37, 2.37, 2.41, 2.43, 2.45, 2.47]

ILAO*:
Tiempo requerido: 2.603
Nodos expandidos: 150

RLAO*:
Tiempo requerido: 0.927
Nodos expandidos: 196

BLAO*:
Tiempo requerido: 1.382
Nodos expandidos: 190

VI:
Tiempo requerido: 0.967
Numero de iteraciones: 91
-------------------------------------------------------
Problema 7
-------------------------------------------------------
LAO*:
Tiempo requerido: 18.181
Nodos expandidos: 139
Porcentajes del conjunto Z: [0.02, 0.04, 0.04, 0.04, 0.06, 0.08, 0.1, 0.1, 0.08, 0.14, 0.16, 0.1, 0.12, 0.18, 0.2, 0.14, 0.2, 0.24, 0.27, 0.16, 0.22, 0.29, 0.31, 0.18, 0.24, 0.31, 0.35, 0.27, 0.43, 0.2, 0.39, 0.45, 0.49, 0.51, 0.53, 0.55, 0.22, 0.57, 0.41, 0.47, 0.55, 0.43, 0.63, 0.24, 0.43, 0.43, 0.49, 0.65, 0.27, 0.67, 0.51, 0.82, 0.29, 0.82, 0.31, 0.86, 0.88, 0.33, 0.33, 0.9, 0.92, 0.35, 0.35, 0.37, 0.92, 0.96, 0.98, 1.0, 1.02, 1.04, 1.06, 0.98, 0.43, 0.43, 0.47, 1.1, 0.47, 1.12, 0.51, 1.14, 1.16, 1.16, 1.2, 0.53, 1.16, 1.22, 1.27, 0.55, 1.24, 1.31, 1.33, 1.35, 1.37, 0.57, 1.39, 1.41, 1.43, 1.45, 1.47, 1.49, 1.51, 1.51, 1.55, 1.35, 1.59, 1.61, 1.63, 1.65, 1.65, 1.69, 1.71, 1.71, 1.76, 1.78, 1.37, 1.8, 1.82, 1.84, 0.59, 1.86, 1.88, 1.9, 1.92, 1.92, 1.96, 1.73, 2.0, 2.0, 2.02, 2.04, 2.08, 2.1, 2.12, 2.14, 2.14, 2.18, 2.16, 2.22, 2.24]

ILAO*:
Tiempo requerido: 3.001
Nodos expandidos: 139

RLAO*:
Tiempo requerido: 0.8
Nodos expandidos: 195

BLAO*:
Tiempo requerido: 1.647
Nodos expandidos: 190

VI:
Tiempo requerido: 0.887
Numero de iteraciones: 91
-------------------------------------------------------
Problema 8
-------------------------------------------------------
LAO*:
Tiempo requerido: 15.833
Nodos expandidos: 126
Porcentajes del conjunto Z: [0.02, 0.04, 0.04, 0.06, 0.08, 0.08, 0.06, 0.08, 0.14, 0.16, 0.08, 0.18, 0.2, 0.1, 0.1, 0.12, 0.14, 0.2, 0.24, 0.27, 0.29, 0.31, 0.33, 0.27, 0.35, 0.14, 0.16, 0.39, 0.41, 0.22, 0.24, 0.41, 0.45, 0.47, 0.27, 0.49, 0.51, 0.29, 0.53, 0.55, 0.31, 0.33, 0.57, 0.33, 0.59, 0.37, 0.37, 0.37, 0.61, 0.35, 0.43, 0.63, 0.37, 0.65, 0.49, 0.67, 0.69, 0.51, 0.51, 0.71, 0.53, 0.71, 0.76, 0.57, 0.78, 0.73, 0.8, 0.84, 0.59, 0.61, 0.86, 0.88, 0.63, 0.9, 0.92, 0.65, 0.67, 0.94, 0.96, 0.98, 1.0, 1.02, 1.04, 1.06, 1.08, 1.1, 1.12, 0.96, 1.14, 1.0, 1.18, 1.2, 0.67, 0.71, 1.22, 1.24, 1.27, 1.29, 1.29, 1.33, 1.35, 1.37, 1.37, 1.39, 1.41, 1.02, 1.45, 1.47, 1.49, 1.51, 1.53, 1.55, 1.31, 1.57, 1.59, 1.59, 1.63, 1.0, 1.69, 1.71, 0.73, 0.76, 1.73, 1.76, 1.78, 1.8]

ILAO*:
Tiempo requerido: 2.327
Nodos expandidos: 126

RLAO*:
Tiempo requerido: 1.041
Nodos expandidos: 174

BLAO*:
Tiempo requerido: 1.56
Nodos expandidos: 172

VI:
Tiempo requerido: 1.008
Numero de iteraciones: 91
-------------------------------------------------------
Problema 9
-------------------------------------------------------
LAO*:
Tiempo requerido: 17.502
Nodos expandidos: 133
Porcentajes del conjunto Z: [0.02, 0.04, 0.04, 0.04, 0.06, 0.08, 0.1, 0.08, 0.12, 0.16, 0.1, 0.12, 0.16, 0.14, 0.22, 0.14, 0.16, 0.16, 0.2, 0.27, 0.29, 0.18, 0.18, 0.22, 0.33, 0.35, 0.24, 0.37, 0.39, 0.27, 0.41, 0.41, 0.45, 0.47, 0.29, 0.47, 0.51, 0.31, 0.53, 0.55, 0.33, 0.33, 0.35, 0.37, 0.39, 0.41, 0.43, 0.57, 0.59, 0.47, 0.59, 0.49, 0.63, 0.51, 0.53, 0.53, 0.65, 0.55, 0.67, 0.55, 0.59, 0.69, 0.71, 0.73, 0.63, 0.73, 0.78, 0.65, 0.67, 0.8, 0.8, 0.84, 0.86, 0.69, 0.84, 0.88, 0.92, 0.71, 0.9, 0.96, 0.98, 0.73, 1.0, 1.02, 1.04, 1.06, 0.76, 0.78, 1.08, 1.1, 1.12, 1.14, 1.16, 1.18, 1.18, 1.22, 1.04, 1.27, 1.29, 1.31, 1.31, 1.35, 1.37, 1.39, 1.41, 1.43, 1.45, 1.06, 1.47, 1.49, 1.51, 0.8, 1.53, 1.55, 1.57, 1.57, 1.61, 1.63, 1.65, 1.65, 1.69, 1.71, 1.71, 1.76, 1.73, 1.78, 1.76, 1.84, 1.8, 1.88, 1.9, 1.9, 1.94]

ILAO*:
Tiempo requerido: 2.681
Nodos expandidos: 132

RLAO*:
Tiempo requerido: 0.908
Nodos expandidos: 174

BLAO*:
Tiempo requerido: 1.566
Nodos expandidos: 174

VI:
Tiempo requerido: 0.919
Numero de iteraciones: 91
-------------------------------------------------------
Problema 10
-------------------------------------------------------
LAO*:
Tiempo requerido: 17.011
Nodos expandidos: 121
Porcentajes del conjunto Z: [0.02, 0.04, 0.04, 0.06, 0.08, 0.06, 0.1, 0.1, 0.14, 0.08, 0.14, 0.18, 0.2, 0.1, 0.12, 0.2, 0.24, 0.27, 0.14, 0.22, 0.29, 0.31, 0.31, 0.16, 0.24, 0.35, 0.37, 0.18, 0.2, 0.22, 0.27, 0.39, 0.29, 0.49, 0.22, 0.27, 0.49, 0.53, 0.55, 0.29, 0.31, 0.51, 0.59, 0.31, 0.61, 0.35, 0.63, 0.37, 0.65, 0.65, 0.69, 0.39, 0.71, 0.73, 0.41, 0.76, 0.78, 0.43, 0.45, 0.47, 0.8, 0.82, 0.84, 0.86, 0.49, 0.82, 0.86, 0.92, 0.51, 0.84, 0.94, 0.96, 0.53, 0.86, 1.02, 1.02, 1.06, 1.08, 1.1, 0.55, 1.12, 1.14, 1.16, 1.18, 1.2, 1.22, 1.24, 1.08, 1.29, 1.31, 1.33, 1.35, 1.37, 1.39, 1.39, 1.43, 1.45, 1.47, 1.47, 1.51, 1.1, 1.53, 1.55, 0.57, 1.57, 1.57, 1.61, 1.63, 1.65, 1.41, 1.67, 1.69, 1.71, 1.73, 1.76, 1.76, 1.8, 1.82, 1.84, 1.86, 1.88]

ILAO*:
Tiempo requerido: 2.736
Nodos expandidos: 121

RLAO*:
Tiempo requerido: 0.941
Nodos expandidos: 177

BLAO*:
Tiempo requerido: 1.671
Nodos expandidos: 161

VI:
Tiempo requerido: 1.131
Numero de iteraciones: 91
-------------------------------------------------------
