Problema 1
-------------------------------------------------------
LAO*:
Tiempo requerido: 4.351
Nodos expandidos: 88
Porcentajes del conjunto Z: [0.04, 0.08, 0.08, 0.12, 0.16, 0.12, 0.2, 0.24, 0.28, 0.16, 0.28, 0.28, 0.4, 0.44, 0.48, 0.52, 0.52, 0.6, 0.2, 0.36, 0.48, 0.32, 0.56, 0.76, 0.24, 0.6, 0.36, 0.4, 0.96, 1.0, 0.28, 1.0, 1.08, 1.12, 1.16, 0.32, 1.12, 1.24, 0.36, 1.28, 1.32, 0.4, 0.44, 1.36, 0.48, 1.4, 0.48, 1.44, 0.52, 0.52, 1.48, 1.52, 0.64, 1.56, 1.6, 1.64, 1.68, 1.72, 1.72, 1.8, 1.84, 1.88, 1.92, 0.68, 1.96, 2.0, 1.64, 2.08, 2.12, 2.12, 2.16, 2.2, 2.28, 2.32, 2.36, 2.4, 2.44, 2.48, 2.48, 1.68, 2.56, 2.56, 2.64, 2.68, 2.72, 2.72, 2.8, 2.84]

ILAO*:
Tiempo requerido: 0.589
Nodos expandidos: 88

RLAO*:
Tiempo requerido: 0.223
Nodos expandidos: 132

BLAO*:
Tiempo requerido: 0.411
Nodos expandidos: 127

VI:
Tiempo requerido: 0.432
Numero de iteraciones: 91
-------------------------------------------------------
Problema 2
-------------------------------------------------------
LAO*:
Tiempo requerido: 5.03
Nodos expandidos: 108
Porcentajes del conjunto Z: [0.04, 0.08, 0.08, 0.12, 0.12, 0.16, 0.16, 0.16, 0.16, 0.2, 0.16, 0.24, 0.28, 0.28, 0.24, 0.16, 0.24, 0.28, 0.44, 0.28, 0.4, 0.32, 0.56, 0.68, 0.4, 0.4, 0.52, 0.76, 0.4, 0.44, 0.72, 0.8, 0.44, 0.56, 0.84, 0.48, 0.6, 0.76, 0.76, 0.92, 1.0, 0.64, 0.68, 1.08, 1.12, 0.84, 1.08, 0.68, 0.72, 1.2, 0.88, 1.28, 0.72, 0.76, 1.4, 1.36, 1.4, 0.76, 0.8, 1.44, 1.48, 0.8, 0.84, 1.56, 0.84, 1.6, 0.88, 1.96, 0.88, 2.04, 2.08, 2.12, 2.12, 2.2, 2.24, 2.28, 2.28, 2.36, 2.4, 2.4, 2.44, 2.0, 2.48, 2.48, 2.08, 2.56, 2.52, 2.16, 2.64, 2.68, 2.72, 2.76, 2.76, 2.84, 2.88, 0.92, 0.96, 2.96, 3.0, 2.12, 3.04, 2.64, 2.28, 3.16, 3.2, 3.24, 3.28, 3.32]

ILAO*:
Tiempo requerido: 0.845
Nodos expandidos: 110

RLAO*:
Tiempo requerido: 0.283
Nodos expandidos: 143

BLAO*:
Tiempo requerido: 0.456
Nodos expandidos: 144

VI:
Tiempo requerido: 0.496
Numero de iteraciones: 91
-------------------------------------------------------
Problema 3
-------------------------------------------------------
LAO*:
Tiempo requerido: 4.811
Nodos expandidos: 102
Porcentajes del conjunto Z: [0.04, 0.08, 0.12, 0.12, 0.08, 0.2, 0.24, 0.24, 0.16, 0.2, 0.32, 0.36, 0.4, 0.24, 0.4, 0.4, 0.52, 0.28, 0.32, 0.56, 0.44, 0.6, 0.36, 0.36, 0.6, 0.68, 0.48, 0.68, 0.76, 0.44, 0.8, 0.52, 0.84, 0.96, 1.04, 0.48, 0.52, 0.88, 1.12, 0.92, 1.16, 1.24, 0.56, 0.56, 1.28, 0.56, 1.32, 0.6, 0.64, 1.36, 0.64, 1.4, 0.68, 1.4, 0.68, 1.48, 1.52, 1.56, 1.6, 1.64, 0.68, 0.76, 1.52, 1.52, 1.76, 0.96, 1.0, 1.8, 1.84, 1.88, 1.92, 1.96, 2.0, 2.04, 2.08, 2.12, 1.04, 2.16, 2.2, 2.2, 2.28, 1.88, 2.36, 2.36, 2.44, 2.48, 2.52, 2.56, 2.6, 2.6, 2.68, 2.72, 2.72, 2.8, 1.92, 2.84, 2.88, 2.4, 2.96, 3.0, 3.04, 3.08]

ILAO*:
Tiempo requerido: 0.586
Nodos expandidos: 101

RLAO*:
Tiempo requerido: 0.384
Nodos expandidos: 137

BLAO*:
Tiempo requerido: 0.312
Nodos expandidos: 136

VI:
Tiempo requerido: 0.437
Numero de iteraciones: 91
-------------------------------------------------------
Problema 4
-------------------------------------------------------
LAO*:
Tiempo requerido: 4.941
Nodos expandidos: 98
Porcentajes del conjunto Z: [0.04, 0.08, 0.08, 0.12, 0.16, 0.2, 0.24, 0.28, 0.16, 0.12, 0.12, 0.2, 0.32, 0.32, 0.2, 0.44, 0.2, 0.2, 0.52, 0.24, 0.52, 0.24, 0.2, 0.32, 0.32, 0.6, 0.32, 0.72, 0.24, 0.52, 0.96, 1.0, 0.56, 0.56, 0.64, 1.04, 0.64, 1.08, 0.72, 1.12, 1.16, 1.2, 0.76, 1.24, 1.24, 1.32, 1.2, 1.4, 0.8, 1.44, 0.84, 1.48, 0.84, 0.88, 1.52, 0.88, 1.52, 1.6, 1.0, 0.92, 1.6, 1.68, 1.04, 1.12, 1.72, 1.76, 1.8, 1.84, 1.84, 1.92, 1.96, 2.0, 2.04, 1.16, 2.08, 2.12, 2.12, 2.2, 1.8, 2.28, 2.32, 2.36, 2.4, 2.4, 2.48, 2.52, 2.56, 2.6, 2.6, 2.68, 2.68, 1.84, 2.76, 2.8, 2.84, 2.88, 2.92, 2.96]

ILAO*:
Tiempo requerido: 0.702
Nodos expandidos: 97

RLAO*:
Tiempo requerido: 0.422
Nodos expandidos: 128

BLAO*:
Tiempo requerido: 0.389
Nodos expandidos: 127

VI:
Tiempo requerido: 0.627
Numero de iteraciones: 91
-------------------------------------------------------
Problema 5
-------------------------------------------------------
LAO*:
Tiempo requerido: 6.053
Nodos expandidos: 100
Porcentajes del conjunto Z: [0.04, 0.08, 0.08, 0.08, 0.16, 0.2, 0.12, 0.24, 0.28, 0.32, 0.36, 0.16, 0.32, 0.44, 0.2, 0.48, 0.52, 0.24, 0.28, 0.32, 0.36, 0.56, 0.36, 0.6, 0.44, 0.64, 0.68, 0.48, 0.48, 0.56, 0.6, 0.72, 0.72, 0.8, 0.64, 0.68, 0.84, 0.88, 0.92, 0.96, 1.0, 1.04, 1.08, 0.76, 0.76, 0.88, 0.72, 1.12, 0.84, 1.2, 0.88, 0.76, 1.4, 0.76, 1.44, 0.8, 0.88, 1.48, 1.52, 0.92, 0.96, 1.52, 1.6, 0.96, 1.6, 1.68, 1.72, 1.76, 1.8, 1.84, 1.88, 1.88, 1.92, 1.96, 2.04, 1.04, 1.56, 2.12, 2.16, 1.76, 2.24, 2.28, 2.28, 2.36, 2.4, 2.44, 2.48, 2.52, 2.56, 2.6, 2.6, 1.8, 2.68, 2.68, 2.76, 2.8, 2.8, 2.88, 2.92, 2.96]

ILAO*:
Tiempo requerido: 0.904
Nodos expandidos: 99

RLAO*:
Tiempo requerido: 0.392
Nodos expandidos: 132

BLAO*:
Tiempo requerido: 0.593
Nodos expandidos: 131

VI:
Tiempo requerido: 0.767
Numero de iteraciones: 91
-------------------------------------------------------
Problema 6
-------------------------------------------------------
LAO*:
Tiempo requerido: 4.701
Nodos expandidos: 86
Porcentajes del conjunto Z: [0.04, 0.08, 0.08, 0.12, 0.16, 0.12, 0.2, 0.24, 0.16, 0.28, 0.28, 0.36, 0.2, 0.24, 0.4, 0.44, 0.28, 0.48, 0.52, 0.32, 0.36, 0.56, 0.6, 0.36, 0.4, 0.48, 0.64, 0.68, 0.52, 0.72, 0.76, 0.56, 0.76, 0.84, 0.6, 0.88, 0.8, 0.92, 0.96, 1.0, 1.04, 1.08, 0.84, 0.64, 0.68, 1.04, 1.24, 0.72, 1.28, 1.32, 1.36, 1.4, 1.44, 1.48, 1.52, 1.56, 1.6, 0.76, 1.6, 1.68, 1.64, 1.76, 1.72, 1.68, 1.88, 1.36, 1.96, 1.96, 2.04, 2.08, 2.08, 2.16, 2.12, 2.2, 2.16, 2.32, 2.36, 2.4, 2.4, 1.4, 2.48, 2.52, 2.56, 2.6, 2.64, 2.68]

ILAO*:
Tiempo requerido: 0.681
Nodos expandidos: 86

RLAO*:
Tiempo requerido: 0.278
Nodos expandidos: 121

BLAO*:
Tiempo requerido: 0.378
Nodos expandidos: 103

VI:
Tiempo requerido: 0.526
Numero de iteraciones: 91
-------------------------------------------------------
Problema 7
-------------------------------------------------------
LAO*:
Tiempo requerido: 4.274
Nodos expandidos: 91
Porcentajes del conjunto Z: [0.04, 0.08, 0.08, 0.16, 0.2, 0.12, 0.16, 0.28, 0.16, 0.32, 0.32, 0.4, 0.2, 0.4, 0.48, 0.52, 0.24, 0.56, 0.6, 0.28, 0.64, 0.68, 0.68, 0.76, 0.32, 0.76, 0.84, 0.36, 0.88, 0.92, 0.96, 1.0, 1.0, 0.92, 0.4, 1.08, 1.12, 1.16, 1.16, 1.24, 1.0, 1.28, 1.4, 0.44, 0.48, 1.44, 0.48, 1.48, 0.56, 1.52, 0.6, 1.52, 0.64, 1.6, 1.64, 1.64, 1.72, 1.76, 1.8, 1.8, 1.88, 1.92, 1.96, 2.0, 1.56, 0.68, 2.04, 1.6, 2.08, 1.8, 2.12, 2.16, 1.8, 2.24, 2.28, 2.32, 2.36, 2.4, 2.4, 2.48, 2.52, 2.56, 2.56, 1.68, 2.64, 1.92, 2.68, 2.72, 2.76, 2.8, 2.84]

ILAO*:
Tiempo requerido: 0.601
Nodos expandidos: 91

RLAO*:
Tiempo requerido: 0.26
Nodos expandidos: 137

BLAO*:
Tiempo requerido: 0.384
Nodos expandidos: 127

VI:
Tiempo requerido: 0.435
Numero de iteraciones: 91
-------------------------------------------------------
Problema 8
-------------------------------------------------------
LAO*:
Tiempo requerido: 4.197
Nodos expandidos: 83
Porcentajes del conjunto Z: [0.04, 0.08, 0.08, 0.12, 0.16, 0.16, 0.12, 0.16, 0.24, 0.28, 0.2, 0.32, 0.36, 0.24, 0.28, 0.4, 0.44, 0.28, 0.32, 0.48, 0.52, 0.36, 0.36, 0.44, 0.56, 0.6, 0.52, 0.64, 0.68, 0.56, 0.68, 0.76, 0.8, 0.6, 0.8, 0.88, 0.64, 0.92, 0.68, 0.96, 0.84, 0.96, 0.68, 0.76, 1.04, 0.88, 1.08, 1.2, 0.8, 1.2, 1.28, 1.32, 1.36, 1.4, 1.44, 1.48, 1.52, 1.56, 1.6, 0.84, 0.88, 1.64, 1.68, 1.36, 1.76, 1.76, 1.84, 1.88, 1.92, 1.96, 2.0, 2.04, 2.08, 2.12, 2.12, 1.4, 2.2, 2.24, 2.28, 2.32, 2.36, 2.36, 2.44]

ILAO*:
Tiempo requerido: 0.516
Nodos expandidos: 82

RLAO*:
Tiempo requerido: 0.252
Nodos expandidos: 118

BLAO*:
Tiempo requerido: 0.336
Nodos expandidos: 100

VI:
Tiempo requerido: 0.426
Numero de iteraciones: 91
-------------------------------------------------------
Problema 9
-------------------------------------------------------
LAO*:
Tiempo requerido: 4.745
Nodos expandidos: 101
Porcentajes del conjunto Z: [0.04, 0.08, 0.12, 0.08, 0.16, 0.16, 0.2, 0.2, 0.2, 0.16, 0.28, 0.32, 0.24, 0.2, 0.36, 0.4, 0.28, 0.24, 0.28, 0.44, 0.48, 0.32, 0.32, 0.52, 0.56, 0.6, 0.32, 0.56, 0.36, 0.4, 0.68, 0.72, 0.76, 0.68, 0.72, 0.76, 0.84, 0.76, 0.8, 0.88, 0.92, 0.92, 0.84, 0.88, 1.0, 0.84, 1.04, 0.92, 0.96, 1.08, 0.92, 0.96, 1.0, 0.96, 1.12, 1.16, 1.04, 1.0, 1.2, 1.08, 1.24, 1.28, 1.32, 1.36, 1.36, 1.44, 1.48, 1.52, 1.52, 1.6, 1.04, 1.08, 1.64, 1.68, 1.68, 1.76, 1.72, 1.28, 1.88, 1.84, 1.96, 2.0, 2.0, 2.08, 2.12, 2.16, 2.16, 2.24, 2.2, 1.08, 2.28, 1.4, 1.2, 2.28, 1.32, 2.36, 2.4, 2.44, 2.48, 2.52, 2.56]

ILAO*:
Tiempo requerido: 0.819
Nodos expandidos: 103

RLAO*:
Tiempo requerido: 0.284
Nodos expandidos: 145

BLAO*:
Tiempo requerido: 0.617
Nodos expandidos: 141

VI:
Tiempo requerido: 0.435
Numero de iteraciones: 91
-------------------------------------------------------
Problema 10
-------------------------------------------------------
LAO*:
Tiempo requerido: 4.293
Nodos expandidos: 92
Porcentajes del conjunto Z: [0.04, 0.08, 0.08, 0.12, 0.16, 0.12, 0.2, 0.24, 0.16, 0.28, 0.32, 0.2, 0.24, 0.36, 0.4, 0.24, 0.28, 0.36, 0.44, 0.48, 0.52, 0.4, 0.48, 0.56, 0.64, 0.44, 0.48, 0.52, 0.72, 0.76, 0.52, 0.56, 0.76, 0.84, 0.88, 0.6, 0.6, 0.64, 0.68, 0.88, 0.96, 0.64, 1.0, 0.64, 0.76, 1.04, 0.72, 0.92, 0.96, 1.08, 1.12, 1.0, 1.16, 1.2, 1.24, 1.28, 1.28, 1.36, 1.32, 1.4, 1.36, 1.44, 1.48, 1.52, 1.04, 1.56, 1.6, 1.24, 1.68, 1.68, 1.72, 1.76, 1.84, 1.8, 1.44, 2.0, 2.04, 2.08, 2.12, 2.16, 2.2, 2.2, 2.2, 1.28, 2.32, 2.36, 2.32, 2.32, 1.96, 2.56, 2.6, 2.64]

ILAO*:
Tiempo requerido: 0.55
Nodos expandidos: 92

RLAO*:
Tiempo requerido: 0.294
Nodos expandidos: 127

BLAO*:
Tiempo requerido: 0.479
Nodos expandidos: 127

VI:
Tiempo requerido: 0.466
Numero de iteraciones: 91
-------------------------------------------------------
